orf	hap alpha | utilization of fatty acids (formation of clear zone on agar) | oleic acid [0.1%] | Smith JJ~Aitchison JD, 2006	hap alpha | utilization of fatty acids (formation of clear zone on agar) | tetradecanoic acid [0.125%] | Smith JJ~Aitchison JD, 2006	hap alpha | growth (colony size) | acetate [2%] | Smith JJ~Aitchison JD, 2006
YAL002W	3.0	3.0	3.0
YAL004W	3.0	3.0	3.0
YAL005C	3.0	3.0	3.0
YAL007C	3.0	3.0	3.0
YAL008W	3.0	3.0	3.0
YAL009W	1.0	1.0	1.0
YAL010C	1.0	1.0	1.0
YAL011W	3.0	3.0	3.0
YAL012W	3.0	3.0	3.0
YAL013W	3.0	3.0	3.0
YAL014C	3.0	3.0	3.0
YAL015C	3.0	3.0	3.0
YAL016W	2.0	2.0	2.0
YAL017W	3.0	3.0	3.0
YAL018C	3.0	3.0	3.0
YAL019W	3.0	3.0	3.0
YAL020C	3.0	3.0	3.0
YAL021C	3.0	3.0	3.0
YAL022C	3.0	3.0	3.0
YAL023C	3.0	3.0	3.0
YAL024C	3.0	3.0	2.5
YAL026C	1.0	1.0	1.0
YAL027W	3.0	3.0	3.0
YAL028W	3.0	3.0	3.0
YAL029C	3.0	3.0	3.0
YAL030W	3.0	3.0	3.0
YAL031C	3.0	3.0	3.0
YAL034C	3.0	3.0	3.0
YAL035W	3.0	3.0	3.0
YAL036C	3.0	3.0	3.0
YAL037W	3.0	3.0	3.0
YAL039C	1.0	1.0	2.0
YAL040C	3.0	3.0	3.0
YAL042C-A	3.0	3.0	3.0
YAL042W	3.0	3.0	3.0
YAL044C	1.0	1.0	2.0
YAL045C	3.0	3.0	3.0
YAL046C	3.0	3.0	3.0
YAL047C	1.0	1.0	2.0
YAL048C	3.0	3.0	3.0
YAL049C	3.0	3.0	3.0
YAL051W	1.0	1.0	3.0
YAL053W	3.0	3.0	3.0
YAL054C	2.0	2.0	3.0
YAL055W	3.0	1.0	3.0
YAL056C-A	3.0	3.0	3.0
YAL056W	3.0	3.0	3.0
YAL058W	3.0	3.0	3.0
YAL059W	3.0	3.0	3.0
YAL060W	3.0	3.0	3.0
YAL061W	3.0	3.0	3.0
YAL062W	3.0	3.0	3.0
YAL064C-A	3.0	3.0	3.0
YAL065C	3.0	3.0	3.0
YAL066W	3.0	3.0	3.0
YAL067C	3.0	3.0	3.0
YAL068C	3.0	3.0	3.0
YAR002C-A	3.0	3.0	3.0
YAR002W	3.0	3.0	3.0
YAR003W	3.0	3.0	3.0
YAR014C	3.0	3.0	3.0
YAR015W	3.0	3.0	3.0
YAR018C	3.0	3.0	3.0
YAR020C	3.0	3.0	3.0
YAR023C	3.0	3.0	3.0
YAR027W	3.0	3.0	3.0
YAR028W	3.0	3.0	3.0
YAR029W	3.0	3.0	3.0
YAR030C	3.0	3.0	3.0
YAR031W	3.0	3.0	3.0
YAR035W	3.0	3.0	3.0
YAR042W	3.0	3.0	3.0
YAR047C	3.0	3.0	3.0
YAR050W	3.0	3.0	3.0
YBL001C	3.0	3.0	3.0
YBL002W	3.0	3.0	3.0
YBL003C	3.0	3.0	3.0
YBL005W	3.0	3.0	3.0
YBL006C	3.0	2.0	3.0
YBL007C	3.0	3.0	3.0
YBL008W	3.0	3.0	3.0
YBL009W	3.0	3.0	3.0
YBL010C	3.0	3.0	3.0
YBL011W	1.0	1.0	1.0
YBL012C	3.0	2.0	3.0
YBL013W	3.0	2.0	3.0
YBL015W	3.0	3.0	3.0
YBL016W	3.0	3.0	3.0
YBL017C	3.0	3.0	3.0
YBL019W	1.0	1.0	1.0
YBL021C	1.0	1.0	1.0
YBL022C	3.0	2.0	3.0
YBL024W	3.0	3.0	3.0
YBL025W	1.0	1.0	1.0
YBL027W	1.0	2.0	2.0
YBL028C	3.0	3.0	3.0
YBL029W	3.0	3.0	3.0
YBL031W	1.0	1.0	1.0
YBL032W	1.0	1.0	1.0
YBL033C	1.0	1.0	1.0
YBL036C	1.0	1.0	1.0
YBL037W	3.0	3.0	3.0
YBL038W	1.0	1.0	1.0
YBL039C	3.0	3.0	3.0
YBL042C	3.0	2.0	2.5
YBL043W	3.0	3.0	3.0
YBL044W	3.0	3.0	3.0
YBL045C	1.0	1.0	1.0
YBL046W	1.0	1.0	1.0
YBL047C	3.0	3.0	3.0
YBL048W	3.0	3.0	3.0
YBL049W	3.0	3.0	3.0
YBL051C	3.0	3.0	3.0
YBL052C	3.0	3.0	3.0
YBL053W	1.0	1.0	1.0
YBL054W	3.0	3.0	3.0
YBL055C	3.0	3.0	3.0
YBL056W	3.0	3.0	3.0
YBL057C	1.0	1.0	1.0
YBL058W	1.0	1.0	1.0
YBL059W	3.0	3.0	3.0
YBL060W	3.0	3.0	3.0
YBL061C	3.0	3.0	3.0
YBL062W	1.0	1.0	1.0
YBL063W	3.0	3.0	3.0
YBL064C	3.0	3.0	3.0
YBL065W	3.0	3.0	3.0
YBL066C	3.0	3.0	3.0
YBL067C	3.0	3.0	3.0
YBL068W	3.0	3.0	3.0
YBL069W	3.0	3.0	3.0
YBL070C	3.0	3.0	3.0
YBL071C	3.0	3.0	3.0
YBL072C	3.0	3.0	3.0
YBL075C	3.0	3.0	3.0
YBL078C	3.0	3.0	3.0
YBL079W	3.0	3.0	2.5
YBL080C	1.0	1.0	1.0
YBL081W	3.0	3.0	3.0
YBL082C	1.0	1.0	1.0
YBL083C	3.0	3.0	3.0
YBL085W	3.0	3.0	3.0
YBL086C	3.0	3.0	3.0
YBL087C	3.0	3.0	3.0
YBL088C	3.0	3.0	3.0
YBL089W	3.0	3.0	2.5
YBL090W	1.0	1.0	1.0
YBL091C	3.0	3.0	3.0
YBL091C-A	3.0	3.0	3.0
YBL093C	3.0	2.0	2.0
YBL094C	3.0	3.0	3.0
YBL095W	3.0	3.0	3.0
YBL096C	3.0	3.0	3.0
YBL098W	3.0	3.0	3.0
YBL099W	1.0	1.0	1.0
YBL100C	1.0	1.0	1.0
YBL101C	3.0	3.0	3.0
YBL102W	3.0	3.0	3.0
YBL103C	3.0	3.0	3.0
YBL104C	3.0	3.0	3.0
YBL106C	3.0	3.0	3.0
YBL107C	3.0	3.0	3.0
YBR001C	3.0	3.0	3.0
YBR003W	1.0	1.0	1.0
YBR005W	3.0	3.0	3.0
YBR006W	3.0	3.0	3.0
YBR007C	3.0	3.0	3.0
YBR008C	3.0	3.0	3.0
YBR009C	3.0	3.0	3.0
YBR010W	3.0	3.0	3.0
YBR012C	3.0	3.0	3.0
YBR013C	3.0	3.0	3.0
YBR014C	3.0	3.0	3.0
YBR015C	3.0	3.0	3.0
YBR016W	3.0	3.0	3.0
YBR018C	3.0	3.0	3.0
YBR019C	3.0	3.0	3.0
YBR020W	3.0	3.0	3.0
YBR021W	3.0	1.0	2.5
YBR022W	3.0	3.0	3.0
YBR023C	3.0	3.0	3.0
YBR024W	3.0	3.0	3.0
YBR025C	3.0	3.0	3.0
YBR026C	1.0	1.0	2.0
YBR027C	3.0	3.0	3.0
YBR028C	3.0	3.0	3.0
YBR030W	3.0	3.0	3.0
YBR031W	3.0	3.0	3.0
YBR032W	3.0	3.0	3.0
YBR033W	3.0	3.0	3.0
YBR034C	3.0	3.0	3.0
YBR035C	3.0	3.0	3.0
YBR036C	1.0	1.0	1.0
YBR037C	1.0	1.0	1.0
YBR039W	1.0	1.0	1.0
YBR040W	3.0	3.0	3.0
YBR041W	2.0	2.0	3.0
YBR042C	3.0	3.0	3.0
YBR043C	3.0	3.0	3.0
YBR044C	1.0	1.0	2.0
YBR045C	3.0	3.0	3.0
YBR046C	3.0	3.0	3.0
YBR047W	3.0	3.0	3.0
YBR048W	3.0	3.0	3.0
YBR050C	3.0	3.0	3.0
YBR051W	3.0	3.0	3.0
YBR052C	3.0	3.0	3.0
YBR053C	3.0	3.0	3.0
YBR054W	3.0	3.0	3.0
YBR056W	3.0	3.0	3.0
YBR057C	3.0	3.0	3.0
YBR058C	3.0	3.0	3.0
YBR059C	3.0	3.0	3.0
YBR062C	3.0	3.0	3.0
YBR063C	3.0	3.0	3.0
YBR064W	3.0	3.0	3.0
YBR065C	3.0	3.0	3.0
YBR066C	3.0	3.0	3.0
YBR067C	3.0	3.0	3.0
YBR068C	3.0	3.0	3.0
YBR069C	3.0	3.0	3.0
YBR071W	3.0	3.0	3.0
YBR072W	3.0	3.0	3.0
YBR073W	3.0	3.0	3.0
YBR074W	3.0	3.0	3.0
YBR076W	3.0	3.0	3.0
YBR077C	3.0	3.0	3.0
YBR078W	3.0	3.0	3.0
YBR081C	1.0	1.0	2.0
YBR083W	3.0	3.0	3.0
YBR084C-A	3.0	3.0	3.0
YBR084W	3.0	3.0	2.0
YBR085W	3.0	3.0	3.0
YBR089C-A	3.0	3.0	3.0
YBR090C	3.0	3.0	3.0
YBR092C	3.0	3.0	3.0
YBR093C	3.0	3.0	3.0
YBR094W	3.0	3.0	3.0
YBR095C	3.0	3.0	3.0
YBR096W	3.0	3.0	3.0
YBR097W	1.0	1.0	2.0
YBR098W	3.0	3.0	3.0
YBR099C	3.0	3.0	3.0
YBR101C	3.0	3.0	3.0
YBR103W	3.0	3.0	3.0
YBR104W	3.0	3.0	3.0
YBR105C	3.0	3.0	3.0
YBR106W	3.0	3.0	3.0
YBR107C	3.0	3.0	3.0
YBR108W	3.0	3.0	3.0
YBR111C	3.0	3.0	3.0
YBR112C	1.0	1.0	1.0
YBR113W	3.0	3.0	3.0
YBR114W	3.0	3.0	3.0
YBR115C	3.0	3.0	3.0
YBR116C	3.0	3.0	3.0
YBR117C	3.0	3.0	3.0
YBR119W	3.0	3.0	3.0
YBR120C	3.0	3.0	3.0
YBR125C	3.0	3.0	3.0
YBR126C	3.0	3.0	3.0
YBR127C	1.0	1.0	2.0
YBR128C	1.0	1.0	1.0
YBR129C	3.0	3.0	3.0
YBR130C	3.0	3.0	3.0
YBR131W	3.0	2.0	3.0
YBR132C	3.0	3.0	3.0
YBR133C	3.0	3.0	3.0
YBR134W	2.0	1.0	3.0
YBR137W	3.0	3.0	3.0
YBR138C	3.0	3.0	3.0
YBR139W	3.0	3.0	3.0
YBR141C	3.0	3.0	3.0
YBR144C	3.0	3.0	3.0
YBR145W	3.0	3.0	3.0
YBR146W	1.0	1.0	1.0
YBR147W	3.0	3.0	3.0
YBR148W	3.0	3.0	3.0
YBR149W	3.0	3.0	3.0
YBR150C	3.0	3.0	3.0
YBR151W	3.0	3.0	3.0
YBR156C	3.0	3.0	2.5
YBR157C	3.0	3.0	3.0
YBR158W	3.0	3.0	3.0
YBR159W	3.0	3.0	3.0
YBR161W	3.0	3.0	3.0
YBR162C	3.0	3.0	3.0
YBR162W-A	3.0	3.0	3.0
YBR163W	3.0	3.0	3.0
YBR164C	3.0	3.0	3.0
YBR165W	3.0	3.0	3.0
YBR166C	3.0	3.0	3.0
YBR168W	3.0	3.0	3.0
YBR169C	3.0	3.0	3.0
YBR170C	2.0	2.0	3.0
YBR171W	3.0	3.0	3.0
YBR172C	3.0	3.0	3.0
YBR173C	3.0	3.0	3.0
YBR174C	3.0	3.0	3.0
YBR175W	3.0	3.0	3.0
YBR176W	3.0	3.0	3.0
YBR177C	3.0	3.0	3.0
YBR178W	3.0	3.0	3.0
YBR179C	1.0	1.0	2.0
YBR180W	3.0	3.0	3.0
YBR181C	3.0	3.0	3.0
YBR182C	3.0	3.0	3.0
YBR183W	3.0	3.0	3.0
YBR184W	3.0	3.0	3.0
YBR185C	3.0	3.0	3.0
YBR186W	3.0	3.0	3.0
YBR187W	3.0	3.0	3.0
YBR188C	3.0	3.0	3.0
YBR189W	3.0	1.0	1.0
YBR191W	3.0	3.0	2.0
YBR194W	3.0	3.0	3.0
YBR195C	3.0	3.0	3.0
YBR197C	3.0	3.0	3.0
YBR199W	3.0	3.0	3.0
YBR200W	1.0	1.0	2.0
YBR201W	3.0	3.0	3.0
YBR203W	3.0	3.0	3.0
YBR204C	3.0	3.0	3.0
YBR205W	3.0	3.0	3.0
YBR206W	3.0	3.0	3.0
YBR207W	3.0	3.0	3.0
YBR208C	1.0	1.0	1.0
YBR209W	3.0	3.0	3.0
YBR210W	3.0	3.0	3.0
YBR212W	3.0	3.0	3.0
YBR213W	3.0	3.0	3.0
YBR214W	3.0	3.0	3.0
YBR215W	3.0	3.0	3.0
YBR216C	3.0	3.0	3.0
YBR217W	2.0	3.0	3.0
YBR218C	3.0	3.0	3.0
YBR219C	3.0	3.0	3.0
YBR220C	3.0	3.0	3.0
YBR221C	3.0	3.0	3.0
YBR222C	3.0	3.0	3.0
YBR223C	3.0	3.0	3.0
YBR224W	3.0	3.0	3.0
YBR225W	3.0	3.0	3.0
YBR226C	3.0	3.0	3.0
YBR227C	3.0	3.0	3.0
YBR228W	3.0	3.0	3.0
YBR229C	3.0	3.0	3.0
YBR230C	3.0	3.0	3.0
YBR231C	3.0	3.0	3.0
YBR232C	3.0	3.0	3.0
YBR233W	3.0	3.0	3.0
YBR235W	3.0	3.0	3.0
YBR238C	3.0	3.0	3.0
YBR239C	3.0	3.0	3.0
YBR240C	3.0	3.0	3.0
YBR241C	3.0	3.0	3.0
YBR242W	3.0	3.0	3.0
YBR244W	3.0	3.0	3.0
YBR245C	3.0	3.0	3.0
YBR246W	3.0	3.0	3.0
YBR248C	3.0	3.0	3.0
YBR249C	3.0	3.0	3.0
YBR250W	3.0	3.0	3.0
YBR251W	1.0	1.0	2.0
YBR255W	3.0	3.0	3.0
YBR258C	3.0	3.0	3.0
YBR259W	3.0	3.0	3.0
YBR260C	3.0	3.0	3.0
YBR261C	3.0	3.0	3.0
YBR262C	3.0	3.0	3.0
YBR263W	3.0	3.0	3.0
YBR264C	3.0	3.0	3.0
YBR266C	3.0	3.0	3.0
YBR267W	3.0	3.0	2.5
YBR268W	1.0	1.0	2.0
YBR269C	3.0	3.0	2.0
YBR270C	3.0	3.0	3.0
YBR271W	3.0	3.0	3.0
YBR272C	3.0	3.0	3.0
YBR273C	3.0	3.0	3.0
YBR274W	3.0	3.0	3.0
YBR275C	3.0	3.0	3.0
YBR276C	3.0	3.0	3.0
YBR277C	3.0	3.0	3.0
YBR278W	3.0	3.0	3.0
YBR279W	1.0	1.0	1.0
YBR280C	3.0	3.0	3.0
YBR281C	3.0	3.0	3.0
YBR282W	1.0	1.0	1.0
YBR283C	3.0	3.0	3.0
YBR284W	3.0	3.0	3.0
YBR285W	3.0	3.0	3.0
YBR286W	3.0	3.0	3.0
YBR287W	3.0	3.0	3.0
YBR288C	3.0	3.0	3.0
YBR289W	1.0	1.0	2.0
YBR290W	3.0	3.0	3.0
YBR291C	3.0	3.0	3.0
YBR292C	3.0	3.0	3.0
YBR293W	3.0	3.0	3.0
YBR294W	3.0	3.0	3.0
YBR295W	3.0	3.0	3.0
YBR296C	3.0	3.0	3.0
YBR297W	3.0	3.0	3.0
YBR298C	3.0	3.0	3.0
YBR299W	3.0	3.0	3.0
YBR300C	3.0	3.0	3.0
YBR301W	3.0	3.0	3.0
YCL001W	3.0	3.0	3.0
YCL001W-A	3.0	3.0	3.0
YCL002C	3.0	3.0	3.0
YCL004W	1.0	1.0	1.0
YCL005W	2.0	1.0	3.0
YCL007C	1.0	1.0	1.0
YCL008C	3.0	3.0	3.0
YCL009C	3.0	3.0	3.0
YCL010C	1.0	1.0	2.0
YCL011C	3.0	3.0	3.0
YCL014W	3.0	3.0	3.0
YCL016C	3.0	3.0	3.0
YCL022C	3.0	3.0	3.0
YCL023C	3.0	3.0	3.0
YCL024W	3.0	3.0	3.0
YCL025C	3.0	3.0	3.0
YCL026C-A	3.0	3.0	3.0
YCL027W	3.0	3.0	3.0
YCL028W	3.0	3.0	3.0
YCL029C	3.0	3.0	3.0
YCL030C	3.0	3.0	3.0
YCL032W	3.0	3.0	3.0
YCL033C	3.0	3.0	3.0
YCL034W	3.0	3.0	3.0
YCL035C	3.0	3.0	3.0
YCL036W	3.0	3.0	3.0
YCL037C	3.0	3.0	3.0
YCL038C	3.0	3.0	3.0
YCL039W	3.0	3.0	3.0
YCL040W	3.0	3.0	3.0
YCL042W	3.0	3.0	3.0
YCL044C	3.0	3.0	3.0
YCL045C	3.0	3.0	3.0
YCL046W	3.0	3.0	3.0
YCL047C	3.0	3.0	3.0
YCL048W	3.0	3.0	3.0
YCL049C	3.0	3.0	3.0
YCL050C	3.0	3.0	3.0
YCL051W	3.0	3.0	3.0
YCL055W	3.0	3.0	3.0
YCL056C	3.0	3.0	3.0
YCL057W	3.0	3.0	3.0
YCL058C	3.0	3.0	3.0
YCL061C	3.0	3.0	3.0
YCL063W	3.0	3.0	3.0
YCL064C	3.0	3.0	3.0
YCL069W	3.0	3.0	3.0
YCL076W	3.0	3.0	3.0
YCR001W	3.0	3.0	3.0
YCR002C	1.0	1.0	3.0
YCR003W	1.0	1.0	2.0
YCR004C	3.0	3.0	3.0
YCR005C	3.0	3.0	3.0
YCR006C	3.0	3.0	3.0
YCR007C	3.0	3.0	3.0
YCR008W	3.0	3.0	3.0
YCR009C	2.0	1.0	3.0
YCR010C	3.0	3.0	3.0
YCR011C	3.0	3.0	3.0
YCR014C	3.0	3.0	3.0
YCR015C	3.0	3.0	3.0
YCR016W	3.0	3.0	3.0
YCR017C	3.0	3.0	3.0
YCR019W	3.0	3.0	3.0
YCR020C	3.0	3.0	3.0
YCR020C-A	3.0	3.0	3.0
YCR020W-B	3.0	3.0	3.0
YCR021C	3.0	3.0	3.0
YCR022C	3.0	3.0	3.0
YCR023C	3.0	3.0	3.0
YCR024C	1.0	1.0	1.0
YCR024C-A	3.0	3.0	3.0
YCR025C	3.0	3.0	3.0
YCR026C	3.0	3.0	3.0
YCR027C	3.0	3.0	3.0
YCR028C	3.0	3.0	3.0
YCR028C-A	1.0	1.0	1.0
YCR030C	3.0	3.0	3.0
YCR031C	3.0	3.0	3.0
YCR032W	3.0	3.0	3.0
YCR033W	3.0	3.0	3.0
YCR034W	1.0	2.0	3.0
YCR036W	3.0	3.0	3.0
YCR037C	3.0	3.0	3.0
YCR043C	3.0	3.0	3.0
YCR044C	1.0	1.0	1.0
YCR045C	3.0	3.0	3.0
YCR046C	1.0	1.0	2.0
YCR047C	3.0	3.0	3.0
YCR048W	3.0	3.0	3.0
YCR049C	3.0	3.0	3.0
YCR050C	3.0	3.0	3.0
YCR051W	3.0	3.0	3.0
YCR053W	3.0	3.0	3.0
YCR059C	3.0	3.0	3.0
YCR060W	3.0	3.0	3.0
YCR061W	3.0	3.0	3.0
YCR063W	2.0	2.0	2.0
YCR065W	3.0	3.0	3.0
YCR066W	3.0	3.0	3.0
YCR067C	3.0	3.0	3.0
YCR068W	3.0	3.0	3.0
YCR069W	3.0	3.0	3.0
YCR071C	1.0	1.0	1.0
YCR073C	3.0	3.0	3.0
YCR073W-A	3.0	3.0	3.0
YCR075C	3.0	3.0	3.0
YCR076C	3.0	3.0	3.0
YCR077C	3.0	3.0	3.0
YCR079W	3.0	1.0	1.0
YCR081W	1.0	1.0	1.0
YCR082W	3.0	3.0	3.0
YCR083W	3.0	3.0	3.0
YCR084C	1.0	1.0	1.0
YCR085W	3.0	3.0	3.0
YCR086W	3.0	2.0	3.0
YCR087C-A	3.0	3.0	3.0
YCR087W	3.0	3.0	3.0
YCR088W	3.0	3.0	3.0
YCR089W	3.0	3.0	3.0
YCR090C	3.0	3.0	3.0
YCR091W	3.0	3.0	3.0
YCR092C	3.0	3.0	3.0
YCR094W	3.0	3.0	3.0
YCR095C	3.0	3.0	3.0
YCR098C	3.0	3.0	3.0
YCR099C	3.0	3.0	3.0
YCR100C	3.0	3.0	3.0
YCR101C	3.0	3.0	3.0
YCR102C	3.0	3.0	3.0
YCR102W-A	3.0	3.0	3.0
YCR105W	3.0	3.0	3.0
YCR106W	3.0	3.0	3.0
YCR107W	3.0	3.0	3.0
YDL001W	2.0	2.0	3.0
YDL002C	3.0	3.0	3.0
YDL005C	3.0	2.0	2.0
YDL006W	1.0	2.0	2.0
YDL009C	3.0	3.0	3.0
YDL010W	3.0	3.0	3.0
YDL011C	3.0	3.0	3.0
YDL012C	1.0	1.0	1.0
YDL013W	3.0	3.0	3.0
YDL018C	3.0	3.0	3.0
YDL019C	2.0	2.0	3.0
YDL020C	3.0	3.0	3.0
YDL021W	3.0	3.0	3.0
YDL022W	3.0	3.0	3.0
YDL023C	3.0	3.0	3.0
YDL024C	3.0	3.0	3.0
YDL025C	3.0	3.0	3.0
YDL026W	3.0	3.0	3.0
YDL027C	3.0	3.0	3.0
YDL032W	1.0	1.0	2.0
YDL033C	3.0	2.0	2.0
YDL034W	3.0	3.0	3.0
YDL035C	3.0	3.0	3.0
YDL036C	3.0	3.0	3.0
YDL037C	3.0	3.0	3.0
YDL039C	2.0	2.0	2.0
YDL040C	3.0	3.0	3.0
YDL041W	3.0	3.0	3.0
YDL042C	3.0	3.0	3.0
YDL044C	1.0	1.0	1.0
YDL045W-A	1.0	1.0	1.0
YDL046W	3.0	3.0	3.0
YDL047W	1.0	1.0	1.0
YDL048C	3.0	3.0	3.0
YDL049C	3.0	3.0	3.0
YDL050C	3.0	3.0	3.0
YDL051W	3.0	3.0	3.0
YDL052C	3.0	3.0	3.0
YDL053C	3.0	3.0	3.0
YDL054C	3.0	3.0	3.0
YDL056W	1.0	1.0	1.0
YDL057W	3.0	3.0	3.0
YDL059C	3.0	3.0	3.0
YDL061C	3.0	3.0	3.0
YDL062W	3.0	3.0	3.0
YDL063C	3.0	3.0	3.0
YDL065C	1.0	2.0	3.0
YDL066W	3.0	3.0	3.0
YDL067C	1.0	1.0	1.0
YDL068W	1.0	1.0	1.0
YDL069C	1.0	1.0	3.0
YDL070W	3.0	3.0	3.0
YDL071C	3.0	3.0	3.0
YDL072C	3.0	3.0	3.0
YDL073W	3.0	3.0	3.0
YDL074C	3.0	2.0	2.5
YDL075W	1.0	2.0	3.0
YDL076C	3.0	3.0	3.0
YDL077C	1.0	1.0	1.0
YDL078C	1.0	2.0	3.0
YDL079C	3.0	3.0	3.0
YDL080C	3.0	3.0	3.0
YDL081C	3.0	3.0	3.0
YDL082W	3.0	3.0	3.0
YDL083C	3.0	3.0	3.0
YDL085W	1.0	1.0	1.0
YDL086W	3.0	3.0	3.0
YDL088C	3.0	3.0	3.0
YDL089W	3.0	3.0	3.0
YDL090C	2.0	2.0	3.0
YDL091C	1.0	1.0	1.0
YDL093W	1.0	1.0	1.0
YDL094C	3.0	3.0	3.0
YDL095W	3.0	3.0	2.5
YDL096C	3.0	3.0	3.0
YDL099W	1.0	1.0	1.0
YDL100C	3.0	3.0	3.0
YDL101C	3.0	2.0	3.0
YDL104C	3.0	3.0	3.0
YDL106C	3.0	3.0	2.0
YDL107W	1.0	1.0	1.0
YDL109C	3.0	3.0	3.0
YDL110C	3.0	3.0	3.0
YDL112W	3.0	3.0	3.0
YDL113C	3.0	3.0	3.0
YDL114W	1.0	1.0	1.0
YDL115C	3.0	3.0	3.0
YDL116W	3.0	3.0	3.0
YDL117W	3.0	3.0	3.0
YDL118W	1.0	1.0	1.0
YDL119C	1.0	1.0	1.0
YDL121C	3.0	3.0	3.0
YDL122W	3.0	3.0	3.0
YDL123W	3.0	3.0	3.0
YDL124W	3.0	3.0	3.0
YDL125C	3.0	2.0	3.0
YDL127W	3.0	3.0	3.0
YDL128W	3.0	3.0	3.0
YDL129W	1.0	1.0	1.0
YDL130W	3.0	3.0	3.0
YDL130W-A	3.0	3.0	3.0
YDL131W	3.0	3.0	3.0
YDL133C-A	3.0	3.0	3.0
YDL133W	1.0	1.0	1.0
YDL134C	3.0	3.0	3.0
YDL135C	3.0	3.0	3.0
YDL136W	3.0	3.0	3.0
YDL137W	3.0	3.0	3.0
YDL138W	3.0	3.0	3.0
YDL142C	3.0	3.0	3.0
YDL144C	3.0	3.0	3.0
YDL146W	3.0	3.0	3.0
YDL149W	3.0	3.0	3.0
YDL151C	3.0	3.0	3.0
YDL154W	3.0	3.0	3.0
YDL155W	3.0	3.0	3.0
YDL156W	3.0	3.0	3.0
YDL157C	1.0	1.0	1.0
YDL158C	3.0	3.0	3.0
YDL159W	3.0	3.0	3.0
YDL160C	1.0	1.0	1.0
YDL161W	3.0	3.0	3.0
YDL162C	3.0	3.0	3.0
YDL167C	3.0	3.0	3.0
YDL168W	3.0	3.0	3.0
YDL169C	3.0	3.0	3.0
YDL170W	3.0	2.0	3.0
YDL171C	3.0	3.0	3.0
YDL172C	3.0	3.0	2.5
YDL173W	3.0	3.0	3.0
YDL174C	3.0	3.0	3.0
YDL175C	3.0	3.0	3.0
YDL176W	3.0	3.0	3.0
YDL177C	3.0	3.0	3.0
YDL178W	3.0	3.0	3.0
YDL179W	3.0	3.0	3.0
YDL180W	3.0	3.0	3.0
YDL181W	3.0	3.0	3.0
YDL182W	3.0	3.0	3.0
YDL183C	3.0	3.0	3.0
YDL184C	3.0	3.0	3.0
YDL185W	1.0	1.0	2.0
YDL186W	3.0	3.0	3.0
YDL187C	3.0	3.0	3.0
YDL188C	3.0	3.0	3.0
YDL189W	3.0	3.0	3.0
YDL190C	3.0	3.0	3.0
YDL191W	3.0	3.0	3.0
YDL192W	3.0	2.0	3.0
YDL194W	3.0	3.0	3.0
YDL197C	3.0	3.0	3.0
YDL198C	3.0	3.0	3.0
YDL199C	3.0	3.0	3.0
YDL200C	3.0	3.0	3.0
YDL201W	3.0	3.0	3.0
YDL202W	3.0	3.0	3.0
YDL203C	3.0	3.0	3.0
YDL204W	3.0	3.0	3.0
YDL206W	3.0	3.0	3.0
YDL210W	3.0	3.0	3.0
YDL211C	1.0	1.0	1.0
YDL213C	3.0	2.0	3.0
YDL214C	3.0	3.0	3.0
YDL215C	3.0	3.0	1.0
YDL216C	3.0	3.0	3.0
YDL218W	3.0	3.0	3.0
YDL219W	3.0	3.0	3.0
YDL222C	3.0	3.0	3.0
YDL223C	3.0	3.0	3.0
YDL224C	3.0	2.0	3.0
YDL225W	2.0	2.0	2.5
YDL226C	3.0	2.0	2.5
YDL227C	3.0	3.0	3.0
YDL229W	3.0	3.0	3.0
YDL230W	3.0	3.0	3.0
YDL231C	1.0	1.0	1.0
YDL232W	3.0	3.0	3.0
YDL233W	3.0	3.0	3.0
YDL234C	3.0	3.0	3.0
YDL236W	3.0	3.0	3.0
YDL237W	3.0	3.0	3.0
YDL238C	3.0	3.0	3.0
YDL239C	3.0	2.0	3.0
YDL240W	3.0	3.0	3.0
YDL241W	3.0	3.0	3.0
YDL242W	3.0	3.0	3.0
YDL243C	3.0	3.0	3.0
YDR001C	3.0	3.0	3.0
YDR003W	3.0	3.0	3.0
YDR004W	3.0	3.0	3.0
YDR005C	3.0	3.0	3.0
YDR006C	3.0	2.0	3.0
YDR007W	3.0	3.0	3.0
YDR008C	3.0	3.0	3.0
YDR009W	3.0	3.0	3.0
YDR010C	1.0	1.0	1.0
YDR011W	3.0	3.0	3.0
YDR014W	3.0	3.0	3.0
YDR015C	3.0	3.0	3.0
YDR017C	1.0	1.0	1.0
YDR018C	3.0	3.0	3.0
YDR019C	3.0	3.0	3.0
YDR020C	3.0	3.0	3.0
YDR022C	3.0	3.0	3.0
YDR024W	3.0	3.0	3.0
YDR025W	3.0	3.0	3.0
YDR026C	3.0	3.0	3.0
YDR027C	1.0	1.0	1.0
YDR028C	3.0	3.0	3.0
YDR029W	3.0	3.0	3.0
YDR030C	3.0	3.0	3.0
YDR031W	3.0	3.0	3.0
YDR032C	3.0	3.0	3.0
YDR033W	3.0	3.0	3.0
YDR034C	3.0	3.0	3.0
YDR035W	3.0	3.0	3.0
YDR036C	3.0	3.0	3.0
YDR042C	3.0	3.0	3.0
YDR043C	3.0	3.0	3.0
YDR046C	3.0	3.0	3.0
YDR048C	3.0	3.0	3.0
YDR049W	3.0	1.0	3.0
YDR051C	3.0	3.0	3.0
YDR055W	3.0	3.0	3.0
YDR056C	3.0	3.0	3.0
YDR057W	3.0	3.0	3.0
YDR058C	3.0	3.0	3.0
YDR059C	3.0	3.0	3.0
YDR061W	3.0	3.0	3.0
YDR063W	3.0	3.0	3.0
YDR065W	1.0	1.0	1.0
YDR066C	3.0	3.0	3.0
YDR067C	3.0	3.0	3.0
YDR068W	3.0	3.0	3.0
YDR069C	1.0	1.0	1.0
YDR070C	3.0	3.0	3.0
YDR071C	3.0	3.0	3.0
YDR072C	3.0	3.0	3.0
YDR073W	3.0	3.0	3.0
YDR074W	1.0	1.0	1.0
YDR075W	3.0	3.0	3.0
YDR076W	3.0	3.0	3.0
YDR077W	3.0	3.0	3.0
YDR078C	3.0	3.0	3.0
YDR079W	1.0	1.0	1.0
YDR080W	1.0	1.0	3.0
YDR083W	3.0	3.0	3.0
YDR084C	3.0	3.0	3.0
YDR085C	3.0	3.0	3.0
YDR089W	3.0	3.0	3.0
YDR090C	3.0	3.0	3.0
YDR092W	3.0	3.0	3.0
YDR093W	3.0	3.0	3.0
YDR094W	3.0	3.0	3.0
YDR095C	3.0	3.0	3.0
YDR096W	3.0	3.0	3.0
YDR097C	3.0	3.0	3.0
YDR098C	3.0	3.0	3.0
YDR099W	3.0	3.0	3.0
YDR100W	3.0	3.0	3.0
YDR101C	3.0	3.0	3.0
YDR102C	3.0	3.0	3.0
YDR103W	3.0	3.0	3.0
YDR104C	3.0	3.0	3.0
YDR105C	3.0	3.0	3.0
YDR107C	3.0	3.0	3.0
YDR108W	3.0	3.0	3.0
YDR109C	3.0	3.0	3.0
YDR110W	3.0	3.0	3.0
YDR111C	3.0	3.0	3.0
YDR112W	3.0	3.0	3.0
YDR114C	1.0	1.0	2.0
YDR115W	1.0	1.0	2.0
YDR116C	3.0	3.0	2.0
YDR117C	3.0	3.0	3.0
YDR119W	3.0	3.0	3.0
YDR120C	3.0	3.0	3.0
YDR121W	3.0	3.0	3.0
YDR122W	3.0	3.0	3.0
YDR123C	3.0	3.0	3.0
YDR124W	3.0	3.0	3.0
YDR125C	3.0	3.0	3.0
YDR126W	3.0	3.0	2.5
YDR127W	3.0	3.0	3.0
YDR128W	3.0	3.0	3.0
YDR129C	2.0	1.0	2.5
YDR130C	3.0	3.0	3.0
YDR131C	3.0	3.0	3.0
YDR132C	3.0	3.0	3.0
YDR133C	3.0	3.0	3.0
YDR135C	3.0	3.0	3.0
YDR136C	3.0	3.0	3.0
YDR137W	3.0	3.0	3.0
YDR138W	1.0	2.0	2.5
YDR139C	3.0	3.0	3.0
YDR140W	3.0	3.0	2.5
YDR142C	1.0	2.0	3.0
YDR143C	3.0	3.0	3.0
YDR144C	3.0	3.0	3.0
YDR146C	3.0	3.0	3.0
YDR147W	3.0	3.0	3.0
YDR148C	1.0	1.0	2.0
YDR149C	2.0	2.0	3.0
YDR150W	3.0	3.0	3.0
YDR151C	3.0	3.0	3.0
YDR152W	3.0	3.0	3.0
YDR153C	3.0	3.0	3.0
YDR154C	3.0	3.0	3.0
YDR155C	3.0	3.0	3.0
YDR156W	3.0	3.0	3.0
YDR157W	3.0	3.0	3.0
YDR158W	3.0	3.0	3.0
YDR159W	1.0	2.0	2.0
YDR161W	3.0	3.0	3.0
YDR162C	1.0	1.0	2.0
YDR163W	3.0	3.0	3.0
YDR165W	3.0	3.0	3.0
YDR169C	3.0	3.0	3.0
YDR171W	3.0	3.0	3.0
YDR173C	1.0	1.0	2.5
YDR174W	3.0	3.0	3.0
YDR175C	1.0	1.0	2.0
YDR176W	3.0	1.0	3.0
YDR178W	3.0	2.0	2.0
YDR179C	3.0	3.0	3.0
YDR179W-A	3.0	3.0	3.0
YDR181C	3.0	3.0	3.0
YDR183W	3.0	3.0	3.0
YDR184C	3.0	3.0	3.0
YDR185C	3.0	3.0	3.0
YDR186C	3.0	3.0	3.0
YDR191W	3.0	3.0	3.0
YDR192C	3.0	3.0	3.0
YDR193W	3.0	3.0	3.0
YDR194C	1.0	1.0	2.0
YDR195W	2.0	2.0	2.0
YDR197W	1.0	1.0	2.0
YDR198C	3.0	3.0	3.0
YDR199W	3.0	3.0	3.0
YDR200C	3.0	2.0	3.0
YDR202C	3.0	3.0	2.5
YDR203W	3.0	3.0	3.0
YDR204W	1.0	1.0	1.0
YDR205W	3.0	3.0	3.0
YDR206W	3.0	3.0	3.0
YDR207C	3.0	3.0	3.0
YDR209C	3.0	3.0	3.0
YDR210W	3.0	3.0	3.0
YDR213W	3.0	3.0	3.0
YDR214W	3.0	3.0	3.0
YDR215C	3.0	3.0	3.0
YDR216W	1.0	2.0	3.0
YDR217C	3.0	3.0	3.0
YDR218C	3.0	3.0	3.0
YDR219C	3.0	3.0	3.0
YDR220C	3.0	3.0	3.0
YDR221W	3.0	3.0	3.0
YDR222W	3.0	3.0	3.0
YDR223W	3.0	3.0	3.0
YDR225W	1.0	2.0	2.5
YDR226W	3.0	3.0	2.0
YDR227W	3.0	3.0	3.0
YDR229W	3.0	3.0	3.0
YDR230W	1.0	1.0	2.0
YDR231C	1.0	1.0	1.0
YDR233C	3.0	3.0	3.0
YDR234W	1.0	2.0	3.0
YDR237W	1.0	1.0	1.0
YDR239C	3.0	3.0	3.0
YDR241W	3.0	3.0	3.0
YDR242W	3.0	3.0	3.0
YDR244W	1.0	1.0	1.0
YDR245W	3.0	3.0	3.0
YDR247W	3.0	3.0	3.0
YDR248C	3.0	3.0	3.0
YDR249C	3.0	3.0	3.0
YDR250C	3.0	3.0	3.0
YDR251W	3.0	3.0	3.0
YDR252W	3.0	3.0	3.0
YDR253C	3.0	3.0	3.0
YDR254W	3.0	3.0	3.0
YDR255C	3.0	3.0	3.0
YDR256C	3.0	3.0	3.0
YDR257C	3.0	3.0	3.0
YDR258C	3.0	3.0	3.0
YDR259C	3.0	3.0	3.0
YDR260C	3.0	3.0	3.0
YDR261C	3.0	3.0	3.0
YDR262W	3.0	3.0	3.0
YDR263C	3.0	3.0	3.0
YDR264C	1.0	1.0	3.0
YDR265W	1.0	1.0	3.0
YDR266C	3.0	3.0	3.0
YDR268W	3.0	3.0	3.0
YDR269C	3.0	3.0	2.5
YDR270W	3.0	3.0	2.0
YDR271C	1.0	3.0	2.5
YDR272W	3.0	3.0	3.0
YDR273W	3.0	3.0	3.0
YDR274C	3.0	3.0	3.0
YDR275W	3.0	3.0	3.0
YDR276C	2.0	2.0	3.0
YDR277C	3.0	3.0	3.0
YDR278C	3.0	3.0	3.0
YDR279W	3.0	3.0	3.0
YDR281C	3.0	3.0	3.0
YDR282C	3.0	3.0	3.0
YDR283C	3.0	3.0	3.0
YDR284C	3.0	3.0	3.0
YDR285W	3.0	3.0	3.0
YDR286C	3.0	3.0	3.0
YDR287W	3.0	3.0	3.0
YDR289C	3.0	2.0	2.0
YDR290W	3.0	2.0	3.0
YDR291W	3.0	3.0	3.0
YDR293C	3.0	3.0	3.0
YDR294C	3.0	3.0	3.0
YDR295C	3.0	2.0	3.0
YDR296W	1.0	1.0	1.0
YDR297W	3.0	3.0	3.0
YDR298C	1.0	1.0	2.0
YDR300C	3.0	3.0	3.0
YDR304C	3.0	3.0	3.0
YDR305C	3.0	3.0	3.0
YDR306C	3.0	3.0	3.0
YDR307W	3.0	3.0	3.0
YDR309C	3.0	3.0	3.0
YDR310C	3.0	3.0	3.0
YDR312W	3.0	3.0	3.0
YDR313C	3.0	3.0	3.0
YDR314C	3.0	3.0	3.0
YDR315C	3.0	3.0	3.0
YDR316W	3.0	3.0	3.0
YDR317W	3.0	3.0	3.0
YDR318W	3.0	3.0	3.0
YDR319C	3.0	3.0	3.0
YDR320C	3.0	3.0	3.0
YDR321W	3.0	3.0	3.0
YDR322W	1.0	1.0	2.0
YDR323C	1.0	1.0	1.0
YDR326C	3.0	3.0	3.0
YDR329C	1.0	1.0	3.0
YDR330W	3.0	3.0	3.0
YDR332W	3.0	3.0	3.0
YDR333C	3.0	3.0	3.0
YDR334W	3.0	3.0	3.0
YDR335W	3.0	3.0	3.0
YDR336W	3.0	3.0	3.0
YDR337W	1.0	1.0	1.0
YDR338C	3.0	3.0	3.0
YDR340W	3.0	3.0	3.0
YDR344C	3.0	3.0	3.0
YDR345C	3.0	3.0	3.0
YDR346C	3.0	3.0	3.0
YDR347W	1.0	1.0	2.0
YDR348C	3.0	3.0	3.0
YDR349C	3.0	3.0	3.0
YDR350C	1.0	1.0	2.0
YDR351W	3.0	3.0	3.0
YDR352W	3.0	3.0	3.0
YDR354W	3.0	3.0	3.0
YDR357C	3.0	3.0	3.0
YDR358W	3.0	3.0	3.0
YDR359C	3.0	2.0	3.0
YDR360W	3.0	3.0	3.0
YDR363W	3.0	3.0	3.0
YDR363W-A	3.0	3.0	3.0
YDR364C	1.0	1.0	2.5
YDR368W	3.0	3.0	3.0
YDR369C	3.0	3.0	3.0
YDR370C	3.0	3.0	3.0
YDR371W	3.0	3.0	3.0
YDR372C	3.0	3.0	3.0
YDR374C	3.0	3.0	3.0
YDR375C	1.0	1.0	2.0
YDR377W	1.0	1.0	1.0
YDR378C	3.0	2.0	3.0
YDR379W	3.0	3.0	3.0
YDR380W	3.0	3.0	3.0
YDR382W	3.0	3.0	3.0
YDR383C	3.0	3.0	3.0
YDR384C	3.0	3.0	3.0
YDR385W	3.0	3.0	3.0
YDR386W	3.0	3.0	3.0
YDR387C	3.0	3.0	3.0
YDR388W	1.0	1.0	2.0
YDR389W	1.0	2.0	3.0
YDR391C	3.0	3.0	3.0
YDR392W	3.0	3.0	2.5
YDR393W	3.0	3.0	2.5
YDR395W	3.0	3.0	3.0
YDR399W	3.0	3.0	3.0
YDR400W	3.0	3.0	3.0
YDR401W	3.0	3.0	3.0
YDR402C	3.0	3.0	3.0
YDR403W	3.0	3.0	3.0
YDR405W	1.0	1.0	1.0
YDR406W	3.0	3.0	3.0
YDR408C	3.0	3.0	3.0
YDR409W	3.0	3.0	3.0
YDR410C	3.0	3.0	3.0
YDR411C	3.0	3.0	3.0
YDR414C	3.0	3.0	3.0
YDR415C	3.0	3.0	3.0
YDR417C	3.0	3.0	3.0
YDR418W	3.0	3.0	3.0
YDR419W	3.0	3.0	3.0
YDR420W	3.0	3.0	3.0
YDR421W	3.0	3.0	3.0
YDR422C	3.0	3.0	3.0
YDR423C	3.0	3.0	3.0
YDR424C	1.0	1.0	3.0
YDR425W	3.0	3.0	3.0
YDR426C	3.0	3.0	3.0
YDR428C	3.0	3.0	3.0
YDR430C	3.0	3.0	3.0
YDR431W	3.0	3.0	3.0
YDR432W	2.0	1.0	2.5
YDR433W	2.0	1.0	2.5
YDR435C	3.0	3.0	3.0
YDR436W	3.0	3.0	3.0
YDR438W	3.0	3.0	3.0
YDR439W	3.0	3.0	3.0
YDR440W	3.0	3.0	3.0
YDR441C	3.0	3.0	3.0
YDR442W	3.0	2.0	3.0
YDR443C	3.0	3.0	3.0
YDR444W	3.0	3.0	3.0
YDR445C	3.0	3.0	3.0
YDR446W	3.0	3.0	3.0
YDR447C	3.0	3.0	3.0
YDR448W	1.0	1.0	1.0
YDR450W	3.0	3.0	3.0
YDR451C	3.0	3.0	3.0
YDR452W	3.0	3.0	3.0
YDR453C	3.0	3.0	3.0
YDR455C	3.0	3.0	3.0
YDR456W	3.0	3.0	3.0
YDR457W	3.0	3.0	3.0
YDR458C	1.0	1.0	1.0
YDR459C	1.0	1.0	1.0
YDR461W	3.0	3.0	3.0
YDR462W	1.0	1.0	1.0
YDR463W	3.0	3.0	3.0
YDR465C	3.0	3.0	3.0
YDR466W	3.0	3.0	3.0
YDR467C	3.0	3.0	3.0
YDR469W	3.0	3.0	3.0
YDR470C	1.0	1.0	2.0
YDR471W	3.0	3.0	3.0
YDR475C	3.0	3.0	3.0
YDR476C	3.0	3.0	3.0
YDR477W	1.0	1.0	2.0
YDR479C	3.0	3.0	3.0
YDR480W	3.0	3.0	3.0
YDR481C	3.0	3.0	3.0
YDR482C	3.0	3.0	3.0
YDR483W	3.0	3.0	3.0
YDR484W	1.0	1.0	2.0
YDR485C	3.0	3.0	3.0
YDR486C	3.0	3.0	3.0
YDR488C	3.0	3.0	3.0
YDR490C	3.0	3.0	3.0
YDR491C	1.0	1.0	1.0
YDR492W	3.0	3.0	3.0
YDR493W	3.0	3.0	2.5
YDR494W	1.0	1.0	1.0
YDR495C	1.0	1.0	2.0
YDR496C	2.0	2.0	3.0
YDR497C	3.0	3.0	3.0
YDR500C	3.0	3.0	3.0
YDR501W	3.0	3.0	3.0
YDR502C	3.0	3.0	3.0
YDR503C	3.0	3.0	3.0
YDR504C	1.0	1.0	1.0
YDR505C	3.0	3.0	3.0
YDR506C	3.0	3.0	3.0
YDR507C	1.0	1.0	1.0
YDR508C	3.0	3.0	3.0
YDR509W	3.0	3.0	3.0
YDR511W	1.0	1.0	1.0
YDR512C	2.0	2.0	2.0
YDR513W	3.0	3.0	3.0
YDR514C	3.0	3.0	3.0
YDR515W	3.0	3.0	3.0
YDR516C	3.0	3.0	3.0
YDR517W	3.0	3.0	3.0
YDR518W	1.0	1.0	1.0
YDR519W	3.0	3.0	3.0
YDR520C	3.0	3.0	3.0
YDR521W	3.0	3.0	3.0
YDR522C	3.0	3.0	3.0
YDR523C	1.0	1.0	1.0
YDR524C	1.0	1.0	1.0
YDR525W	3.0	3.0	3.0
YDR525W-A	3.0	3.0	3.0
YDR528W	3.0	3.0	3.0
YDR529C	1.0	1.0	1.0
YDR530C	3.0	3.0	3.0
YDR532C	3.0	2.0	3.0
YDR533C	3.0	2.0	3.0
YDR534C	3.0	3.0	3.0
YDR535C	3.0	3.0	3.0
YDR536W	3.0	3.0	3.0
YDR537C	3.0	3.0	3.0
YDR538W	3.0	3.0	3.0
YDR539W	3.0	3.0	3.0
YDR540C	3.0	3.0	3.0
YDR541C	3.0	3.0	3.0
YEL001C	3.0	3.0	3.0
YEL003W	3.0	3.0	3.0
YEL004W	3.0	3.0	3.0
YEL005C	3.0	3.0	3.0
YEL006W	3.0	3.0	3.0
YEL007W	1.0	2.0	3.0
YEL008W	3.0	3.0	3.0
YEL009C	3.0	3.0	3.0
YEL010W	3.0	3.0	3.0
YEL011W	3.0	3.0	3.0
YEL012W	3.0	3.0	3.0
YEL013W	3.0	3.0	2.5
YEL014C	3.0	3.0	3.0
YEL015W	3.0	3.0	3.0
YEL016C	3.0	3.0	3.0
YEL017C-A	3.0	3.0	3.0
YEL017W	3.0	3.0	3.0
YEL018W	3.0	3.0	3.0
YEL020C	3.0	3.0	3.0
YEL023C	3.0	3.0	3.0
YEL024W	3.0	1.0	1.0
YEL025C	3.0	3.0	3.0
YEL027W	3.0	3.0	3.0
YEL028W	3.0	3.0	3.0
YEL029C	3.0	3.0	3.0
YEL030W	3.0	3.0	3.0
YEL031W	3.0	3.0	3.0
YEL033W	3.0	3.0	3.0
YEL036C	3.0	3.0	3.0
YEL037C	3.0	3.0	3.0
YEL038W	3.0	3.0	3.0
YEL039C	3.0	3.0	3.0
YEL040W	3.0	3.0	3.0
YEL041W	3.0	3.0	3.0
YEL042W	3.0	3.0	3.0
YEL043W	3.0	3.0	3.0
YEL044W	3.0	3.0	3.0
YEL045C	3.0	3.0	3.0
YEL046C	3.0	3.0	3.0
YEL047C	3.0	3.0	3.0
YEL048C	3.0	3.0	3.0
YEL049W	3.0	3.0	3.0
YEL050C	1.0	1.0	1.0
YEL051W	1.0	1.0	1.0
YEL052W	3.0	3.0	3.0
YEL053C	3.0	3.0	3.0
YEL054C	3.0	3.0	3.0
YEL056W	3.0	3.0	3.0
YEL057C	3.0	3.0	3.0
YEL059W	3.0	1.0	1.0
YEL060C	3.0	3.0	3.0
YEL061C	3.0	2.0	3.0
YEL062W	3.0	3.0	3.0
YEL063C	3.0	3.0	3.0
YEL064C	3.0	3.0	3.0
YEL065W	3.0	3.0	3.0
YEL066W	3.0	3.0	3.0
YEL067C	3.0	3.0	3.0
YEL068C	3.0	3.0	3.0
YEL071W	3.0	3.0	3.0
YEL072W	3.0	3.0	3.0
YER001W	3.0	3.0	3.0
YER002W	3.0	3.0	3.0
YER004W	3.0	3.0	3.0
YER005W	3.0	3.0	3.0
YER007C-A	3.0	3.0	3.0
YER007W	3.0	3.0	3.0
YER010C	3.0	3.0	3.0
YER011W	3.0	3.0	3.0
YER014C-A	3.0	3.0	3.0
YER016W	3.0	3.0	3.0
YER017C	1.0	1.0	2.0
YER019C-A	3.0	3.0	3.0
YER019W	3.0	3.0	3.0
YER020W	3.0	3.0	3.0
YER024W	3.0	3.0	3.0
YER027C	3.0	3.0	3.0
YER028C	3.0	3.0	3.0
YER030W	3.0	3.0	3.0
YER031C	3.0	3.0	3.0
YER032W	3.0	3.0	3.0
YER033C	3.0	3.0	3.0
YER034W	3.0	3.0	3.0
YER035W	3.0	3.0	3.0
YER037W	3.0	3.0	3.0
YER038W-A	1.0	3.0	2.5
YER039C	3.0	3.0	3.0
YER039C-A	3.0	3.0	3.0
YER040W	3.0	3.0	3.0
YER041W	3.0	3.0	3.0
YER042W	3.0	3.0	3.0
YER044C	1.0	1.0	1.0
YER044C-A	3.0	3.0	3.0
YER045C	3.0	3.0	3.0
YER046W	3.0	3.0	3.0
YER046W-A	3.0	3.0	3.0
YER047C	3.0	3.0	3.0
YER048C	3.0	3.0	3.0
YER049W	3.0	3.0	3.0
YER050C	1.0	1.0	2.0
YER051W	3.0	3.0	3.0
YER052C	3.0	3.0	3.0
YER053C	3.0	3.0	3.0
YER054C	3.0	3.0	3.0
YER055C	3.0	3.0	3.0
YER056C	3.0	3.0	3.0
YER056C-A	3.0	3.0	3.0
YER057C	2.0	3.0	3.0
YER058W	1.0	1.0	1.0
YER059W	3.0	3.0	3.0
YER060W	3.0	3.0	3.0
YER060W-A	3.0	3.0	3.0
YER061C	1.0	1.0	1.0
YER062C	3.0	3.0	3.0
YER063W	3.0	3.0	3.0
YER064C	3.0	3.0	3.0
YER065C	3.0	1.0	3.0
YER066C-A	3.0	3.0	3.0
YER066W	3.0	3.0	3.0
YER067C-A	3.0	3.0	3.0
YER067W	3.0	3.0	3.0
YER068C-A	3.0	3.0	3.0
YER068W	3.0	3.0	3.0
YER069W	3.0	3.0	3.0
YER070W	1.0	1.0	1.0
YER071C	3.0	3.0	3.0
YER072W	3.0	3.0	3.0
YER073W	3.0	3.0	3.0
YER074W	3.0	3.0	3.0
YER075C	3.0	3.0	3.0
YER077C	1.0	1.0	1.0
YER078C	3.0	3.0	3.0
YER079W	3.0	3.0	3.0
YER080W	3.0	3.0	3.0
YER081W	3.0	3.0	3.0
YER083C	1.0	1.0	1.0
YER084W	3.0	3.0	3.0
YER085C	3.0	3.0	3.0
YER086W	3.0	3.0	3.0
YER087C-B	3.0	3.0	3.0
YER087W	1.0	1.0	1.0
YER088C	3.0	3.0	3.0
YER089C	3.0	3.0	3.0
YER090W	3.0	3.0	3.0
YER091C	3.0	3.0	3.0
YER091C-A	3.0	3.0	3.0
YER092W	3.0	3.0	3.0
YER093C-A	3.0	3.0	3.0
YER095W	3.0	3.0	3.0
YER096W	3.0	3.0	3.0
YER097W	3.0	3.0	3.0
YER098W	3.0	3.0	3.0
YER101C	3.0	3.0	3.0
YER103W	3.0	3.0	3.0
YER106W	3.0	3.0	3.0
YER110C	1.0	1.0	1.0
YER111C	1.0	1.0	1.0
YER113C	3.0	3.0	3.0
YER114C	1.0	1.0	1.0
YER115C	2.0	2.0	3.0
YER116C	2.0	2.0	3.0
YER117W	3.0	2.0	2.0
YER118C	3.0	3.0	3.0
YER119C	3.0	3.0	3.0
YER119C-A	1.0	1.0	1.0
YER120W	3.0	3.0	3.0
YER121W	3.0	3.0	3.0
YER122C	1.0	1.0	1.0
YER123W	3.0	3.0	2.5
YER124C	3.0	3.0	3.0
YER128W	3.0	3.0	3.0
YER129W	3.0	2.0	3.0
YER130C	3.0	3.0	3.0
YER131W	1.0	1.0	1.0
YER132C	3.0	3.0	3.0
YER134C	3.0	3.0	3.0
YER135C	3.0	3.0	3.0
YER137C	3.0	3.0	3.0
YER139C	3.0	3.0	3.0
YER140W	1.0	1.0	2.0
YER141W	1.0	1.0	1.0
YER142C	3.0	3.0	3.0
YER143W	3.0	3.0	3.0
YER144C	3.0	3.0	3.0
YER145C	1.0	1.0	1.0
YER149C	3.0	3.0	3.0
YER150W	3.0	3.0	3.0
YER151C	3.0	3.0	2.5
YER152C	3.0	3.0	3.0
YER153C	3.0	3.0	3.0
YER154W	1.0	1.0	1.0
YER155C	1.0	1.0	1.0
YER156C	3.0	3.0	3.0
YER158C	3.0	3.0	3.0
YER161C	3.0	3.0	3.0
YER162C	3.0	3.0	3.0
YER163C	3.0	3.0	3.0
YER164W	3.0	3.0	3.0
YER166W	3.0	3.0	3.0
YER167W	3.0	3.0	3.0
YER169W	3.0	3.0	3.0
YER170W	3.0	3.0	3.0
YER173W	3.0	3.0	3.0
YER174C	3.0	3.0	3.0
YER175C	1.0	1.0	1.0
YER176W	3.0	3.0	3.0
YER177W	3.0	3.0	3.0
YER178W	3.0	3.0	3.0
YER179W	3.0	3.0	3.0
YER180C	3.0	3.0	3.0
YER181C	3.0	3.0	3.0
YER182W	3.0	3.0	3.0
YER183C	3.0	3.0	3.0
YER184C	3.0	3.0	3.0
YER185W	3.0	3.0	3.0
YER186C	3.0	3.0	3.0
YER187W	3.0	3.0	3.0
YER188W	3.0	3.0	3.0
YFL001W	3.0	3.0	3.0
YFL003C	3.0	3.0	3.0
YFL004W	3.0	3.0	3.0
YFL007W	3.0	2.0	3.0
YFL010C	3.0	3.0	3.0
YFL010W-A	3.0	3.0	3.0
YFL011W	3.0	3.0	3.0
YFL012W	3.0	3.0	3.0
YFL012W-A	3.0	3.0	3.0
YFL013C	3.0	3.0	3.0
YFL014W	3.0	3.0	3.0
YFL015C	3.0	3.0	3.0
YFL016C	1.0	1.0	2.0
YFL018C	3.0	3.0	3.0
YFL019C	3.0	3.0	3.0
YFL020C	3.0	3.0	3.0
YFL021W	3.0	3.0	3.0
YFL023W	3.0	3.0	3.0
YFL025C	3.0	3.0	3.0
YFL026W	3.0	3.0	3.0
YFL027C	3.0	3.0	3.0
YFL028C	3.0	3.0	3.0
YFL030W	3.0	3.0	3.0
YFL031W	3.0	3.0	3.0
YFL032W	3.0	3.0	3.0
YFL033C	1.0	1.0	2.0
YFL034C-A	3.0	3.0	3.0
YFL034W	3.0	3.0	3.0
YFL036W	1.0	1.0	2.0
YFL040W	3.0	3.0	3.0
YFL041W	3.0	3.0	3.0
YFL042C	3.0	3.0	3.0
YFL044C	3.0	3.0	3.0
YFL046W	3.0	3.0	3.0
YFL047W	3.0	3.0	3.0
YFL048C	3.0	3.0	3.0
YFL049W	3.0	3.0	3.0
YFL050C	3.0	3.0	3.0
YFL051C	3.0	3.0	3.0
YFL052W	3.0	3.0	3.0
YFL053W	3.0	3.0	3.0
YFL054C	3.0	3.0	3.0
YFL055W	3.0	3.0	3.0
YFL063W	3.0	3.0	3.0
YFR001W	3.0	3.0	3.0
YFR006W	3.0	3.0	3.0
YFR007W	3.0	3.0	3.0
YFR008W	3.0	3.0	3.0
YFR009W	3.0	3.0	3.0
YFR010W	3.0	2.0	3.0
YFR011C	3.0	3.0	3.0
YFR012W	3.0	3.0	3.0
YFR013W	3.0	3.0	3.0
YFR014C	3.0	3.0	3.0
YFR015C	3.0	3.0	3.0
YFR016C	3.0	3.0	3.0
YFR017C	3.0	3.0	3.0
YFR018C	3.0	3.0	3.0
YFR019W	1.0	2.0	3.0
YFR020W	3.0	3.0	3.0
YFR021W	3.0	3.0	3.0
YFR022W	3.0	3.0	3.0
YFR023W	3.0	3.0	3.0
YFR024C-A	3.0	3.0	3.0
YFR025C	3.0	3.0	3.0
YFR026C	3.0	3.0	3.0
YFR030W	3.0	3.0	3.0
YFR031C-A	3.0	3.0	3.0
YFR032C	3.0	3.0	3.0
YFR032C-A	3.0	3.0	3.0
YFR033C	3.0	3.0	3.0
YFR034C	3.0	3.0	2.0
YFR035C	3.0	3.0	3.0
YFR036W	3.0	3.0	3.0
YFR038W	3.0	3.0	3.0
YFR039C	3.0	3.0	3.0
YFR040W	3.0	3.0	3.0
YFR041C	3.0	3.0	3.0
YFR043C	3.0	3.0	3.0
YFR044C	3.0	3.0	3.0
YFR045W	3.0	3.0	3.0
YFR046C	3.0	3.0	3.0
YFR047C	3.0	3.0	3.0
YFR048W	3.0	3.0	3.0
YFR049W	3.0	2.0	3.0
YFR053C	3.0	3.0	3.0
YFR054C	3.0	3.0	3.0
YFR055W	3.0	3.0	3.0
YFR056C	3.0	3.0	3.0
YFR057W	3.0	3.0	3.0
YGL002W	3.0	3.0	3.0
YGL003C	3.0	3.0	3.0
YGL004C	3.0	3.0	3.0
YGL005C	3.0	3.0	3.0
YGL006W	3.0	3.0	3.0
YGL007W	3.0	3.0	3.0
YGL010W	3.0	3.0	3.0
YGL012W	2.0	1.0	1.0
YGL013C	3.0	3.0	3.0
YGL014W	3.0	3.0	3.0
YGL015C	3.0	3.0	3.0
YGL016W	3.0	3.0	3.0
YGL017W	1.0	1.0	1.0
YGL019W	3.0	3.0	3.0
YGL020C	2.0	1.0	1.0
YGL021W	3.0	3.0	3.0
YGL023C	3.0	3.0	3.0
YGL024W	3.0	3.0	2.0
YGL025C	3.0	3.0	2.0
YGL026C	3.0	3.0	3.0
YGL027C	3.0	3.0	3.0
YGL028C	3.0	3.0	3.0
YGL029W	3.0	3.0	3.0
YGL031C	3.0	3.0	3.0
YGL032C	3.0	3.0	3.0
YGL033W	3.0	3.0	3.0
YGL034C	3.0	3.0	3.0
YGL035C	3.0	3.0	3.0
YGL036W	3.0	3.0	3.0
YGL037C	3.0	3.0	3.0
YGL038C	1.0	1.0	1.0
YGL039W	3.0	3.0	3.0
YGL041C	3.0	3.0	3.0
YGL042C	3.0	3.0	3.0
YGL043W	3.0	3.0	3.0
YGL045W	3.0	3.0	3.0
YGL049C	3.0	3.0	3.0
YGL050W	3.0	3.0	3.0
YGL051W	3.0	3.0	3.0
YGL053W	3.0	3.0	3.0
YGL054C	3.0	3.0	3.0
YGL056C	3.0	3.0	3.0
YGL057C	3.0	3.0	3.0
YGL058W	3.0	3.0	2.0
YGL059W	3.0	3.0	3.0
YGL060W	3.0	3.0	3.0
YGL062W	3.0	3.0	3.0
YGL063W	3.0	3.0	3.0
YGL064C	3.0	3.0	3.0
YGL066W	2.0	2.0	2.5
YGL067W	3.0	3.0	3.0
YGL070C	1.0	1.0	1.0
YGL071W	1.0	1.0	2.0
YGL072C	3.0	3.0	3.0
YGL076C	3.0	3.0	2.0
YGL077C	3.0	3.0	3.0
YGL078C	3.0	3.0	3.0
YGL079W	3.0	3.0	3.0
YGL080W	3.0	3.0	3.0
YGL081W	3.0	3.0	3.0
YGL082W	3.0	3.0	3.0
YGL083W	3.0	3.0	3.0
YGL084C	3.0	1.0	3.0
YGL085W	3.0	3.0	3.0
YGL086W	3.0	3.0	3.0
YGL087C	3.0	3.0	3.0
YGL088W	3.0	3.0	3.0
YGL089C	3.0	3.0	3.0
YGL090W	3.0	3.0	3.0
YGL094C	3.0	3.0	3.0
YGL095C	1.0	1.0	1.0
YGL096W	3.0	3.0	3.0
YGL101W	3.0	3.0	3.0
YGL104C	3.0	3.0	3.0
YGL105W	3.0	3.0	3.0
YGL107C	1.0	1.0	1.0
YGL108C	3.0	3.0	3.0
YGL109W	3.0	3.0	3.0
YGL110C	3.0	3.0	3.0
YGL114W	3.0	3.0	3.0
YGL115W	1.0	1.0	2.0
YGL117W	3.0	3.0	3.0
YGL118C	3.0	3.0	3.0
YGL121C	3.0	3.0	3.0
YGL124C	3.0	3.0	3.0
YGL126W	3.0	3.0	3.0
YGL127C	3.0	2.0	3.0
YGL129C	1.0	1.0	1.0
YGL131C	3.0	3.0	3.0
YGL132W	3.0	3.0	3.0
YGL133W	3.0	3.0	3.0
YGL135W	1.0	1.0	1.0
YGL136C	3.0	3.0	3.0
YGL138C	3.0	3.0	3.0
YGL139W	3.0	3.0	3.0
YGL140C	3.0	3.0	3.0
YGL141W	3.0	3.0	3.0
YGL143C	1.0	1.0	1.0
YGL144C	3.0	3.0	3.0
YGL146C	3.0	3.0	3.0
YGL147C	3.0	3.0	3.0
YGL148W	3.0	3.0	3.0
YGL149W	3.0	3.0	3.0
YGL151W	3.0	3.0	3.0
YGL152C	1.0	1.0	3.0
YGL153W	1.0	1.0	3.0
YGL154C	3.0	3.0	3.0
YGL156W	3.0	3.0	3.0
YGL157W	3.0	3.0	3.0
YGL158W	3.0	3.0	3.0
YGL159W	3.0	3.0	3.0
YGL160W	3.0	3.0	3.0
YGL161C	3.0	3.0	3.0
YGL162W	3.0	3.0	3.0
YGL163C	3.0	3.0	3.0
YGL164C	3.0	3.0	3.0
YGL165C	1.0	1.0	1.0
YGL166W	3.0	3.0	3.0
YGL167C	1.0	1.0	1.0
YGL168W	3.0	3.0	2.5
YGL170C	3.0	3.0	3.0
YGL173C	3.0	1.0	2.0
YGL174W	3.0	3.0	3.0
YGL175C	3.0	3.0	3.0
YGL176C	3.0	3.0	3.0
YGL177W	3.0	3.0	3.0
YGL179C	3.0	3.0	3.0
YGL180W	3.0	3.0	3.0
YGL181W	3.0	3.0	3.0
YGL194C	3.0	3.0	3.0
YGL195W	3.0	3.0	3.0
YGL196W	3.0	3.0	3.0
YGL197W	3.0	2.0	2.5
YGL198W	3.0	2.0	3.0
YGL199C	3.0	3.0	3.0
YGL200C	3.0	3.0	3.0
YGL202W	3.0	3.0	3.0
YGL203C	2.0	2.0	3.0
YGL205W	1.0	1.0	3.0
YGL206C	1.0	1.0	1.0
YGL208W	3.0	3.0	3.0
YGL209W	3.0	3.0	3.0
YGL210W	3.0	3.0	3.0
YGL211W	1.0	2.0	3.0
YGL212W	3.0	2.0	3.0
YGL213C	3.0	3.0	3.0
YGL214W	3.0	3.0	3.0
YGL215W	3.0	2.0	3.0
YGL216W	3.0	3.0	3.0
YGL217C	3.0	3.0	3.0
YGL218W	3.0	2.0	2.0
YGL219C	3.0	3.0	3.0
YGL220W	3.0	3.0	3.0
YGL221C	3.0	3.0	3.0
YGL222C	3.0	3.0	3.0
YGL223C	3.0	3.0	3.0
YGL224C	3.0	3.0	3.0
YGL226C-A	3.0	3.0	3.0
YGL226W	3.0	3.0	3.0
YGL227W	3.0	3.0	3.0
YGL228W	3.0	3.0	3.0
YGL229C	3.0	3.0	3.0
YGL230C	3.0	3.0	3.0
YGL231C	3.0	3.0	3.0
YGL232W	3.0	3.0	3.0
YGL234W	3.0	3.0	3.0
YGL235W	3.0	3.0	3.0
YGL236C	3.0	3.0	3.0
YGL237C	1.0	1.0	2.0
YGL240W	1.0	1.0	1.0
YGL241W	3.0	3.0	3.0
YGL242C	3.0	3.0	3.0
YGL243W	3.0	3.0	3.0
YGL244W	1.0	1.0	1.0
YGL246C	1.0	1.0	1.0
YGL248W	3.0	3.0	3.0
YGL249W	3.0	3.0	3.0
YGL250W	3.0	3.0	3.0
YGL251C	2.0	3.0	2.5
YGL252C	3.0	3.0	3.0
YGL253W	3.0	3.0	3.0
YGL254W	3.0	3.0	3.0
YGL255W	3.0	3.0	3.0
YGL256W	3.0	3.0	3.0
YGL257C	3.0	3.0	3.0
YGL258W	3.0	3.0	3.0
YGL259W	3.0	3.0	3.0
YGL260W	3.0	3.0	3.0
YGL261C	3.0	3.0	3.0
YGL262W	3.0	3.0	3.0
YGL263W	3.0	3.0	3.0
YGR001C	3.0	3.0	3.0
YGR003W	3.0	3.0	3.0
YGR004W	3.0	3.0	3.0
YGR006W	1.0	1.0	1.0
YGR007W	3.0	3.0	3.0
YGR008C	3.0	3.0	3.0
YGR010W	3.0	3.0	3.0
YGR011W	3.0	3.0	3.0
YGR012W	3.0	3.0	3.0
YGR014W	3.0	3.0	3.0
YGR015C	3.0	3.0	3.0
YGR016W	3.0	3.0	3.0
YGR017W	3.0	3.0	3.0
YGR018C	3.0	3.0	3.0
YGR019W	3.0	3.0	3.0
YGR020C	1.0	1.0	1.0
YGR021W	3.0	3.0	3.0
YGR022C	3.0	3.0	3.0
YGR023W	3.0	3.0	3.0
YGR025W	3.0	3.0	3.0
YGR026W	3.0	3.0	3.0
YGR027C	3.0	3.0	3.0
YGR028W	3.0	3.0	3.0
YGR031W	3.0	3.0	3.0
YGR032W	3.0	3.0	3.0
YGR033C	3.0	3.0	3.0
YGR034W	3.0	3.0	3.0
YGR035C	3.0	3.0	3.0
YGR036C	1.0	1.0	1.0
YGR037C	3.0	3.0	3.0
YGR038W	3.0	3.0	3.0
YGR039W	3.0	3.0	3.0
YGR040W	3.0	3.0	3.0
YGR041W	3.0	3.0	3.0
YGR042W	3.0	3.0	3.0
YGR043C	3.0	3.0	3.0
YGR044C	3.0	3.0	3.0
YGR045C	3.0	3.0	3.0
YGR049W	3.0	3.0	3.0
YGR050C	3.0	3.0	3.0
YGR051C	3.0	3.0	3.0
YGR052W	3.0	3.0	3.0
YGR053C	3.0	3.0	3.0
YGR054W	3.0	3.0	3.0
YGR055W	3.0	3.0	3.0
YGR056W	3.0	1.0	3.0
YGR057C	3.0	3.0	3.0
YGR058W	3.0	3.0	3.0
YGR059W	3.0	3.0	3.0
YGR061C	3.0	3.0	3.0
YGR062C	1.0	1.0	2.0
YGR063C	3.0	3.0	3.0
YGR064W	3.0	3.0	3.0
YGR066C	3.0	3.0	3.0
YGR067C	3.0	3.0	3.0
YGR068C	3.0	3.0	3.0
YGR069W	3.0	3.0	3.0
YGR070W	3.0	3.0	3.0
YGR071C	3.0	3.0	3.0
YGR072W	3.0	2.0	3.0
YGR076C	1.0	1.0	2.0
YGR077C	1.0	1.0	3.0
YGR078C	3.0	2.0	3.0
YGR079W	3.0	3.0	3.0
YGR080W	3.0	3.0	3.0
YGR081C	3.0	3.0	3.0
YGR084C	3.0	3.0	3.0
YGR085C	3.0	3.0	3.0
YGR086C	3.0	3.0	3.0
YGR087C	3.0	3.0	3.0
YGR088W	3.0	3.0	3.0
YGR089W	3.0	3.0	3.0
YGR092W	3.0	3.0	3.0
YGR093W	3.0	3.0	3.0
YGR096W	3.0	3.0	3.0
YGR097W	3.0	3.0	3.0
YGR100W	3.0	3.0	3.0
YGR101W	1.0	1.0	1.0
YGR102C	1.0	1.0	2.0
YGR104C	1.0	1.0	1.0
YGR105W	1.0	1.0	2.0
YGR106C	3.0	3.0	3.0
YGR107W	3.0	3.0	3.0
YGR108W	3.0	3.0	3.0
YGR109C	3.0	3.0	3.0
YGR110W	3.0	3.0	3.0
YGR111W	3.0	3.0	3.0
YGR112W	1.0	1.0	2.0
YGR117C	3.0	3.0	3.0
YGR118W	3.0	3.0	3.0
YGR121C	3.0	3.0	3.0
YGR122C-A	3.0	3.0	3.0
YGR122W	3.0	3.0	3.0
YGR123C	3.0	3.0	3.0
YGR124W	3.0	3.0	3.0
YGR125W	3.0	3.0	3.0
YGR126W	3.0	3.0	3.0
YGR127W	3.0	3.0	3.0
YGR129W	3.0	3.0	3.0
YGR130C	3.0	3.0	3.0
YGR131W	3.0	3.0	3.0
YGR132C	3.0	3.0	3.0
YGR133W	1.0	1.0	3.0
YGR134W	3.0	3.0	3.0
YGR135W	3.0	1.0	3.0
YGR136W	3.0	3.0	3.0
YGR137W	3.0	3.0	3.0
YGR138C	3.0	3.0	3.0
YGR139W	3.0	3.0	3.0
YGR141W	3.0	3.0	3.0
YGR142W	3.0	3.0	3.0
YGR143W	3.0	3.0	3.0
YGR144W	3.0	3.0	3.0
YGR146C	3.0	3.0	3.0
YGR148C	3.0	3.0	3.0
YGR149W	3.0	3.0	3.0
YGR150C	1.0	1.0	2.0
YGR151C	3.0	3.0	3.0
YGR152C	3.0	3.0	3.0
YGR153W	3.0	3.0	3.0
YGR154C	3.0	3.0	3.0
YGR155W	3.0	2.0	2.0
YGR157W	3.0	3.0	3.0
YGR159C	3.0	3.0	3.0
YGR160W	3.0	3.0	3.0
YGR161C	3.0	3.0	3.0
YGR162W	3.0	3.0	3.0
YGR163W	3.0	3.0	3.0
YGR164W	3.0	3.0	3.0
YGR165W	1.0	1.0	1.0
YGR166W	3.0	3.0	3.0
YGR167W	1.0	1.0	2.0
YGR168C	3.0	3.0	3.0
YGR169C	3.0	3.0	3.0
YGR170W	3.0	3.0	3.0
YGR171C	1.0	1.0	2.0
YGR173W	3.0	3.0	3.0
YGR174C	1.0	1.0	2.0
YGR176W	3.0	3.0	3.0
YGR177C	3.0	3.0	3.0
YGR178C	3.0	3.0	3.0
YGR180C	1.0	1.0	2.0
YGR181W	3.0	3.0	3.0
YGR182C	3.0	3.0	3.0
YGR183C	1.0	1.0	1.0
YGR184C	3.0	3.0	3.0
YGR187C	3.0	3.0	3.0
YGR188C	3.0	3.0	3.0
YGR189C	3.0	3.0	3.0
YGR192C	3.0	3.0	3.0
YGR193C	3.0	3.0	3.0
YGR194C	3.0	3.0	3.0
YGR196C	3.0	3.0	3.0
YGR197C	3.0	3.0	3.0
YGR199W	3.0	3.0	3.0
YGR200C	3.0	3.0	3.0
YGR201C	3.0	3.0	3.0
YGR202C	3.0	3.0	3.0
YGR203W	3.0	3.0	3.0
YGR204W	3.0	3.0	3.0
YGR205W	3.0	3.0	3.0
YGR206W	3.0	3.0	3.0
YGR207C	3.0	3.0	3.0
YGR208W	3.0	3.0	3.0
YGR209C	3.0	3.0	3.0
YGR210C	3.0	3.0	3.0
YGR212W	3.0	3.0	3.0
YGR213C	3.0	3.0	3.0
YGR214W	3.0	3.0	3.0
YGR215W	1.0	1.0	2.0
YGR217W	3.0	2.0	3.0
YGR219W	1.0	1.0	1.0
YGR220C	1.0	1.0	1.0
YGR221C	3.0	3.0	3.0
YGR222W	1.0	1.0	1.0
YGR223C	3.0	3.0	3.0
YGR224W	3.0	3.0	3.0
YGR225W	3.0	3.0	3.0
YGR226C	3.0	3.0	3.0
YGR227W	3.0	3.0	3.0
YGR228W	3.0	3.0	3.0
YGR229C	2.0	2.0	3.0
YGR230W	3.0	3.0	3.0
YGR231C	3.0	3.0	3.0
YGR232W	3.0	3.0	3.0
YGR233C	3.0	3.0	2.5
YGR234W	3.0	3.0	3.0
YGR235C	3.0	3.0	3.0
YGR236C	3.0	3.0	3.0
YGR237C	3.0	3.0	3.0
YGR238C	3.0	3.0	3.0
YGR239C	3.0	3.0	3.0
YGR240C	1.0	1.0	1.0
YGR241C	3.0	3.0	3.0
YGR242W	3.0	3.0	3.0
YGR243W	1.0	1.0	1.0
YGR244C	1.0	1.0	3.0
YGR247W	3.0	3.0	3.0
YGR248W	3.0	3.0	3.0
YGR249W	3.0	3.0	3.0
YGR250C	3.0	3.0	3.0
YGR252W	3.0	1.0	2.5
YGR254W	3.0	3.0	3.0
YGR255C	1.0	1.0	1.0
YGR256W	3.0	3.0	3.0
YGR257C	1.0	1.0	1.0
YGR258C	3.0	3.0	3.0
YGR259C	3.0	3.0	3.0
YGR260W	3.0	2.0	3.0
YGR261C	3.0	3.0	3.0
YGR262C	3.0	2.0	2.0
YGR263C	3.0	3.0	3.0
YGR266W	3.0	3.0	3.0
YGR268C	3.0	3.0	3.0
YGR269W	3.0	3.0	3.0
YGR270W	3.0	3.0	3.0
YGR271C-A	3.0	3.0	3.0
YGR271W	3.0	3.0	3.0
YGR273C	3.0	3.0	3.0
YGR275W	3.0	3.0	3.0
YGR276C	3.0	3.0	3.0
YGR279C	3.0	3.0	3.0
YGR281W	3.0	3.0	3.0
YGR282C	3.0	3.0	3.0
YGR283C	3.0	3.0	3.0
YGR284C	3.0	3.0	3.0
YGR285C	3.0	3.0	3.0
YGR286C	3.0	3.0	3.0
YGR287C	3.0	3.0	3.0
YGR288W	3.0	3.0	3.0
YGR289C	3.0	3.0	3.0
YGR290W	3.0	3.0	3.0
YGR291C	3.0	3.0	3.0
YGR292W	3.0	3.0	3.0
YGR295C	3.0	3.0	3.0
YHL002W	3.0	3.0	3.0
YHL003C	3.0	3.0	3.0
YHL005C	3.0	3.0	2.5
YHL006C	3.0	3.0	3.0
YHL007C	3.0	3.0	3.0
YHL008C	3.0	3.0	3.0
YHL009C	3.0	3.0	3.0
YHL010C	3.0	3.0	3.0
YHL011C	3.0	3.0	3.0
YHL012W	3.0	3.0	3.0
YHL013C	3.0	3.0	3.0
YHL014C	3.0	3.0	3.0
YHL016C	3.0	3.0	3.0
YHL017W	3.0	3.0	3.0
YHL019C	3.0	3.0	3.0
YHL020C	3.0	3.0	3.0
YHL021C	3.0	3.0	3.0
YHL022C	3.0	3.0	3.0
YHL023C	3.0	3.0	3.0
YHL024W	3.0	3.0	3.0
YHL025W	3.0	3.0	3.0
YHL026C	3.0	3.0	3.0
YHL027W	3.0	3.0	3.0
YHL028W	3.0	3.0	3.0
YHL029C	3.0	3.0	3.0
YHL030W	3.0	3.0	3.0
YHL031C	3.0	3.0	3.0
YHL032C	3.0	3.0	3.0
YHL033C	3.0	3.0	3.0
YHL034C	3.0	3.0	3.0
YHL035C	3.0	3.0	3.0
YHL036W	3.0	3.0	3.0
YHL037C	3.0	3.0	3.0
YHL038C	1.0	1.0	2.0
YHL039W	3.0	3.0	3.0
YHL040C	3.0	2.0	3.0
YHL041W	3.0	3.0	3.0
YHL042W	3.0	3.0	3.0
YHL043W	3.0	3.0	3.0
YHL044W	3.0	2.0	3.0
YHL045W	3.0	3.0	3.0
YHL046C	3.0	3.0	3.0
YHL047C	3.0	3.0	3.0
YHR001W-A	3.0	3.0	3.0
YHR003C	3.0	3.0	3.0
YHR004C	1.0	1.0	2.5
YHR005C	3.0	3.0	3.0
YHR006W	1.0	1.0	1.0
YHR008C	3.0	3.0	3.0
YHR009C	1.0	1.0	1.0
YHR011W	1.0	1.0	2.0
YHR012W	3.0	3.0	3.0
YHR013C	3.0	3.0	3.0
YHR014W	3.0	3.0	3.0
YHR015W	3.0	3.0	3.0
YHR016C	3.0	3.0	3.0
YHR017W	3.0	3.0	3.0
YHR018C	3.0	3.0	3.0
YHR021C	3.0	3.0	3.0
YHR021W-A	3.0	3.0	3.0
YHR022C	3.0	3.0	3.0
YHR025W	3.0	3.0	3.0
YHR026W	1.0	1.0	2.0
YHR028C	3.0	3.0	3.0
YHR029C	3.0	3.0	3.0
YHR030C	2.0	2.0	3.0
YHR031C	3.0	3.0	3.0
YHR032W	3.0	3.0	3.0
YHR033W	3.0	3.0	3.0
YHR035W	3.0	3.0	3.0
YHR037W	3.0	3.0	3.0
YHR038W	1.0	1.0	1.0
YHR039C	3.0	3.0	3.0
YHR039C-A	1.0	1.0	2.0
YHR041C	1.0	2.0	3.0
YHR043C	3.0	3.0	3.0
YHR044C	3.0	3.0	3.0
YHR045W	3.0	3.0	3.0
YHR046C	3.0	3.0	3.0
YHR047C	3.0	3.0	3.0
YHR048W	3.0	3.0	3.0
YHR049C-A	3.0	3.0	3.0
YHR049W	3.0	3.0	3.0
YHR050W	3.0	3.0	3.0
YHR051W	1.0	1.0	2.0
YHR057C	3.0	3.0	3.0
YHR059W	3.0	2.0	2.5
YHR060W	1.0	1.0	2.0
YHR061C	3.0	3.0	3.0
YHR064C	3.0	3.0	3.0
YHR066W	3.0	3.0	3.0
YHR067W	1.0	1.0	2.0
YHR073W	3.0	3.0	3.0
YHR075C	2.0	1.0	3.0
YHR076W	3.0	3.0	3.0
YHR077C	3.0	3.0	3.0
YHR078W	3.0	3.0	3.0
YHR079C	3.0	3.0	3.0
YHR079C-A	3.0	3.0	3.0
YHR080C	3.0	3.0	3.0
YHR081W	3.0	3.0	3.0
YHR082C	3.0	3.0	3.0
YHR086W	3.0	3.0	3.0
YHR087W	3.0	3.0	3.0
YHR091C	1.0	1.0	2.0
YHR092C	3.0	3.0	3.0
YHR093W	3.0	3.0	3.0
YHR094C	3.0	3.0	3.0
YHR095W	3.0	3.0	3.0
YHR097C	3.0	3.0	3.0
YHR100C	3.0	3.0	2.5
YHR103W	3.0	3.0	3.0
YHR104W	3.0	3.0	3.0
YHR105W	3.0	3.0	3.0
YHR106W	3.0	3.0	3.0
YHR108W	3.0	3.0	3.0
YHR109W	3.0	3.0	3.0
YHR110W	3.0	3.0	3.0
YHR111W	3.0	3.0	3.0
YHR112C	3.0	3.0	3.0
YHR113W	3.0	3.0	3.0
YHR114W	3.0	3.0	3.0
YHR115C	3.0	4.0	3.0
YHR116W	3.0	3.0	2.5
YHR117W	3.0	3.0	3.0
YHR120W	1.0	1.0	2.0
YHR121W	3.0	3.0	3.0
YHR123W	3.0	3.0	3.0
YHR124W	3.0	3.0	3.0
YHR125W	3.0	3.0	3.0
YHR126C	3.0	3.0	3.0
YHR127W	3.0	3.0	3.0
YHR129C	2.0	2.0	3.0
YHR130C	3.0	3.0	3.0
YHR131C	3.0	3.0	3.0
YHR132C	3.0	3.0	3.0
YHR132W-A	3.0	3.0	3.0
YHR133C	3.0	3.0	3.0
YHR134W	3.0	3.0	3.0
YHR135C	3.0	3.0	3.0
YHR136C	3.0	3.0	3.0
YHR137W	3.0	3.0	3.0
YHR138C	3.0	3.0	3.0
YHR139C	3.0	3.0	3.0
YHR139C-A	3.0	3.0	3.0
YHR140W	3.0	3.0	3.0
YHR142W	3.0	3.0	3.0
YHR143W	3.0	3.0	3.0
YHR146W	3.0	3.0	3.0
YHR147C	1.0	1.0	2.0
YHR150W	3.0	3.0	3.0
YHR151C	3.0	3.0	3.0
YHR152W	3.0	3.0	3.0
YHR153C	3.0	3.0	3.0
YHR154W	3.0	3.0	3.0
YHR155W	3.0	3.0	3.0
YHR156C	3.0	3.0	3.0
YHR157W	3.0	3.0	3.0
YHR158C	3.0	3.0	3.0
YHR159W	3.0	3.0	3.0
YHR160C	2.0	2.0	3.0
YHR161C	3.0	3.0	3.0
YHR162W	3.0	3.0	3.0
YHR163W	3.0	3.0	3.0
YHR167W	3.0	3.0	3.0
YHR168W	1.0	1.0	1.0
YHR171W	3.0	3.0	3.0
YHR176W	3.0	3.0	3.0
YHR177W	3.0	3.0	3.0
YHR178W	3.0	3.0	3.0
YHR179W	3.0	3.0	3.0
YHR180W	3.0	3.0	3.0
YHR181W	3.0	3.0	3.0
YHR182W	3.0	3.0	3.0
YHR183W	3.0	3.0	3.0
YHR184W	3.0	3.0	3.0
YHR185C	3.0	3.0	3.0
YHR189W	3.0	3.0	3.0
YHR191C	3.0	3.0	3.0
YHR193C	3.0	3.0	3.0
YHR194W	1.0	3.0	2.0
YHR195W	3.0	3.0	3.0
YHR198C	3.0	3.0	3.0
YHR199C	3.0	3.0	3.0
YHR200W	3.0	3.0	3.0
YHR202W	3.0	3.0	3.0
YHR203C	3.0	3.0	3.0
YHR204W	3.0	3.0	3.0
YHR206W	3.0	3.0	3.0
YHR207C	3.0	3.0	3.0
YHR209W	3.0	3.0	3.0
YHR210C	3.0	3.0	3.0
YIL001W	3.0	3.0	3.0
YIL002C	3.0	3.0	3.0
YIL005W	3.0	3.0	3.0
YIL006W	3.0	3.0	3.0
YIL007C	3.0	3.0	3.0
YIL008W	3.0	2.0	3.0
YIL009C-A	1.0	1.0	1.0
YIL009W	3.0	3.0	3.0
YIL010W	3.0	3.0	3.0
YIL011W	3.0	3.0	3.0
YIL012W	3.0	3.0	3.0
YIL013C	3.0	3.0	3.0
YIL014C-A	3.0	3.0	3.0
YIL014W	3.0	3.0	3.0
YIL015W	3.0	3.0	3.0
YIL016W	3.0	3.0	3.0
YIL017C	3.0	3.0	3.0
YIL018W	3.0	2.0	3.0
YIL020C	3.0	3.0	3.0
YIL023C	3.0	3.0	3.0
YIL024C	3.0	3.0	3.0
YIL025C	3.0	3.0	3.0
YIL027C	3.0	3.0	3.0
YIL028W	3.0	3.0	3.0
YIL029C	3.0	4.0	3.0
YIL030C	3.0	3.0	3.0
YIL032C	3.0	3.0	3.0
YIL034C	3.0	3.0	3.0
YIL035C	3.0	3.0	3.0
YIL036W	3.0	3.0	3.0
YIL037C	3.0	3.0	3.0
YIL038C	3.0	3.0	3.0
YIL039W	1.0	1.0	1.0
YIL040W	3.0	3.0	3.0
YIL041W	3.0	3.0	3.0
YIL042C	3.0	3.0	3.0
YIL043C	3.0	3.0	3.0
YIL044C	3.0	3.0	3.0
YIL045W	3.0	3.0	3.0
YIL047C	3.0	3.0	3.0
YIL049W	3.0	3.0	3.0
YIL050W	3.0	3.0	3.0
YIL052C	2.0	2.0	3.0
YIL053W	3.0	3.0	3.0
YIL054W	3.0	3.0	3.0
YIL055C	3.0	3.0	3.0
YIL056W	3.0	3.0	3.0
YIL057C	3.0	3.0	3.0
YIL058W	3.0	3.0	3.0
YIL059C	3.0	3.0	3.0
YIL060W	3.0	3.0	3.0
YIL064W	3.0	3.0	3.0
YIL065C	3.0	3.0	3.0
YIL066C	3.0	3.0	3.0
YIL067C	3.0	3.0	3.0
YIL069C	3.0	3.0	3.0
YIL070C	3.0	3.0	3.0
YIL071C	3.0	3.0	3.0
YIL072W	3.0	3.0	3.0
YIL073C	3.0	3.0	3.0
YIL074C	3.0	3.0	3.0
YIL076W	3.0	3.0	2.5
YIL077C	3.0	3.0	3.0
YIL079C	3.0	3.0	3.0
YIL084C	3.0	3.0	3.0
YIL085C	3.0	3.0	3.0
YIL086C	3.0	3.0	3.0
YIL087C	3.0	3.0	3.0
YIL088C	3.0	3.0	3.0
YIL089W	3.0	3.0	3.0
YIL090W	1.0	1.0	1.0
YIL092W	3.0	3.0	3.0
YIL093C	3.0	3.0	3.0
YIL094C	3.0	3.0	3.0
YIL095W	3.0	3.0	3.0
YIL096C	3.0	3.0	3.0
YIL097W	3.0	3.0	3.0
YIL098C	3.0	3.0	3.0
YIL099W	3.0	3.0	3.0
YIL100W	3.0	3.0	3.0
YIL101C	3.0	3.0	3.0
YIL102C	2.0	2.0	3.0
YIL103W	3.0	3.0	3.0
YIL105C	3.0	3.0	3.0
YIL107C	3.0	3.0	3.0
YIL108W	3.0	3.0	3.0
YIL110W	3.0	3.0	3.0
YIL111W	1.0	1.0	1.0
YIL112W	3.0	3.0	3.0
YIL113W	3.0	3.0	3.0
YIL114C	3.0	3.0	3.0
YIL116W	3.0	3.0	3.0
YIL117C	3.0	3.0	3.0
YIL119C	3.0	3.0	3.0
YIL120W	3.0	3.0	3.0
YIL121W	3.0	3.0	3.0
YIL122W	3.0	3.0	3.0
YIL123W	3.0	3.0	3.0
YIL124W	3.0	3.0	3.0
YIL125W	1.0	1.0	2.0
YIL128W	3.0	3.0	2.5
YIL130W	3.0	3.0	3.0
YIL131C	3.0	3.0	3.0
YIL132C	3.0	3.0	3.0
YIL133C	3.0	3.0	3.0
YIL134W	3.0	3.0	3.0
YIL135C	3.0	3.0	3.0
YIL136W	3.0	3.0	3.0
YIL137C	3.0	3.0	3.0
YIL138C	3.0	3.0	3.0
YIL139C	3.0	3.0	3.0
YIL140W	3.0	3.0	3.0
YIL141W	3.0	3.0	3.0
YIL145C	3.0	3.0	3.0
YIL146C	3.0	3.0	3.0
YIL148W	3.0	3.0	3.0
YIL149C	3.0	3.0	3.0
YIL152W	3.0	3.0	3.0
YIL153W	3.0	2.0	2.5
YIL154C	3.0	3.0	3.0
YIL155C	3.0	3.0	3.0
YIL156W	3.0	3.0	3.0
YIL157C	1.0	1.0	2.0
YIL158W	3.0	3.0	3.0
YIL159W	3.0	3.0	3.0
YIL160C	1.0	2.0	3.0
YIL161W	3.0	3.0	3.0
YIL162W	3.0	3.0	3.0
YIL163C	3.0	3.0	3.0
YIL164C	3.0	3.0	3.0
YIL165C	3.0	4.0	3.0
YIL166C	3.0	3.0	3.0
YIL173W	3.0	3.0	3.0
YIR001C	3.0	3.0	3.0
YIR002C	3.0	3.0	3.0
YIR003W	3.0	3.0	3.0
YIR004W	2.0	2.0	3.0
YIR005W	3.0	3.0	3.0
YIR007W	3.0	3.0	3.0
YIR009W	3.0	3.0	3.0
YIR013C	3.0	3.0	3.0
YIR014W	3.0	3.0	3.0
YIR016W	3.0	3.0	3.0
YIR017C	3.0	3.0	3.0
YIR018W	3.0	3.0	3.0
YIR019C	3.0	3.0	3.0
YIR020C	3.0	3.0	3.0
YIR020W-A	3.0	3.0	3.0
YIR021W	1.0	1.0	1.0
YIR023W	3.0	3.0	3.0
YIR024C	3.0	3.0	3.0
YIR025W	3.0	3.0	3.0
YIR026C	3.0	3.0	3.0
YIR027C	3.0	3.0	3.0
YIR028W	3.0	3.0	3.0
YIR029W	3.0	3.0	3.0
YIR030C	3.0	3.0	3.0
YIR031C	3.0	3.0	3.0
YIR032C	3.0	3.0	3.0
YIR033W	3.0	3.0	3.0
YIR034C	3.0	3.0	3.0
YIR035C	3.0	3.0	3.0
YIR036C	3.0	3.0	3.0
YIR037W	3.0	3.0	3.0
YIR038C	3.0	3.0	3.0
YIR039C	3.0	3.0	3.0
YIR042C	3.0	3.0	3.0
YJL003W	1.0	1.0	1.0
YJL004C	3.0	3.0	3.0
YJL006C	3.0	3.0	3.0
YJL007C	3.0	3.0	3.0
YJL012C	3.0	3.0	3.0
YJL013C	3.0	3.0	3.0
YJL016W	3.0	3.0	3.0
YJL020C	3.0	3.0	3.0
YJL022W	3.0	3.0	3.0
YJL023C	3.0	3.0	3.0
YJL024C	3.0	3.0	3.0
YJL027C	3.0	3.0	3.0
YJL028W	3.0	3.0	3.0
YJL029C	3.0	3.0	3.0
YJL030W	3.0	3.0	3.0
YJL036W	3.0	3.0	3.0
YJL037W	3.0	3.0	3.0
YJL038C	3.0	3.0	3.0
YJL042W	3.0	3.0	3.0
YJL043W	3.0	3.0	3.0
YJL044C	3.0	3.0	3.0
YJL045W	3.0	3.0	3.0
YJL046W	1.0	1.0	2.0
YJL047C	3.0	3.0	3.0
YJL048C	3.0	3.0	3.0
YJL049W	3.0	3.0	3.0
YJL051W	3.0	3.0	3.0
YJL052W	3.0	3.0	3.0
YJL053W	3.0	3.0	3.0
YJL055W	3.0	3.0	3.0
YJL056C	3.0	3.0	2.5
YJL057C	3.0	3.0	3.0
YJL058C	3.0	3.0	3.0
YJL059W	3.0	3.0	3.0
YJL060W	3.0	3.0	3.0
YJL062W	3.0	3.0	3.0
YJL063C	1.0	1.0	1.0
YJL064W	3.0	3.0	3.0
YJL065C	3.0	3.0	3.0
YJL066C	3.0	3.0	3.0
YJL067W	3.0	3.0	3.0
YJL068C	3.0	3.0	3.0
YJL070C	3.0	3.0	3.0
YJL071W	3.0	3.0	3.0
YJL073W	3.0	3.0	3.0
YJL075C	1.0	2.0	2.0
YJL077C	3.0	3.0	3.0
YJL078C	3.0	3.0	3.0
YJL079C	3.0	3.0	2.0
YJL080C	1.0	1.0	1.0
YJL082W	3.0	3.0	3.0
YJL083W	3.0	3.0	3.0
YJL084C	3.0	3.0	3.0
YJL088W	3.0	3.0	3.0
YJL089W	3.0	3.0	3.0
YJL092W	3.0	3.0	3.0
YJL093C	3.0	3.0	3.0
YJL094C	3.0	3.0	2.5
YJL095W	1.0	2.0	3.0
YJL096W	1.0	1.0	2.0
YJL098W	3.0	3.0	3.0
YJL099W	3.0	3.0	3.0
YJL100W	3.0	3.0	3.0
YJL101C	2.0	2.0	2.5
YJL102W	1.0	1.0	1.0
YJL103C	3.0	3.0	3.0
YJL105W	3.0	3.0	3.0
YJL106W	3.0	3.0	3.0
YJL107C	3.0	3.0	3.0
YJL108C	3.0	3.0	3.0
YJL110C	3.0	3.0	3.0
YJL112W	3.0	3.0	3.0
YJL115W	3.0	3.0	3.0
YJL116C	2.0	1.0	3.0
YJL117W	3.0	3.0	2.0
YJL118W	3.0	3.0	3.0
YJL119C	3.0	3.0	3.0
YJL120W	3.0	3.0	3.0
YJL121C	3.0	3.0	3.0
YJL122W	3.0	3.0	3.0
YJL123C	3.0	3.0	3.0
YJL124C	1.0	1.0	2.0
YJL126W	3.0	3.0	3.0
YJL127C	1.0	2.0	2.5
YJL128C	3.0	3.0	3.0
YJL129C	3.0	3.0	3.0
YJL130C	3.0	3.0	3.0
YJL131C	3.0	1.0	2.0
YJL132W	3.0	3.0	3.0
YJL133W	3.0	4.0	3.0
YJL134W	3.0	3.0	3.0
YJL135W	3.0	3.0	3.0
YJL136C	3.0	3.0	3.0
YJL137C	3.0	3.0	3.0
YJL138C	3.0	3.0	3.0
YJL139C	3.0	3.0	3.0
YJL140W	1.0	1.0	2.0
YJL141C	3.0	3.0	3.0
YJL142C	3.0	3.0	3.0
YJL144W	3.0	3.0	3.0
YJL145W	3.0	3.0	3.0
YJL146W	3.0	3.0	3.0
YJL147C	3.0	3.0	3.0
YJL148W	3.0	3.0	3.0
YJL149W	3.0	2.0	3.0
YJL150W	3.0	3.0	3.0
YJL151C	3.0	3.0	3.0
YJL152W	3.0	3.0	3.0
YJL153C	3.0	3.0	3.0
YJL154C	1.0	1.0	1.0
YJL155C	3.0	3.0	3.0
YJL157C	3.0	3.0	3.0
YJL158C	3.0	3.0	2.5
YJL159W	3.0	3.0	3.0
YJL160C	3.0	2.0	3.0
YJL161W	3.0	3.0	3.0
YJL162C	3.0	3.0	3.0
YJL163C	3.0	3.0	3.0
YJL164C	1.0	1.0	1.0
YJL165C	3.0	3.0	3.0
YJL166W	3.0	3.0	3.0
YJL168C	3.0	3.0	3.0
YJL169W	3.0	3.0	3.0
YJL170C	3.0	3.0	3.0
YJL171C	3.0	3.0	3.0
YJL172W	3.0	3.0	3.0
YJL175W	3.0	2.0	3.0
YJL176C	1.0	1.0	1.0
YJL177W	3.0	3.0	3.0
YJL178C	3.0	3.0	3.0
YJL179W	3.0	3.0	3.0
YJL180C	1.0	1.0	2.0
YJL181W	3.0	3.0	3.0
YJL182C	3.0	3.0	3.0
YJL183W	3.0	3.0	3.0
YJL184W	1.0	1.0	2.0
YJL185C	3.0	3.0	3.0
YJL186W	3.0	3.0	3.0
YJL187C	3.0	3.0	3.0
YJL188C	3.0	3.0	2.0
YJL189W	3.0	3.0	2.0
YJL190C	3.0	3.0	3.0
YJL191W	3.0	3.0	3.0
YJL192C	3.0	3.0	3.0
YJL193W	3.0	3.0	3.0
YJL196C	3.0	3.0	3.0
YJL197W	3.0	3.0	3.0
YJL198W	3.0	3.0	3.0
YJL199C	3.0	3.0	3.0
YJL200C	3.0	3.0	3.0
YJL201W	3.0	3.0	3.0
YJL204C	3.0	2.0	3.0
YJL206C	3.0	3.0	3.0
YJL207C	3.0	3.0	3.0
YJL208C	3.0	3.0	3.0
YJL209W	1.0	1.0	2.0
YJL210W	3.0	3.0	3.0
YJL211C	1.0	1.0	3.0
YJL212C	1.0	2.0	3.0
YJL213W	3.0	3.0	3.0
YJL214W	3.0	3.0	3.0
YJL215C	3.0	3.0	3.0
YJL216C	3.0	3.0	3.0
YJL217W	3.0	3.0	3.0
YJL218W	3.0	3.0	3.0
YJR001W	3.0	3.0	3.0
YJR003C	3.0	3.0	3.0
YJR004C	3.0	3.0	3.0
YJR005W	3.0	3.0	3.0
YJR008W	3.0	3.0	3.0
YJR009C	3.0	3.0	3.0
YJR010C-A	3.0	3.0	3.0
YJR010W	3.0	3.0	3.0
YJR011C	3.0	3.0	3.0
YJR014W	3.0	3.0	3.0
YJR015W	3.0	3.0	3.0
YJR018W	3.0	3.0	3.0
YJR019C	3.0	3.0	3.0
YJR020W	3.0	3.0	3.0
YJR021C	3.0	3.0	3.0
YJR024C	3.0	3.0	3.0
YJR025C	3.0	3.0	3.0
YJR030C	3.0	3.0	3.0
YJR031C	3.0	3.0	3.0
YJR032W	3.0	3.0	3.0
YJR033C	3.0	3.0	3.0
YJR034W	3.0	3.0	3.0
YJR035W	3.0	3.0	3.0
YJR036C	3.0	3.0	3.0
YJR037W	3.0	3.0	3.0
YJR038C	3.0	3.0	3.0
YJR039W	3.0	3.0	3.0
YJR040W	3.0	3.0	2.0
YJR043C	3.0	3.0	3.0
YJR044C	3.0	3.0	3.0
YJR047C	3.0	3.0	3.0
YJR048W	1.0	1.0	2.0
YJR049C	3.0	3.0	3.0
YJR050W	3.0	3.0	3.0
YJR051W	3.0	3.0	3.0
YJR052W	3.0	3.0	3.0
YJR053W	3.0	3.0	3.0
YJR054W	3.0	3.0	3.0
YJR055W	3.0	3.0	3.0
YJR056C	3.0	3.0	3.0
YJR058C	3.0	3.0	3.0
YJR059W	3.0	2.0	3.0
YJR060W	3.0	2.0	3.0
YJR061W	3.0	3.0	3.0
YJR062C	3.0	3.0	3.0
YJR063W	3.0	3.0	3.0
YJR066W	3.0	3.0	3.0
YJR069C	1.0	1.0	1.0
YJR070C	3.0	3.0	3.0
YJR073C	3.0	3.0	3.0
YJR074W	3.0	3.0	3.0
YJR075W	3.0	3.0	3.0
YJR077C	3.0	1.0	2.5
YJR078W	3.0	3.0	3.0
YJR079W	3.0	3.0	2.5
YJR080C	3.0	3.0	3.0
YJR082C	3.0	3.0	3.0
YJR083C	3.0	3.0	3.0
YJR084W	1.0	1.0	1.0
YJR087W	3.0	3.0	3.0
YJR088C	3.0	3.0	3.0
YJR090C	3.0	3.0	3.0
YJR091C	3.0	3.0	3.0
YJR092W	3.0	3.0	3.0
YJR094C	3.0	3.0	3.0
YJR094W-A	3.0	3.0	3.0
YJR095W	3.0	3.0	3.0
YJR096W	3.0	3.0	3.0
YJR097W	3.0	3.0	3.0
YJR098C	3.0	3.0	3.0
YJR099W	3.0	3.0	3.0
YJR100C	3.0	3.0	3.0
YJR102C	1.0	2.0	2.5
YJR103W	3.0	3.0	3.0
YJR104C	3.0	3.0	3.0
YJR105W	1.0	2.0	3.0
YJR106W	3.0	3.0	3.0
YJR107W	3.0	3.0	3.0
YJR108W	3.0	3.0	3.0
YJR109C	3.0	3.0	3.0
YJR110W	3.0	3.0	3.0
YJR111C	3.0	3.0	3.0
YJR113C	3.0	3.0	3.0
YJR115W	3.0	3.0	3.0
YJR116W	1.0	1.0	1.0
YJR117W	3.0	3.0	3.0
YJR118C	3.0	3.0	3.0
YJR119C	3.0	3.0	3.0
YJR120W	3.0	3.0	3.0
YJR121W	3.0	3.0	3.0
YJR122W	3.0	3.0	3.0
YJR124C	3.0	3.0	3.0
YJR125C	3.0	3.0	3.0
YJR126C	3.0	3.0	3.0
YJR127C	3.0	3.0	3.0
YJR128W	3.0	3.0	3.0
YJR129C	3.0	3.0	3.0
YJR130C	3.0	3.0	3.0
YJR131W	3.0	3.0	3.0
YJR133W	3.0	3.0	3.0
YJR134C	3.0	3.0	3.0
YJR135C	3.0	3.0	3.0
YJR137C	3.0	3.0	3.0
YJR139C	3.0	3.0	3.0
YJR140C	3.0	3.0	3.0
YJR142W	3.0	3.0	3.0
YJR144W	3.0	3.0	3.0
YJR145C	3.0	3.0	3.0
YJR146W	3.0	3.0	3.0
YJR147W	3.0	3.0	3.0
YJR148W	3.0	3.0	3.0
YJR149W	3.0	3.0	3.0
YJR150C	3.0	3.0	3.0
YJR152W	3.0	3.0	3.0
YJR153W	3.0	3.0	2.5
YJR154W	3.0	3.0	3.0
YKL001C	3.0	2.0	3.0
YKL002W	1.0	3.0	2.0
YKL003C	1.0	1.0	2.0
YKL005C	3.0	3.0	3.0
YKL006W	3.0	3.0	3.0
YKL007W	3.0	2.0	3.0
YKL008C	3.0	3.0	3.0
YKL009W	3.0	3.0	2.5
YKL010C	3.0	3.0	3.0
YKL011C	3.0	3.0	3.0
YKL015W	2.0	2.0	3.0
YKL016C	1.0	1.0	2.0
YKL017C	3.0	3.0	3.0
YKL020C	3.0	3.0	3.0
YKL023W	3.0	3.0	3.0
YKL025C	3.0	3.0	3.0
YKL026C	3.0	3.0	3.0
YKL027W	3.0	3.0	3.0
YKL029C	3.0	3.0	3.0
YKL030W	3.0	3.0	3.0
YKL031W	3.0	3.0	3.0
YKL032C	3.0	2.0	3.0
YKL033W-A	3.0	3.0	3.0
YKL034W	3.0	3.0	3.0
YKL037W	3.0	3.0	3.0
YKL038W	3.0	3.0	3.0
YKL039W	3.0	3.0	3.0
YKL040C	1.0	2.0	2.0
YKL041W	1.0	1.0	1.0
YKL043W	3.0	3.0	3.0
YKL044W	3.0	3.0	3.0
YKL046C	3.0	3.0	3.0
YKL047W	3.0	3.0	3.0
YKL048C	3.0	2.0	3.0
YKL050C	3.0	3.0	3.0
YKL051W	3.0	3.0	3.0
YKL053C-A	3.0	3.0	3.0
YKL053W	3.0	3.0	3.0
YKL054C	1.0	1.0	2.0
YKL055C	1.0	1.0	2.0
YKL056C	3.0	3.0	3.0
YKL057C	3.0	3.0	3.0
YKL061W	3.0	3.0	3.0
YKL062W	3.0	3.0	3.0
YKL063C	3.0	3.0	3.0
YKL064W	3.0	3.0	3.0
YKL065C	3.0	3.0	3.0
YKL066W	3.0	3.0	3.0
YKL067W	3.0	3.0	3.0
YKL068W	3.0	3.0	3.0
YKL069W	3.0	3.0	3.0
YKL070W	3.0	3.0	3.0
YKL071W	3.0	3.0	3.0
YKL072W	3.0	3.0	3.0
YKL073W	3.0	3.0	3.0
YKL074C	3.0	3.0	3.0
YKL075C	3.0	3.0	3.0
YKL076C	3.0	3.0	3.0
YKL077W	3.0	3.0	3.0
YKL079W	3.0	3.0	3.0
YKL080W	1.0	1.0	2.0
YKL081W	3.0	3.0	3.0
YKL084W	3.0	2.0	3.0
YKL085W	3.0	1.0	2.0
YKL086W	3.0	3.0	3.0
YKL087C	1.0	3.0	2.0
YKL090W	3.0	3.0	3.0
YKL091C	3.0	3.0	3.0
YKL092C	3.0	3.0	3.0
YKL093W	3.0	3.0	3.0
YKL094W	3.0	3.0	3.0
YKL096W	3.0	3.0	3.0
YKL096W-A	3.0	3.0	3.0
YKL097C	3.0	3.0	3.0
YKL098W	3.0	3.0	3.0
YKL100C	3.0	3.0	3.0
YKL101W	3.0	3.0	3.0
YKL102C	3.0	3.0	3.0
YKL103C	3.0	3.0	3.0
YKL105C	3.0	3.0	3.0
YKL106W	3.0	3.0	2.0
YKL107W	3.0	3.0	3.0
YKL109W	3.0	2.0	2.0
YKL110C	3.0	2.0	3.0
YKL113C	3.0	3.0	3.0
YKL114C	1.0	1.0	2.0
YKL115C	3.0	3.0	3.0
YKL116C	3.0	3.0	3.0
YKL117W	3.0	3.0	3.0
YKL118W	1.0	1.0	2.0
YKL119C	1.0	1.0	1.0
YKL120W	3.0	3.0	3.0
YKL121W	3.0	3.0	3.0
YKL123W	3.0	3.0	3.0
YKL124W	3.0	3.0	3.0
YKL126W	3.0	3.0	3.0
YKL127W	3.0	3.0	3.0
YKL128C	3.0	3.0	3.0
YKL129C	3.0	3.0	3.0
YKL130C	3.0	3.0	3.0
YKL131W	3.0	3.0	3.0
YKL132C	3.0	3.0	3.0
YKL133C	3.0	3.0	3.0
YKL134C	1.0	1.0	2.0
YKL135C	3.0	3.0	3.0
YKL136W	3.0	3.0	3.0
YKL137W	3.0	3.0	2.0
YKL138C	1.0	1.0	2.0
YKL139W	1.0	1.0	1.0
YKL140W	3.0	3.0	3.0
YKL142W	3.0	3.0	3.0
YKL143W	3.0	3.0	3.0
YKL146W	3.0	3.0	3.0
YKL148C	2.0	1.0	2.0
YKL149C	3.0	3.0	3.0
YKL150W	3.0	3.0	3.0
YKL151C	3.0	3.0	3.0
YKL155C	1.0	1.0	1.0
YKL156W	3.0	3.0	3.0
YKL157W	3.0	3.0	3.0
YKL159C	3.0	3.0	3.0
YKL160W	3.0	1.0	3.0
YKL161C	3.0	3.0	3.0
YKL162C	3.0	3.0	3.0
YKL162C-A	3.0	3.0	3.0
YKL163W	3.0	3.0	3.0
YKL164C	3.0	3.0	3.0
YKL166C	3.0	3.0	3.0
YKL167C	3.0	2.0	2.0
YKL168C	3.0	3.0	3.0
YKL169C	1.0	1.0	2.0
YKL170W	1.0	1.0	2.0
YKL171W	3.0	3.0	3.0
YKL174C	3.0	3.0	3.0
YKL175W	3.0	3.0	3.0
YKL176C	3.0	3.0	3.0
YKL177W	3.0	3.0	3.0
YKL178C	3.0	2.0	2.5
YKL179C	3.0	3.0	3.0
YKL183W	3.0	3.0	3.0
YKL184W	3.0	3.0	3.0
YKL185W	3.0	3.0	3.0
YKL187C	1.0	2.0	3.0
YKL188C	2.0	3.0	3.0
YKL190W	3.0	3.0	3.0
YKL191W	3.0	3.0	3.0
YKL194C	1.0	1.0	1.0
YKL197C	1.0	1.0	3.0
YKL198C	3.0	3.0	3.0
YKL201C	3.0	3.0	3.0
YKL202W	3.0	3.0	3.0
YKL204W	3.0	2.0	3.0
YKL205W	3.0	3.0	3.0
YKL206C	3.0	3.0	3.0
YKL207W	3.0	3.0	3.0
YKL208W	3.0	2.0	2.0
YKL211C	3.0	3.0	3.0
YKL212W	1.0	1.0	1.0
YKL213C	1.0	1.0	1.0
YKL214C	3.0	3.0	3.0
YKL215C	3.0	3.0	3.0
YKL216W	3.0	3.0	3.0
YKL217W	3.0	3.0	3.0
YKL218C	3.0	3.0	3.0
YKL220C	3.0	3.0	3.0
YKL221W	3.0	3.0	3.0
YKL222C	3.0	3.0	3.0
YKR001C	2.0	2.0	2.0
YKR003W	3.0	3.0	3.0
YKR005C	3.0	3.0	3.0
YKR006C	1.0	1.0	2.0
YKR007W	3.0	3.0	3.0
YKR009C	1.0	1.0	3.0
YKR010C	3.0	2.0	3.0
YKR011C	3.0	3.0	3.0
YKR012C	3.0	3.0	3.0
YKR013W	3.0	3.0	3.0
YKR014C	3.0	3.0	3.0
YKR015C	3.0	3.0	3.0
YKR016W	3.0	2.0	3.0
YKR017C	3.0	3.0	3.0
YKR018C	3.0	3.0	3.0
YKR019C	3.0	3.0	3.0
YKR020W	1.0	3.0	2.0
YKR021W	3.0	3.0	3.0
YKR023W	3.0	3.0	3.0
YKR024C	3.0	3.0	3.0
YKR026C	3.0	3.0	3.0
YKR027W	3.0	3.0	3.0
YKR028W	2.0	2.0	3.0
YKR029C	3.0	3.0	3.0
YKR030W	3.0	3.0	3.0
YKR031C	3.0	3.0	3.0
YKR032W	3.0	3.0	3.0
YKR033C	3.0	3.0	3.0
YKR034W	3.0	3.0	3.0
YKR035C	3.0	2.0	3.0
YKR035W-A	1.0	1.0	3.0
YKR036C	3.0	3.0	3.0
YKR039W	3.0	3.0	3.0
YKR040C	3.0	3.0	3.0
YKR041W	3.0	3.0	3.0
YKR042W	3.0	3.0	3.0
YKR043C	3.0	3.0	3.0
YKR044W	3.0	3.0	3.0
YKR045C	3.0	3.0	3.0
YKR046C	3.0	3.0	3.0
YKR047W	3.0	3.0	3.0
YKR048C	3.0	3.0	3.0
YKR049C	3.0	3.0	3.0
YKR050W	3.0	3.0	3.0
YKR051W	3.0	3.0	3.0
YKR052C	3.0	3.0	3.0
YKR053C	3.0	3.0	3.0
YKR054C	3.0	3.0	3.0
YKR055W	3.0	3.0	3.0
YKR056W	3.0	3.0	3.0
YKR057W	3.0	3.0	3.0
YKR058W	3.0	3.0	3.0
YKR059W	3.0	3.0	3.0
YKR060W	3.0	3.0	3.0
YKR061W	3.0	3.0	3.0
YKR064W	3.0	3.0	3.0
YKR065C	3.0	3.0	3.0
YKR066C	3.0	3.0	3.0
YKR067W	3.0	3.0	3.0
YKR069W	3.0	3.0	3.0
YKR070W	3.0	3.0	3.0
YKR072C	3.0	3.0	3.0
YKR073C	3.0	3.0	3.0
YKR074W	3.0	3.0	3.0
YKR075C	3.0	3.0	3.0
YKR076W	3.0	3.0	3.0
YKR077W	3.0	3.0	3.0
YKR078W	3.0	3.0	3.0
YKR080W	3.0	3.0	3.0
YKR082W	3.0	3.0	3.0
YKR084C	3.0	3.0	3.0
YKR085C	1.0	1.0	1.0
YKR087C	3.0	3.0	3.0
YKR088C	3.0	3.0	3.0
YKR089C	3.0	3.0	3.0
YKR090W	3.0	3.0	3.0
YKR091W	3.0	3.0	3.0
YKR092C	3.0	3.0	3.0
YKR093W	3.0	3.0	3.0
YKR094C	3.0	3.0	3.0
YKR095W	3.0	3.0	3.0
YKR096W	3.0	3.0	3.0
YKR097W	1.0	1.0	2.0
YKR098C	3.0	3.0	3.0
YKR099W	3.0	3.0	3.0
YKR100C	3.0	3.0	3.0
YKR101W	3.0	3.0	3.0
YKR102W	3.0	3.0	3.0
YKR103W	3.0	3.0	3.0
YKR104W	3.0	3.0	3.0
YKR105C	3.0	3.0	3.0
YKR106W	3.0	3.0	3.0
YLL001W	3.0	3.0	3.0
YLL002W	3.0	3.0	3.0
YLL005C	3.0	3.0	3.0
YLL006W	3.0	3.0	3.0
YLL007C	3.0	1.0	1.0
YLL009C	1.0	1.0	2.0
YLL010C	3.0	3.0	3.0
YLL012W	3.0	3.0	3.0
YLL013C	3.0	3.0	3.0
YLL014W	3.0	3.0	3.0
YLL015W	2.0	2.0	3.0
YLL018C-A	1.0	1.0	1.0
YLL019C	2.0	1.0	3.0
YLL020C	2.0	3.0	3.0
YLL021W	3.0	3.0	3.0
YLL023C	3.0	3.0	3.0
YLL024C	3.0	3.0	3.0
YLL025W	3.0	3.0	3.0
YLL026W	3.0	3.0	3.0
YLL027W	1.0	1.0	2.0
YLL028W	3.0	3.0	3.0
YLL029W	3.0	3.0	3.0
YLL030C	3.0	3.0	3.0
YLL032C	3.0	3.0	3.0
YLL033W	1.0	1.0	2.0
YLL038C	3.0	3.0	3.0
YLL039C	2.0	2.0	3.0
YLL040C	3.0	3.0	3.0
YLL041C	1.0	1.0	1.0
YLL042C	1.0	1.0	2.0
YLL043W	3.0	3.0	3.0
YLL044W	3.0	3.0	3.0
YLL045C	3.0	3.0	3.0
YLL046C	1.0	1.0	1.0
YLL047W	3.0	3.0	3.0
YLL048C	3.0	3.0	3.0
YLL049W	3.0	3.0	3.0
YLL051C	3.0	3.0	3.0
YLL052C	3.0	3.0	3.0
YLL053C	3.0	3.0	3.0
YLL054C	3.0	3.0	3.0
YLL055W	3.0	3.0	3.0
YLL056C	3.0	3.0	3.0
YLL057C	3.0	3.0	3.0
YLL058W	3.0	3.0	3.0
YLL059C	3.0	3.0	3.0
YLL060C	3.0	3.0	3.0
YLL061W	3.0	3.0	3.0
YLL062C	3.0	3.0	3.0
YLL063C	3.0	3.0	3.0
YLR001C	3.0	3.0	3.0
YLR003C	3.0	3.0	3.0
YLR004C	3.0	3.0	3.0
YLR006C	3.0	3.0	3.0
YLR011W	3.0	3.0	3.0
YLR012C	3.0	3.0	3.0
YLR013W	3.0	3.0	3.0
YLR014C	3.0	2.0	3.0
YLR015W	3.0	3.0	3.0
YLR016C	3.0	3.0	3.0
YLR017W	3.0	3.0	3.0
YLR018C	3.0	3.0	3.0
YLR019W	3.0	3.0	3.0
YLR020C	3.0	3.0	3.0
YLR021W	3.0	3.0	3.0
YLR023C	3.0	3.0	3.0
YLR024C	1.0	1.0	3.0
YLR025W	1.0	1.0	3.0
YLR027C	3.0	3.0	3.0
YLR028C	3.0	3.0	3.0
YLR030W	3.0	3.0	3.0
YLR031W	3.0	3.0	3.0
YLR032W	3.0	3.0	3.0
YLR034C	3.0	3.0	3.0
YLR035C	3.0	3.0	3.0
YLR036C	3.0	3.0	3.0
YLR037C	3.0	3.0	3.0
YLR038C	1.0	1.0	2.0
YLR039C	3.0	3.0	3.0
YLR040C	3.0	3.0	3.0
YLR041W	3.0	3.0	3.0
YLR042C	3.0	3.0	3.0
YLR043C	3.0	3.0	3.0
YLR044C	3.0	3.0	3.0
YLR046C	3.0	3.0	3.0
YLR047C	3.0	3.0	3.0
YLR048W	3.0	3.0	3.0
YLR049C	3.0	3.0	3.0
YLR050C	3.0	3.0	3.0
YLR052W	3.0	3.0	3.0
YLR053C	3.0	3.0	3.0
YLR054C	3.0	3.0	3.0
YLR055C	3.0	3.0	3.0
YLR056W	3.0	2.0	3.0
YLR057W	3.0	3.0	3.0
YLR058C	3.0	3.0	3.0
YLR059C	3.0	3.0	3.0
YLR061W	1.0	1.0	1.0
YLR062C	1.0	1.0	1.0
YLR063W	3.0	3.0	3.0
YLR064W	3.0	3.0	3.0
YLR065C	3.0	2.0	3.0
YLR067C	1.0	1.0	2.0
YLR068W	3.0	3.0	3.0
YLR069C	1.0	1.0	2.0
YLR070C	1.0	1.0	2.0
YLR072W	3.0	3.0	3.0
YLR073C	3.0	3.0	3.0
YLR074C	3.0	3.0	3.0
YLR077W	3.0	3.0	3.0
YLR079W	3.0	3.0	3.0
YLR080W	3.0	3.0	3.0
YLR081W	3.0	3.0	3.0
YLR082C	3.0	3.0	3.0
YLR083C	3.0	3.0	3.0
YLR084C	3.0	3.0	3.0
YLR085C	3.0	3.0	3.0
YLR087C	3.0	3.0	3.0
YLR089C	3.0	3.0	3.0
YLR090W	3.0	3.0	3.0
YLR091W	1.0	1.0	2.0
YLR092W	3.0	3.0	3.0
YLR093C	3.0	3.0	3.0
YLR094C	3.0	3.0	3.0
YLR095C	3.0	3.0	3.0
YLR096W	3.0	3.0	3.0
YLR097C	3.0	3.0	3.0
YLR098C	3.0	3.0	3.0
YLR099C	3.0	3.0	3.0
YLR102C	3.0	3.0	3.0
YLR104W	3.0	3.0	3.0
YLR107W	3.0	3.0	3.0
YLR108C	3.0	3.0	3.0
YLR109W	3.0	3.0	3.0
YLR110C	3.0	3.0	3.0
YLR111W	3.0	3.0	3.0
YLR112W	3.0	3.0	3.0
YLR113W	3.0	3.0	3.0
YLR114C	3.0	2.0	3.0
YLR118C	3.0	3.0	3.0
YLR119W	3.0	3.0	3.0
YLR120C	3.0	3.0	3.0
YLR121C	3.0	3.0	3.0
YLR122C	3.0	3.0	3.0
YLR123C	3.0	3.0	3.0
YLR124W	3.0	3.0	3.0
YLR125W	1.0	1.0	1.0
YLR126C	3.0	3.0	3.0
YLR128W	3.0	3.0	3.0
YLR130C	3.0	3.0	3.0
YLR131C	3.0	3.0	2.5
YLR133W	3.0	3.0	3.0
YLR134W	3.0	3.0	3.0
YLR135W	3.0	3.0	3.0
YLR136C	3.0	3.0	3.0
YLR137W	3.0	3.0	3.0
YLR138W	3.0	3.0	3.0
YLR139C	1.0	1.0	2.0
YLR142W	3.0	3.0	3.0
YLR143W	3.0	3.0	3.0
YLR144C	1.0	1.0	2.0
YLR146C	3.0	3.0	3.0
YLR148W	1.0	1.0	2.0
YLR149C	3.0	3.0	3.0
YLR150W	3.0	3.0	3.0
YLR151C	3.0	3.0	3.0
YLR152C	3.0	3.0	3.0
YLR154C	3.0	3.0	3.0
YLR164W	3.0	3.0	3.0
YLR165C	3.0	3.0	3.0
YLR168C	3.0	3.0	3.0
YLR169W	3.0	3.0	3.0
YLR170C	3.0	3.0	3.0
YLR171W	3.0	3.0	3.0
YLR172C	3.0	3.0	3.0
YLR173W	3.0	3.0	3.0
YLR174W	3.0	3.0	3.0
YLR176C	3.0	3.0	3.0
YLR177W	3.0	3.0	3.0
YLR178C	3.0	3.0	3.0
YLR179C	3.0	3.0	3.0
YLR180W	1.0	1.0	1.0
YLR181C	3.0	3.0	3.0
YLR182W	1.0	1.0	1.0
YLR183C	3.0	3.0	3.0
YLR184W	3.0	3.0	3.0
YLR185W	3.0	3.0	3.0
YLR187W	3.0	3.0	3.0
YLR188W	3.0	3.0	3.0
YLR189C	3.0	3.0	3.0
YLR190W	3.0	3.0	3.0
YLR191W	1.0	1.0	3.0
YLR192C	3.0	3.0	3.0
YLR193C	3.0	3.0	3.0
YLR194C	3.0	3.0	3.0
YLR199C	3.0	3.0	3.0
YLR200W	1.0	1.0	2.5
YLR201C	1.0	1.0	2.0
YLR202C	1.0	1.0	2.0
YLR203C	1.0	1.0	2.0
YLR204W	1.0	1.0	1.0
YLR205C	3.0	3.0	3.0
YLR206W	3.0	3.0	3.0
YLR207W	3.0	3.0	3.0
YLR209C	3.0	3.0	3.0
YLR210W	3.0	3.0	3.0
YLR211C	3.0	3.0	3.0
YLR213C	3.0	3.0	3.0
YLR214W	3.0	3.0	3.0
YLR216C	3.0	3.0	3.0
YLR217W	3.0	3.0	3.0
YLR218C	1.0	1.0	2.0
YLR219W	3.0	3.0	3.0
YLR220W	3.0	3.0	3.0
YLR221C	3.0	3.0	3.0
YLR224W	3.0	3.0	3.0
YLR225C	3.0	3.0	3.0
YLR226W	1.0	1.0	1.0
YLR227C	3.0	3.0	3.0
YLR228C	3.0	3.0	3.0
YLR231C	3.0	3.0	3.0
YLR232W	3.0	3.0	3.0
YLR233C	3.0	3.0	3.0
YLR234W	3.0	3.0	3.0
YLR235C	3.0	3.0	3.0
YLR236C	3.0	3.0	3.0
YLR237W	3.0	3.0	3.0
YLR238W	3.0	3.0	3.0
YLR239C	1.0	1.0	2.0
YLR240W	3.0	1.0	2.0
YLR241W	3.0	3.0	3.0
YLR242C	3.0	3.0	3.0
YLR244C	1.0	1.0	2.0
YLR246W	3.0	3.0	3.0
YLR247C	3.0	3.0	3.0
YLR248W	3.0	3.0	3.0
YLR250W	3.0	3.0	3.0
YLR251W	3.0	3.0	3.0
YLR252W	3.0	3.0	3.0
YLR253W	3.0	3.0	3.0
YLR254C	3.0	3.0	3.0
YLR255C	3.0	3.0	3.0
YLR257W	3.0	3.0	3.0
YLR258W	3.0	3.0	3.0
YLR260W	1.0	1.0	1.0
YLR261C	3.0	3.0	3.0
YLR262C	3.0	3.0	3.0
YLR262C-A	3.0	3.0	3.0
YLR263W	3.0	3.0	3.0
YLR264W	3.0	3.0	2.5
YLR265C	3.0	3.0	3.0
YLR266C	3.0	3.0	3.0
YLR267W	3.0	3.0	3.0
YLR268W	3.0	1.0	3.0
YLR269C	3.0	3.0	3.0
YLR270W	1.0	1.0	1.0
YLR271W	3.0	3.0	3.0
YLR273C	3.0	3.0	3.0
YLR278C	3.0	3.0	3.0
YLR279W	3.0	3.0	3.0
YLR280C	3.0	3.0	3.0
YLR281C	3.0	3.0	3.0
YLR282C	3.0	3.0	3.0
YLR283W	3.0	3.0	3.0
YLR284C	1.0	3.0	3.0
YLR285W	3.0	3.0	3.0
YLR286C	3.0	3.0	3.0
YLR287C	3.0	3.0	3.0
YLR287C-A	3.0	3.0	3.0
YLR288C	3.0	3.0	3.0
YLR289W	3.0	3.0	3.0
YLR290C	3.0	3.0	3.0
YLR292C	3.0	3.0	3.0
YLR294C	1.0	1.0	1.0
YLR295C	1.0	1.0	1.0
YLR296W	3.0	3.0	3.0
YLR297W	3.0	3.0	3.0
YLR299W	3.0	3.0	3.0
YLR300W	3.0	3.0	3.0
YLR303W	3.0	3.0	3.0
YLR304C	1.0	1.0	1.0
YLR306W	3.0	3.0	3.0
YLR307W	3.0	3.0	3.0
YLR308W	3.0	3.0	3.0
YLR309C	3.0	3.0	3.0
YLR311C	3.0	3.0	3.0
YLR312C	3.0	3.0	3.0
YLR312W-A	1.0	1.0	1.0
YLR313C	3.0	3.0	3.0
YLR315W	3.0	3.0	3.0
YLR318W	1.0	1.0	1.0
YLR319C	3.0	3.0	3.0
YLR320W	3.0	3.0	3.0
YLR322W	3.0	2.0	3.0
YLR324W	3.0	3.0	3.0
YLR325C	3.0	3.0	3.0
YLR326W	3.0	3.0	3.0
YLR327C	3.0	3.0	3.0
YLR328W	3.0	3.0	3.0
YLR329W	3.0	3.0	3.0
YLR330W	2.0	2.0	2.5
YLR331C	3.0	3.0	3.0
YLR332W	3.0	3.0	3.0
YLR333C	3.0	3.0	3.0
YLR334C	3.0	3.0	3.0
YLR335W	3.0	3.0	3.0
YLR337C	1.0	1.0	1.0
YLR338W	3.0	3.0	3.0
YLR341W	3.0	3.0	3.0
YLR342W	3.0	3.0	3.0
YLR343W	3.0	3.0	2.0
YLR344W	3.0	3.0	3.0
YLR345W	3.0	3.0	3.0
YLR346C	3.0	3.0	3.0
YLR348C	3.0	3.0	3.0
YLR349W	3.0	3.0	3.0
YLR350W	3.0	3.0	3.0
YLR351C	3.0	3.0	3.0
YLR352W	3.0	3.0	3.0
YLR353W	3.0	3.0	3.0
YLR354C	3.0	3.0	3.0
YLR356W	3.0	3.0	3.0
YLR357W	3.0	3.0	3.0
YLR358C	3.0	2.0	3.0
YLR360W	3.0	3.0	3.0
YLR361C	3.0	3.0	3.0
YLR362W	1.0	2.0	2.5
YLR363C	3.0	3.0	3.0
YLR364W	3.0	3.0	3.0
YLR365W	3.0	3.0	3.0
YLR366W	3.0	3.0	3.0
YLR367W	3.0	3.0	3.0
YLR368W	1.0	1.0	1.0
YLR369W	1.0	1.0	1.0
YLR370C	3.0	3.0	3.0
YLR371W	3.0	3.0	3.0
YLR372W	3.0	3.0	3.0
YLR373C	3.0	3.0	3.0
YLR374C	3.0	3.0	3.0
YLR375W	3.0	3.0	3.0
YLR376C	3.0	3.0	3.0
YLR377C	1.0	1.0	2.0
YLR380W	3.0	3.0	3.0
YLR381W	3.0	3.0	3.0
YLR382C	1.0	1.0	1.0
YLR384C	3.0	3.0	3.0
YLR385C	3.0	3.0	3.0
YLR386W	3.0	3.0	3.0
YLR387C	3.0	3.0	3.0
YLR388W	3.0	3.0	3.0
YLR389C	3.0	3.0	3.0
YLR390W	3.0	3.0	3.0
YLR390W-A	3.0	3.0	3.0
YLR392C	3.0	3.0	3.0
YLR393W	1.0	1.0	1.0
YLR394W	3.0	3.0	3.0
YLR395C	3.0	3.0	3.0
YLR396C	3.0	3.0	3.0
YLR398C	3.0	3.0	3.0
YLR399C	3.0	2.0	3.0
YLR400W	3.0	3.0	3.0
YLR401C	3.0	3.0	3.0
YLR402W	3.0	3.0	3.0
YLR403W	3.0	3.0	3.0
YLR404W	3.0	3.0	3.0
YLR405W	3.0	3.0	3.0
YLR406C	3.0	3.0	3.0
YLR407W	3.0	3.0	3.0
YLR408C	3.0	3.0	3.0
YLR410W	3.0	3.0	3.0
YLR412W	3.0	2.0	3.0
YLR413W	3.0	3.0	3.0
YLR414C	3.0	3.0	3.0
YLR415C	3.0	3.0	3.0
YLR416C	3.0	3.0	3.0
YLR417W	1.0	1.0	1.0
YLR418C	3.0	3.0	2.5
YLR420W	3.0	2.0	3.0
YLR421C	3.0	3.0	3.0
YLR422W	3.0	3.0	3.0
YLR423C	3.0	3.0	3.0
YLR425W	3.0	3.0	3.0
YLR426W	3.0	3.0	3.0
YLR427W	3.0	3.0	3.0
YLR428C	3.0	3.0	3.0
YLR429W	3.0	3.0	3.0
YLR431C	3.0	3.0	3.0
YLR432W	3.0	3.0	3.0
YLR433C	3.0	3.0	3.0
YLR434C	3.0	3.0	3.0
YLR435W	3.0	3.0	3.0
YLR436C	3.0	3.0	3.0
YLR437C	3.0	3.0	3.0
YLR438W	3.0	3.0	3.0
YLR439W	1.0	1.0	1.0
YLR441C	3.0	3.0	3.0
YLR442C	3.0	3.0	3.0
YLR443W	3.0	3.0	3.0
YLR444C	3.0	3.0	3.0
YLR445W	3.0	3.0	3.0
YLR446W	3.0	3.0	3.0
YLR447C	1.0	1.0	2.0
YLR448W	3.0	3.0	3.0
YLR449W	3.0	3.0	3.0
YLR450W	3.0	3.0	3.0
YLR451W	3.0	3.0	3.0
YLR452C	3.0	3.0	3.0
YLR453C	3.0	3.0	3.0
YLR454W	3.0	3.0	3.0
YLR455W	3.0	3.0	3.0
YLR456W	3.0	3.0	3.0
YLR460C	3.0	3.0	3.0
YLR461W	3.0	3.0	3.0
YML001W	2.0	2.0	3.0
YML002W	3.0	3.0	3.0
YML003W	3.0	3.0	3.0
YML004C	3.0	3.0	3.0
YML005W	3.0	3.0	3.0
YML006C	3.0	3.0	3.0
YML007W	3.0	3.0	3.0
YML008C	2.0	3.0	3.0
YML009C	3.0	3.0	3.0
YML009C-A	3.0	3.0	3.0
YML009W-B	1.0	2.0	2.0
YML011C	3.0	3.0	3.0
YML012C-A	3.0	3.0	3.0
YML012W	3.0	3.0	3.0
YML013W	3.0	1.0	3.0
YML014W	3.0	1.0	3.0
YML016C	3.0	3.0	3.0
YML017W	3.0	3.0	3.0
YML018C	3.0	3.0	3.0
YML019W	3.0	3.0	3.0
YML020W	3.0	3.0	3.0
YML021C	3.0	3.0	3.0
YML022W	3.0	3.0	3.0
YML024W	3.0	3.0	3.0
YML026C	3.0	3.0	3.0
YML027W	3.0	3.0	3.0
YML028W	3.0	3.0	3.0
YML029W	3.0	3.0	3.0
YML030W	3.0	3.0	3.0
YML032C	3.0	3.0	3.0
YML034C-A	3.0	3.0	3.0
YML034W	3.0	3.0	3.0
YML035C	3.0	3.0	3.0
YML036W	3.0	3.0	3.0
YML037C	3.0	3.0	3.0
YML038C	3.0	3.0	3.0
YML041C	3.0	3.0	3.0
YML042W	3.0	3.0	3.0
YML047C	3.0	3.0	3.0
YML047W-A	3.0	3.0	3.0
YML048W	3.0	3.0	3.0
YML050W	3.0	3.0	3.0
YML051W	3.0	3.0	3.0
YML052W	3.0	3.0	3.0
YML053C	3.0	3.0	3.0
YML054C	3.0	3.0	3.0
YML055W	3.0	3.0	3.0
YML056C	3.0	3.0	3.0
YML057C-A	3.0	3.0	3.0
YML057W	3.0	3.0	3.0
YML058W	3.0	3.0	3.0
YML059C	3.0	3.0	3.0
YML060W	3.0	3.0	3.0
YML061C	1.0	1.0	2.0
YML062C	3.0	3.0	3.0
YML063W	3.0	3.0	3.0
YML066C	3.0	3.0	3.0
YML067C	3.0	3.0	3.0
YML068W	3.0	3.0	3.0
YML070W	3.0	3.0	3.0
YML071C	3.0	3.0	3.0
YML072C	3.0	3.0	3.0
YML073C	3.0	3.0	3.0
YML074C	3.0	3.0	3.0
YML075C	3.0	3.0	3.0
YML076C	3.0	3.0	3.0
YML078W	3.0	3.0	3.0
YML079W	3.0	3.0	3.0
YML080W	3.0	3.0	3.0
YML081C-A	3.0	2.0	2.0
YML081W	3.0	3.0	3.0
YML082W	3.0	1.0	1.0
YML083C	3.0	3.0	3.0
YML084W	3.0	3.0	3.0
YML086C	3.0	3.0	3.0
YML087C	1.0	1.0	1.0
YML088W	3.0	3.0	3.0
YML089C	3.0	3.0	3.0
YML090W	3.0	2.0	2.0
YML094C-A	1.0	1.0	2.0
YML094W	1.0	2.0	2.5
YML095C	3.0	3.0	3.0
YML096W	3.0	3.0	3.0
YML097C	3.0	3.0	3.0
YML099C	3.0	3.0	3.0
YML100W	3.0	3.0	3.0
YML100W-A	3.0	3.0	3.0
YML101C	3.0	3.0	3.0
YML101C-A	3.0	3.0	3.0
YML102W	3.0	3.0	3.0
YML103C	3.0	3.0	3.0
YML104C	3.0	3.0	3.0
YML106W	3.0	3.0	3.0
YML107C	3.0	3.0	3.0
YML108W	3.0	3.0	3.0
YML109W	3.0	3.0	3.0
YML110C	1.0	1.0	1.0
YML111W	3.0	3.0	3.0
YML112W	1.0	1.0	2.0
YML113W	3.0	3.0	3.0
YML115C	3.0	3.0	3.0
YML116W	3.0	3.0	3.0
YML116W-A	3.0	3.0	3.0
YML117W	3.0	3.0	3.0
YML118W	3.0	3.0	3.0
YML119W	3.0	3.0	3.0
YML120C	1.0	1.0	2.0
YML121W	3.0	3.0	3.0
YML122C	3.0	3.0	3.0
YML123C	3.0	3.0	2.0
YML124C	3.0	3.0	3.0
YML128C	3.0	3.0	3.0
YML129C	1.0	1.0	1.0
YML131W	3.0	3.0	3.0
YMR002W	3.0	3.0	3.0
YMR003W	3.0	3.0	3.0
YMR004W	3.0	3.0	3.0
YMR006C	3.0	3.0	3.0
YMR007W	3.0	3.0	3.0
YMR008C	3.0	3.0	3.0
YMR009W	3.0	3.0	3.0
YMR010W	3.0	3.0	3.0
YMR011W	3.0	3.0	3.0
YMR012W	3.0	3.0	3.0
YMR014W	3.0	3.0	3.0
YMR015C	1.0	1.0	2.0
YMR016C	3.0	3.0	3.0
YMR017W	3.0	3.0	3.0
YMR018W	3.0	3.0	3.0
YMR019W	3.0	3.0	3.0
YMR020W	3.0	3.0	3.0
YMR021C	2.0	3.0	2.0
YMR022W	3.0	3.0	3.0
YMR023C	3.0	3.0	3.0
YMR024W	3.0	3.0	3.0
YMR025W	3.0	3.0	3.0
YMR026C	1.0	1.0	3.0
YMR027W	3.0	3.0	3.0
YMR029C	3.0	3.0	3.0
YMR030W	3.0	3.0	3.0
YMR031C	3.0	3.0	3.0
YMR031W-A	3.0	3.0	3.0
YMR032W	1.0	1.0	2.0
YMR034C	3.0	3.0	3.0
YMR035W	1.0	1.0	2.0
YMR036C	3.0	3.0	3.0
YMR037C	3.0	3.0	3.0
YMR038C	3.0	3.0	3.0
YMR039C	3.0	3.0	3.0
YMR040W	3.0	3.0	3.0
YMR041C	1.0	1.0	1.0
YMR042W	3.0	3.0	3.0
YMR044W	3.0	3.0	3.0
YMR048W	3.0	3.0	3.0
YMR052C-A	3.0	3.0	3.0
YMR052W	3.0	3.0	3.0
YMR053C	3.0	3.0	3.0
YMR054W	3.0	3.0	2.5
YMR055C	3.0	3.0	3.0
YMR056C	3.0	3.0	3.0
YMR057C	3.0	3.0	3.0
YMR058W	3.0	2.0	2.5
YMR060C	3.0	3.0	3.0
YMR062C	3.0	3.0	3.0
YMR063W	3.0	3.0	2.5
YMR064W	1.0	1.0	1.0
YMR065W	3.0	3.0	3.0
YMR066W	3.0	3.0	3.0
YMR067C	3.0	3.0	3.0
YMR068W	3.0	3.0	3.0
YMR069W	3.0	3.0	3.0
YMR070W	1.0	1.0	1.0
YMR071C	3.0	3.0	3.0
YMR072W	1.0	1.0	1.0
YMR073C	3.0	3.0	3.0
YMR074C	1.0	1.0	2.0
YMR075C-A	3.0	3.0	3.0
YMR075W	3.0	3.0	3.0
YMR077C	1.0	1.0	1.0
YMR078C	3.0	3.0	3.0
YMR080C	3.0	3.0	3.0
YMR081C	3.0	3.0	3.0
YMR082C	3.0	3.0	3.0
YMR083W	3.0	3.0	3.0
YMR084W	3.0	3.0	3.0
YMR085W	3.0	3.0	3.0
YMR086C-A	3.0	3.0	3.0
YMR086W	3.0	3.0	3.0
YMR087W	3.0	3.0	3.0
YMR088C	3.0	3.0	3.0
YMR089C	1.0	1.0	1.0
YMR090W	3.0	3.0	3.0
YMR091C	3.0	2.0	3.0
YMR092C	3.0	3.0	3.0
YMR095C	3.0	3.0	3.0
YMR096W	3.0	3.0	3.0
YMR097C	1.0	1.0	2.0
YMR098C	1.0	1.0	1.0
YMR099C	3.0	3.0	3.0
YMR100W	2.0	2.0	3.0
YMR101C	3.0	3.0	3.0
YMR102C	3.0	3.0	3.0
YMR103C	3.0	3.0	3.0
YMR104C	3.0	3.0	3.0
YMR105C	3.0	3.0	3.0
YMR106C	3.0	3.0	3.0
YMR107W	3.0	3.0	3.0
YMR109W	3.0	3.0	3.0
YMR110C	3.0	3.0	3.0
YMR111C	3.0	3.0	3.0
YMR114C	3.0	3.0	3.0
YMR115W	3.0	3.0	3.0
YMR116C	2.0	2.0	2.5
YMR118C	3.0	3.0	3.0
YMR119W	3.0	3.0	3.0
YMR119W-A	3.0	3.0	3.0
YMR120C	3.0	3.0	3.0
YMR121C	3.0	3.0	3.0
YMR122C	3.0	3.0	3.0
YMR123W	3.0	3.0	3.0
YMR124W	3.0	3.0	3.0
YMR125W	3.0	2.0	3.0
YMR126C	3.0	3.0	3.0
YMR127C	3.0	3.0	3.0
YMR129W	3.0	3.0	3.0
YMR130W	3.0	3.0	3.0
YMR132C	3.0	3.0	3.0
YMR133W	3.0	3.0	3.0
YMR135C	3.0	3.0	3.0
YMR135W-A	3.0	3.0	3.0
YMR136W	3.0	3.0	3.0
YMR137C	3.0	3.0	3.0
YMR138W	3.0	3.0	3.0
YMR139W	3.0	3.0	3.0
YMR140W	3.0	3.0	3.0
YMR141C	3.0	3.0	3.0
YMR142C	3.0	2.0	3.0
YMR143W	3.0	3.0	3.0
YMR144W	3.0	3.0	3.0
YMR145C	3.0	3.0	3.0
YMR147W	3.0	3.0	3.0
YMR148W	3.0	3.0	3.0
YMR150C	1.0	1.0	2.0
YMR151W	1.0	1.0	2.0
YMR152W	3.0	3.0	3.0
YMR153C-A	3.0	3.0	3.0
YMR153W	3.0	3.0	3.0
YMR154C	3.0	3.0	3.0
YMR155W	3.0	3.0	3.0
YMR156C	3.0	3.0	3.0
YMR157C	3.0	3.0	3.0
YMR158C-A	3.0	3.0	3.0
YMR158W	1.0	1.0	1.0
YMR158W-B	3.0	3.0	3.0
YMR159C	3.0	3.0	3.0
YMR160W	3.0	3.0	3.0
YMR161W	3.0	3.0	3.0
YMR162C	3.0	3.0	3.0
YMR163C	3.0	3.0	3.0
YMR164C	3.0	3.0	3.0
YMR166C	3.0	3.0	3.0
YMR167W	3.0	3.0	3.0
YMR169C	3.0	3.0	3.0
YMR170C	3.0	3.0	3.0
YMR171C	3.0	3.0	3.0
YMR172C-A	3.0	3.0	3.0
YMR172W	3.0	3.0	3.0
YMR173W	3.0	3.0	3.0
YMR173W-A	3.0	3.0	3.0
YMR174C	3.0	3.0	3.0
YMR175W	3.0	3.0	3.0
YMR176W	3.0	3.0	3.0
YMR177W	3.0	3.0	3.0
YMR178W	3.0	3.0	3.0
YMR179W	3.0	3.0	3.0
YMR180C	3.0	3.0	3.0
YMR181C	3.0	3.0	3.0
YMR182C	3.0	3.0	3.0
YMR183C	3.0	3.0	3.0
YMR184W	3.0	3.0	3.0
YMR185W	3.0	3.0	3.0
YMR186W	3.0	3.0	3.0
YMR187C	3.0	3.0	3.0
YMR188C	1.0	1.0	1.0
YMR189W	3.0	3.0	3.0
YMR190C	3.0	3.0	3.0
YMR191W	3.0	3.0	3.0
YMR192W	3.0	3.0	3.0
YMR193C-A	3.0	3.0	3.0
YMR193W	1.0	1.0	2.0
YMR194C-A	3.0	3.0	3.0
YMR194W	3.0	3.0	3.0
YMR195W	3.0	3.0	3.0
YMR196W	3.0	3.0	3.0
YMR198W	3.0	3.0	3.0
YMR199W	3.0	3.0	3.0
YMR201C	1.0	1.0	1.0
YMR202W	1.0	2.0	2.0
YMR204C	3.0	3.0	3.0
YMR205C	3.0	3.0	3.0
YMR206W	3.0	3.0	3.0
YMR207C	3.0	3.0	3.0
YMR209C	3.0	3.0	3.0
YMR210W	3.0	3.0	3.0
YMR214W	3.0	3.0	3.0
YMR215W	3.0	3.0	3.0
YMR219W	3.0	3.0	3.0
YMR221C	3.0	3.0	3.0
YMR222C	3.0	3.0	3.0
YMR223W	3.0	3.0	3.0
YMR224C	3.0	3.0	3.0
YMR225C	3.0	3.0	3.0
YMR226C	3.0	3.0	3.0
YMR228W	1.0	1.0	2.0
YMR230W	3.0	3.0	3.0
YMR231W	1.0	1.0	2.0
YMR232W	3.0	3.0	3.0
YMR233W	3.0	3.0	3.0
YMR234W	3.0	3.0	3.0
YMR237W	3.0	3.0	3.0
YMR238W	2.0	3.0	2.5
YMR241W	3.0	3.0	3.0
YMR242C	3.0	3.0	3.0
YMR243C	3.0	3.0	3.0
YMR244C-A	3.0	3.0	3.0
YMR244W	3.0	3.0	3.0
YMR245W	3.0	3.0	3.0
YMR246W	3.0	3.0	3.0
YMR247C	3.0	3.0	3.0
YMR250W	3.0	3.0	3.0
YMR251W	3.0	3.0	3.0
YMR251W-A	3.0	3.0	3.0
YMR252C	3.0	3.0	3.0
YMR253C	3.0	3.0	3.0
YMR254C	3.0	3.0	3.0
YMR255W	3.0	3.0	3.0
YMR256C	1.0	1.0	2.0
YMR257C	1.0	1.0	2.0
YMR258C	3.0	3.0	3.0
YMR259C	3.0	3.0	3.0
YMR261C	3.0	3.0	3.0
YMR262W	1.0	1.0	1.0
YMR263W	3.0	3.0	3.0
YMR264W	3.0	3.0	3.0
YMR265C	3.0	3.0	3.0
YMR266W	3.0	3.0	3.0
YMR267W	1.0	1.0	2.0
YMR269W	3.0	3.0	3.0
YMR271C	3.0	3.0	3.0
YMR272C	3.0	3.0	3.0
YMR273C	3.0	3.0	3.0
YMR274C	3.0	3.0	3.0
YMR275C	3.0	3.0	3.0
YMR276W	3.0	3.0	3.0
YMR278W	3.0	3.0	3.0
YMR279C	3.0	3.0	3.0
YMR280C	3.0	2.0	2.0
YMR282C	1.0	1.0	2.0
YMR283C	3.0	3.0	3.0
YMR284W	3.0	3.0	3.0
YMR285C	3.0	3.0	3.0
YMR286W	1.0	1.0	2.0
YMR287C	1.0	1.0	2.0
YMR289W	3.0	3.0	3.0
YMR291W	3.0	3.0	3.0
YMR292W	3.0	3.0	3.0
YMR293C	1.0	1.0	2.0
YMR294W	3.0	3.0	3.0
YMR294W-A	3.0	3.0	3.0
YMR295C	3.0	3.0	3.0
YMR297W	3.0	3.0	3.0
YMR299C	3.0	3.0	3.0
YMR300C	3.0	3.0	3.0
YMR302C	3.0	3.0	3.0
YMR303C	3.0	3.0	3.0
YMR304C-A	3.0	3.0	3.0
YMR304W	3.0	3.0	3.0
YMR305C	3.0	3.0	3.0
YMR306C-A	3.0	3.0	3.0
YMR306W	3.0	3.0	3.0
YMR307W	3.0	3.0	3.0
YMR310C	3.0	3.0	3.0
YMR311C	3.0	3.0	2.5
YMR312W	3.0	3.0	3.0
YMR313C	3.0	3.0	3.0
YMR315W	3.0	3.0	3.0
YMR316C-A	3.0	3.0	3.0
YMR316C-B	3.0	3.0	3.0
YMR316W	3.0	3.0	3.0
YMR317W	3.0	3.0	3.0
YMR318C	1.0	1.0	1.0
YMR319C	3.0	3.0	3.0
YMR320W	3.0	3.0	3.0
YMR322C	3.0	3.0	3.0
YMR326C	3.0	3.0	3.0
YNL001W	3.0	3.0	3.0
YNL003C	3.0	3.0	3.0
YNL004W	3.0	3.0	3.0
YNL005C	1.0	1.0	1.0
YNL008C	3.0	3.0	3.0
YNL009W	3.0	3.0	3.0
YNL010W	3.0	3.0	3.0
YNL011C	3.0	3.0	3.0
YNL012W	3.0	3.0	3.0
YNL013C	3.0	3.0	3.0
YNL014W	3.0	3.0	3.0
YNL015W	3.0	3.0	3.0
YNL016W	3.0	3.0	3.0
YNL020C	3.0	3.0	3.0
YNL021W	3.0	3.0	3.0
YNL022C	3.0	3.0	3.0
YNL023C	3.0	3.0	3.0
YNL024C	3.0	3.0	3.0
YNL025C	3.0	3.0	3.0
YNL027W	3.0	3.0	3.0
YNL028W	3.0	3.0	3.0
YNL029C	3.0	3.0	3.0
YNL030W	3.0	3.0	3.0
YNL031C	3.0	3.0	3.0
YNL032W	3.0	3.0	3.0
YNL034W	3.0	3.0	3.0
YNL035C	3.0	3.0	3.0
YNL037C	3.0	3.0	2.0
YNL040W	3.0	3.0	3.0
YNL041C	3.0	3.0	3.0
YNL042W	3.0	3.0	3.0
YNL043C	3.0	3.0	3.0
YNL044W	3.0	3.0	3.0
YNL045W	3.0	2.0	3.0
YNL046W	3.0	3.0	3.0
YNL047C	3.0	3.0	3.0
YNL049C	3.0	3.0	3.0
YNL050C	3.0	3.0	3.0
YNL051W	3.0	2.0	2.5
YNL052W	1.0	2.0	2.0
YNL053W	3.0	3.0	3.0
YNL054W	3.0	3.0	3.0
YNL055C	3.0	3.0	3.0
YNL056W	3.0	3.0	3.0
YNL057W	3.0	3.0	3.0
YNL058C	3.0	3.0	3.0
YNL059C	3.0	2.0	3.0
YNL063W	3.0	3.0	3.0
YNL064C	3.0	3.0	3.0
YNL065W	3.0	3.0	3.0
YNL066W	3.0	3.0	3.0
YNL067W	3.0	3.0	2.5
YNL068C	3.0	3.0	3.0
YNL069C	3.0	3.0	3.0
YNL070W	3.0	3.0	3.0
YNL071W	3.0	3.0	3.0
YNL072W	3.0	3.0	3.0
YNL073W	1.0	1.0	1.0
YNL074C	3.0	3.0	3.0
YNL076W	3.0	3.0	3.0
YNL077W	3.0	3.0	2.5
YNL078W	3.0	3.0	3.0
YNL079C	3.0	2.0	3.0
YNL080C	3.0	3.0	2.5
YNL081C	1.0	1.0	1.0
YNL082W	3.0	3.0	3.0
YNL083W	3.0	3.0	3.0
YNL084C	1.0	1.0	1.0
YNL085W	3.0	3.0	3.0
YNL086W	3.0	3.0	3.0
YNL087W	3.0	3.0	3.0
YNL089C	3.0	3.0	3.0
YNL090W	3.0	3.0	3.0
YNL091W	3.0	3.0	3.0
YNL092W	3.0	3.0	3.0
YNL093W	3.0	3.0	3.0
YNL094W	3.0	3.0	3.0
YNL095C	3.0	3.0	3.0
YNL096C	3.0	3.0	3.0
YNL097C	3.0	3.0	3.0
YNL098C	3.0	3.0	2.0
YNL099C	3.0	3.0	3.0
YNL100W	3.0	3.0	3.0
YNL101W	3.0	3.0	3.0
YNL104C	3.0	3.0	3.0
YNL105W	3.0	3.0	3.0
YNL106C	3.0	3.0	3.0
YNL107W	3.0	3.0	3.0
YNL108C	3.0	3.0	3.0
YNL109W	3.0	3.0	3.0
YNL111C	3.0	3.0	3.0
YNL115C	3.0	3.0	3.0
YNL116W	3.0	3.0	3.0
YNL117W	3.0	1.0	3.0
YNL119W	3.0	3.0	3.0
YNL120C	3.0	3.0	3.0
YNL121C	3.0	3.0	3.0
YNL122C	3.0	3.0	3.0
YNL123W	3.0	3.0	3.0
YNL125C	3.0	3.0	3.0
YNL127W	3.0	3.0	3.0
YNL128W	3.0	3.0	3.0
YNL129W	3.0	3.0	3.0
YNL130C	3.0	3.0	3.0
YNL133C	1.0	2.0	3.0
YNL134C	3.0	3.0	3.0
YNL135C	3.0	3.0	3.0
YNL136W	3.0	2.0	3.0
YNL138W	1.0	1.0	2.0
YNL139C	1.0	1.0	2.0
YNL140C	3.0	3.0	3.0
YNL141W	3.0	3.0	3.0
YNL142W	3.0	3.0	3.0
YNL143C	3.0	3.0	3.0
YNL144C	3.0	3.0	3.0
YNL145W	3.0	3.0	3.0
YNL146W	3.0	3.0	3.0
YNL147W	3.0	2.0	3.0
YNL148C	2.0	3.0	3.0
YNL154C	3.0	3.0	3.0
YNL155W	3.0	3.0	3.0
YNL157W	3.0	3.0	3.0
YNL159C	1.0	1.0	1.0
YNL160W	3.0	3.0	3.0
YNL167C	3.0	3.0	3.0
YNL168C	3.0	3.0	3.0
YNL170W	1.0	1.0	1.0
YNL173C	3.0	3.0	3.0
YNL175C	3.0	3.0	3.0
YNL176C	3.0	3.0	3.0
YNL177C	1.0	1.0	1.0
YNL179C	3.0	3.0	3.0
YNL180C	1.0	1.0	1.0
YNL183C	3.0	3.0	3.0
YNL184C	1.0	1.0	1.0
YNL185C	1.0	1.0	1.0
YNL187W	3.0	3.0	3.0
YNL190W	3.0	3.0	3.0
YNL191W	3.0	3.0	3.0
YNL193W	3.0	3.0	3.0
YNL194C	3.0	3.0	3.0
YNL195C	3.0	3.0	3.0
YNL196C	3.0	3.0	3.0
YNL197C	3.0	3.0	3.0
YNL198C	3.0	3.0	3.0
YNL199C	3.0	3.0	3.0
YNL200C	3.0	3.0	3.0
YNL201C	3.0	3.0	3.0
YNL202W	3.0	3.0	3.0
YNL203C	3.0	3.0	3.0
YNL204C	3.0	3.0	3.0
YNL205C	3.0	3.0	3.0
YNL206C	3.0	2.0	3.0
YNL210W	3.0	3.0	3.0
YNL211C	3.0	3.0	3.0
YNL212W	3.0	3.0	3.0
YNL213C	1.0	1.0	2.0
YNL214W	1.0	1.0	3.0
YNL215W	3.0	3.0	3.0
YNL217W	3.0	3.0	3.0
YNL218W	3.0	3.0	3.0
YNL219C	3.0	3.0	3.0
YNL220W	1.0	1.0	1.0
YNL224C	3.0	3.0	3.0
YNL225C	3.0	3.0	3.0
YNL226W	3.0	3.0	3.0
YNL227C	3.0	3.0	3.0
YNL228W	3.0	3.0	3.0
YNL229C	3.0	3.0	3.0
YNL230C	3.0	3.0	3.0
YNL231C	3.0	3.0	3.0
YNL233W	3.0	3.0	3.0
YNL235C	3.0	3.0	3.0
YNL236W	3.0	3.0	3.0
YNL237W	3.0	3.0	3.0
YNL239W	3.0	3.0	3.0
YNL241C	3.0	2.0	3.0
YNL242W	3.0	3.0	3.0
YNL243W	1.0	1.0	3.0
YNL246W	3.0	3.0	3.0
YNL248C	3.0	3.0	2.5
YNL249C	3.0	3.0	3.0
YNL250W	3.0	3.0	3.0
YNL252C	1.0	1.0	1.0
YNL253W	3.0	3.0	3.0
YNL254C	3.0	3.0	3.0
YNL255C	3.0	3.0	3.0
YNL257C	3.0	3.0	3.0
YNL259C	3.0	3.0	2.5
YNL264C	3.0	3.0	3.0
YNL265C	3.0	3.0	3.0
YNL266W	3.0	3.0	3.0
YNL268W	3.0	3.0	3.0
YNL269W	3.0	3.0	3.0
YNL270C	3.0	3.0	3.0
YNL271C	3.0	3.0	3.0
YNL273W	2.0	2.0	3.0
YNL274C	3.0	3.0	3.0
YNL275W	2.0	2.0	3.0
YNL278W	3.0	3.0	3.0
YNL279W	3.0	3.0	3.0
YNL280C	1.0	1.0	1.0
YNL281W	3.0	3.0	3.0
YNL283C	3.0	3.0	3.0
YNL284C	1.0	1.0	1.0
YNL285W	1.0	2.0	3.0
YNL286W	3.0	3.0	3.0
YNL288W	3.0	3.0	3.0
YNL289W	3.0	2.0	3.0
YNL291C	3.0	3.0	3.0
YNL292W	3.0	3.0	3.0
YNL293W	3.0	3.0	3.0
YNL294C	3.0	3.0	3.0
YNL295W	3.0	3.0	3.0
YNL296W	3.0	3.0	3.0
YNL297C	3.0	3.0	3.0
YNL298W	2.0	2.0	3.0
YNL299W	3.0	3.0	3.0
YNL300W	3.0	3.0	3.0
YNL301C	3.0	3.0	3.0
YNL302C	3.0	3.0	3.0
YNL303W	3.0	3.0	3.0
YNL304W	3.0	2.0	3.0
YNL305C	3.0	2.0	3.0
YNL307C	3.0	3.0	3.0
YNL311C	3.0	3.0	3.0
YNL314W	3.0	3.0	3.0
YNL315C	1.0	1.0	1.0
YNL316C	3.0	3.0	3.0
YNL318C	3.0	3.0	3.0
YNL319W	3.0	3.0	3.0
YNL320W	3.0	3.0	3.0
YNL321W	3.0	3.0	3.0
YNL322C	3.0	3.0	3.0
YNL323W	3.0	3.0	3.0
YNL324W	3.0	3.0	3.0
YNL325C	3.0	2.0	3.0
YNL326C	3.0	3.0	3.0
YNL327W	3.0	3.0	3.0
YNL328C	3.0	3.0	3.0
YNL329C	2.0	2.0	3.0
YNL330C	3.0	3.0	3.0
YNL332W	3.0	3.0	3.0
YNL333W	3.0	3.0	3.0
YNL334C	3.0	3.0	3.0
YNL335W	3.0	3.0	3.0
YNL336W	3.0	3.0	3.0
YNL338W	3.0	3.0	3.0
YNL339C	3.0	3.0	3.0
YNR001C	3.0	3.0	2.0
YNR002C	3.0	3.0	3.0
YNR004W	3.0	3.0	3.0
YNR005C	3.0	3.0	3.0
YNR006W	1.0	1.0	1.0
YNR007C	3.0	3.0	3.0
YNR008W	3.0	3.0	3.0
YNR009W	3.0	3.0	3.0
YNR010W	3.0	3.0	3.0
YNR012W	3.0	3.0	3.0
YNR013C	3.0	3.0	3.0
YNR014W	3.0	3.0	3.0
YNR015W	3.0	3.0	3.0
YNR018W	3.0	3.0	3.0
YNR019W	3.0	3.0	3.0
YNR020C	2.0	2.0	2.0
YNR021W	3.0	3.0	3.0
YNR022C	3.0	3.0	3.0
YNR023W	3.0	2.0	2.0
YNR024W	3.0	3.0	3.0
YNR025C	3.0	3.0	2.5
YNR027W	3.0	3.0	3.0
YNR028W	3.0	3.0	3.0
YNR029C	3.0	3.0	3.0
YNR030W	3.0	3.0	3.0
YNR031C	3.0	3.0	3.0
YNR032C-A	3.0	3.0	3.0
YNR032W	3.0	3.0	3.0
YNR033W	3.0	3.0	3.0
YNR034W	3.0	3.0	3.0
YNR036C	1.0	1.0	1.0
YNR037C	1.0	1.0	1.0
YNR039C	3.0	3.0	3.0
YNR040W	3.0	3.0	3.0
YNR041C	1.0	1.0	1.0
YNR042W	1.0	1.0	1.0
YNR044W	3.0	3.0	3.0
YNR045W	1.0	1.0	1.0
YNR047W	3.0	3.0	3.0
YNR048W	3.0	3.0	3.0
YNR049C	3.0	3.0	3.0
YNR050C	3.0	3.0	3.0
YNR051C	3.0	3.0	3.0
YNR052C	3.0	2.0	3.0
YNR055C	3.0	3.0	3.0
YNR056C	3.0	3.0	3.0
YNR057C	3.0	3.0	3.0
YNR058W	3.0	3.0	3.0
YNR059W	3.0	3.0	3.0
YNR060W	3.0	3.0	3.0
YNR061C	3.0	3.0	3.0
YNR062C	3.0	3.0	3.0
YNR063W	3.0	3.0	3.0
YNR064C	3.0	3.0	3.0
YNR065C	3.0	3.0	3.0
YNR066C	3.0	3.0	3.0
YNR067C	3.0	3.0	3.0
YNR068C	3.0	3.0	3.0
YNR069C	3.0	3.0	3.0
YNR070W	3.0	3.0	3.0
YNR071C	3.0	3.0	3.0
YNR072W	3.0	3.0	3.0
YNR073C	3.0	3.0	3.0
YNR074C	3.0	3.0	3.0
YNR075W	3.0	3.0	3.0
YOL001W	3.0	1.0	2.5
YOL002C	3.0	3.0	3.0
YOL003C	3.0	3.0	3.0
YOL004W	1.0	2.0	3.0
YOL006C	3.0	3.0	3.0
YOL007C	3.0	3.0	3.0
YOL008W	3.0	3.0	2.0
YOL009C	1.0	1.0	2.0
YOL011W	3.0	3.0	3.0
YOL012C	3.0	2.0	3.0
YOL013C	3.0	3.0	3.0
YOL013W-A	3.0	3.0	3.0
YOL014W	3.0	3.0	3.0
YOL015W	3.0	3.0	3.0
YOL016C	3.0	3.0	3.0
YOL017W	3.0	3.0	3.0
YOL018C	3.0	1.0	2.5
YOL019W	3.0	3.0	3.0
YOL020W	3.0	3.0	3.0
YOL023W	1.0	1.0	2.0
YOL024W	3.0	3.0	3.0
YOL025W	3.0	3.0	3.0
YOL027C	2.0	3.0	2.5
YOL028C	3.0	3.0	3.0
YOL029C	3.0	3.0	3.0
YOL030W	3.0	3.0	3.0
YOL031C	3.0	3.0	3.0
YOL032W	3.0	3.0	3.0
YOL033W	1.0	1.0	2.0
YOL035C	3.0	3.0	3.0
YOL036W	3.0	3.0	3.0
YOL037C	3.0	3.0	3.0
YOL039W	3.0	3.0	3.0
YOL041C	3.0	3.0	3.0
YOL042W	3.0	3.0	3.0
YOL043C	3.0	3.0	3.0
YOL044W	1.0	1.0	3.0
YOL045W	3.0	3.0	3.0
YOL046C	3.0	3.0	3.0
YOL047C	3.0	3.0	3.0
YOL048C	3.0	3.0	3.0
YOL049W	3.0	3.0	3.0
YOL050C	3.0	3.0	3.0
YOL051W	3.0	3.0	2.0
YOL052C	3.0	3.0	3.0
YOL052C-A	3.0	3.0	3.0
YOL053W	3.0	3.0	3.0
YOL054W	3.0	3.0	3.0
YOL055C	3.0	3.0	3.0
YOL056W	3.0	3.0	3.0
YOL057W	3.0	3.0	3.0
YOL058W	3.0	3.0	3.0
YOL059W	3.0	3.0	3.0
YOL060C	3.0	3.0	3.0
YOL061W	3.0	3.0	3.0
YOL062C	3.0	3.0	3.0
YOL063C	3.0	3.0	3.0
YOL064C	3.0	3.0	3.0
YOL065C	3.0	3.0	3.0
YOL067C	3.0	3.0	3.0
YOL068C	3.0	3.0	3.0
YOL070C	3.0	3.0	3.0
YOL071W	1.0	1.0	2.0
YOL072W	3.0	3.0	3.0
YOL075C	3.0	3.0	3.0
YOL076W	2.0	2.0	3.0
YOL079W	3.0	3.0	3.0
YOL080C	3.0	3.0	3.0
YOL081W	1.0	1.0	1.0
YOL082W	3.0	3.0	3.0
YOL083W	1.0	1.0	2.0
YOL084W	3.0	3.0	3.0
YOL085C	3.0	3.0	3.0
YOL086C	3.0	3.0	3.0
YOL087C	3.0	3.0	3.0
YOL088C	3.0	3.0	3.0
YOL089C	3.0	3.0	3.0
YOL090W	3.0	3.0	3.0
YOL091W	3.0	3.0	2.5
YOL092W	3.0	3.0	3.0
YOL093W	3.0	3.0	3.0
YOL095C	1.0	1.0	1.0
YOL096C	1.0	1.0	1.0
YOL098C	3.0	3.0	3.0
YOL099C	3.0	3.0	3.0
YOL100W	3.0	3.0	3.0
YOL101C	3.0	3.0	3.0
YOL103W	3.0	3.0	3.0
YOL104C	3.0	3.0	3.0
YOL105C	3.0	3.0	3.0
YOL106W	3.0	3.0	3.0
YOL107W	3.0	3.0	3.0
YOL108C	3.0	3.0	3.0
YOL109W	3.0	3.0	3.0
YOL110W	1.0	1.0	1.0
YOL111C	3.0	3.0	3.0
YOL112W	3.0	3.0	3.0
YOL113W	3.0	3.0	3.0
YOL114C	3.0	3.0	3.0
YOL115W	3.0	2.0	3.0
YOL116W	3.0	3.0	3.0
YOL117W	3.0	3.0	3.0
YOL118C	3.0	3.0	3.0
YOL119C	3.0	3.0	3.0
YOL121C	3.0	3.0	3.0
YOL122C	3.0	3.0	3.0
YOL124C	3.0	3.0	3.0
YOL125W	3.0	3.0	3.0
YOL126C	1.0	2.0	3.0
YOL128C	3.0	3.0	3.0
YOL129W	3.0	2.0	3.0
YOL131W	3.0	3.0	3.0
YOL132W	3.0	3.0	3.0
YOL136C	3.0	3.0	3.0
YOL137W	3.0	3.0	3.0
YOL138C	3.0	3.0	3.0
YOL141W	3.0	3.0	3.0
YOL143C	1.0	1.0	1.0
YOL147C	1.0	2.0	3.0
YOL148C	1.0	1.0	2.0
YOL150C	3.0	3.0	3.0
YOL151W	3.0	3.0	3.0
YOL152W	3.0	3.0	3.0
YOL155C	3.0	3.0	3.0
YOL158C	3.0	3.0	3.0
YOL159C	3.0	3.0	3.0
YOL160W	3.0	3.0	3.0
YOL162W	3.0	3.0	3.0
YOL163W	3.0	3.0	3.0
YOR001W	3.0	3.0	3.0
YOR002W	3.0	3.0	3.0
YOR003W	3.0	3.0	3.0
YOR005C	3.0	3.0	3.0
YOR006C	3.0	3.0	3.0
YOR007C	3.0	3.0	3.0
YOR008C	3.0	3.0	3.0
YOR008C-A	3.0	3.0	3.0
YOR009W	3.0	3.0	3.0
YOR010C	3.0	3.0	3.0
YOR011W	3.0	3.0	3.0
YOR012W	3.0	3.0	3.0
YOR013W	3.0	3.0	3.0
YOR014W	3.0	2.0	3.0
YOR015W	3.0	3.0	3.0
YOR016C	3.0	3.0	3.0
YOR017W	3.0	3.0	3.0
YOR018W	3.0	3.0	3.0
YOR019W	3.0	3.0	3.0
YOR021C	3.0	3.0	3.0
YOR022C	3.0	3.0	3.0
YOR023C	3.0	3.0	3.0
YOR024W	3.0	3.0	3.0
YOR025W	3.0	3.0	3.0
YOR026W	3.0	2.0	3.0
YOR027W	3.0	3.0	3.0
YOR028C	3.0	3.0	3.0
YOR029W	3.0	3.0	3.0
YOR030W	3.0	3.0	3.0
YOR032C	3.0	3.0	3.0
YOR033C	3.0	3.0	3.0
YOR034C	3.0	3.0	3.0
YOR035C	3.0	2.0	3.0
YOR036W	1.0	1.0	1.0
YOR037W	3.0	3.0	2.5
YOR038C	3.0	2.0	3.0
YOR039W	2.0	1.0	3.0
YOR040W	3.0	3.0	3.0
YOR041C	3.0	3.0	3.0
YOR042W	3.0	3.0	3.0
YOR043W	3.0	3.0	3.0
YOR044W	3.0	3.0	3.0
YOR045W	3.0	3.0	3.0
YOR047C	3.0	3.0	3.0
YOR049C	3.0	3.0	3.0
YOR050C	3.0	3.0	3.0
YOR051C	3.0	3.0	3.0
YOR052C	3.0	3.0	3.0
YOR053W	3.0	3.0	3.0
YOR054C	3.0	3.0	3.0
YOR055W	3.0	3.0	3.0
YOR058C	3.0	3.0	3.0
YOR059C	3.0	3.0	3.0
YOR061W	3.0	3.0	3.0
YOR062C	3.0	3.0	3.0
YOR064C	3.0	3.0	3.0
YOR065W	1.0	1.0	2.0
YOR066W	3.0	3.0	3.0
YOR067C	3.0	3.0	3.0
YOR068C	3.0	2.0	3.0
YOR069W	3.0	3.0	3.0
YOR070C	3.0	3.0	3.0
YOR071C	3.0	3.0	3.0
YOR072W	3.0	3.0	3.0
YOR073W	1.0	1.0	3.0
YOR076C	3.0	3.0	3.0
YOR078W	3.0	3.0	3.0
YOR079C	3.0	3.0	3.0
YOR080W	3.0	3.0	3.0
YOR081C	3.0	3.0	3.0
YOR082C	3.0	3.0	3.0
YOR083W	3.0	3.0	3.0
YOR084W	3.0	3.0	3.0
YOR085W	3.0	3.0	3.0
YOR086C	3.0	3.0	3.0
YOR087W	3.0	3.0	3.0
YOR089C	3.0	3.0	3.0
YOR090C	3.0	3.0	3.0
YOR091W	3.0	3.0	3.0
YOR092W	3.0	3.0	3.0
YOR093C	3.0	3.0	3.0
YOR094W	3.0	3.0	3.0
YOR096W	3.0	3.0	3.0
YOR097C	3.0	3.0	3.0
YOR099W	3.0	3.0	3.0
YOR100C	3.0	3.0	3.0
YOR101W	3.0	3.0	3.0
YOR104W	3.0	3.0	3.0
YOR105W	3.0	3.0	3.0
YOR106W	3.0	2.0	2.5
YOR107W	3.0	3.0	3.0
YOR108W	3.0	3.0	3.0
YOR109W	3.0	3.0	3.0
YOR111W	3.0	3.0	3.0
YOR112W	3.0	3.0	3.0
YOR113W	3.0	3.0	3.0
YOR114W	3.0	3.0	3.0
YOR115C	3.0	3.0	3.0
YOR118W	3.0	3.0	3.0
YOR120W	3.0	3.0	3.0
YOR121C	3.0	3.0	3.0
YOR123C	3.0	3.0	2.5
YOR124C	3.0	3.0	3.0
YOR125C	1.0	1.0	1.0
YOR126C	3.0	3.0	3.0
YOR127W	1.0	1.0	2.0
YOR128C	3.0	2.0	3.0
YOR129C	3.0	3.0	3.0
YOR130C	3.0	3.0	3.0
YOR131C	3.0	3.0	3.0
YOR132W	3.0	3.0	3.0
YOR133W	3.0	3.0	3.0
YOR134W	3.0	3.0	3.0
YOR135C	3.0	3.0	2.0
YOR136W	3.0	3.0	2.0
YOR137C	3.0	3.0	3.0
YOR138C	3.0	3.0	3.0
YOR139C	3.0	3.0	3.0
YOR140W	3.0	3.0	3.0
YOR141C	1.0	1.0	2.0
YOR142W	3.0	3.0	3.0
YOR144C	3.0	3.0	3.0
YOR147W	3.0	3.0	3.0
YOR150W	1.0	1.0	1.0
YOR152C	3.0	3.0	3.0
YOR153W	3.0	3.0	3.0
YOR154W	3.0	3.0	3.0
YOR155C	1.0	1.0	2.0
YOR156C	3.0	3.0	3.0
YOR158W	1.0	1.0	2.0
YOR161C	3.0	3.0	3.0
YOR162C	3.0	3.0	3.0
YOR163W	3.0	3.0	3.0
YOR164C	3.0	3.0	3.0
YOR165W	3.0	3.0	3.0
YOR166C	3.0	3.0	3.0
YOR167C	3.0	3.0	3.0
YOR170W	3.0	3.0	3.0
YOR171C	3.0	3.0	3.0
YOR172W	3.0	3.0	3.0
YOR173W	3.0	3.0	3.0
YOR175C	3.0	3.0	3.0
YOR177C	3.0	3.0	3.0
YOR178C	3.0	3.0	3.0
YOR179C	3.0	3.0	3.0
YOR180C	3.0	3.0	3.0
YOR182C	3.0	3.0	3.0
YOR183W	3.0	3.0	3.0
YOR184W	3.0	3.0	3.0
YOR185C	3.0	3.0	3.0
YOR186W	3.0	3.0	3.0
YOR187W	1.0	1.0	1.0
YOR188W	3.0	3.0	3.0
YOR189W	3.0	3.0	3.0
YOR190W	3.0	3.0	3.0
YOR191W	3.0	3.0	3.0
YOR192C	3.0	3.0	3.0
YOR193W	3.0	3.0	3.0
YOR195W	3.0	3.0	3.0
YOR196C	1.0	1.0	2.0
YOR197W	3.0	3.0	3.0
YOR198C	3.0	3.0	3.0
YOR199W	1.0	1.0	1.0
YOR200W	1.0	1.0	1.0
YOR201C	3.0	3.0	3.0
YOR202W	3.0	3.0	3.0
YOR205C	1.0	1.0	1.0
YOR208W	3.0	3.0	3.0
YOR209C	3.0	3.0	3.0
YOR211C	1.0	1.0	2.0
YOR212W	3.0	3.0	3.0
YOR213C	3.0	3.0	3.0
YOR214C	3.0	3.0	3.0
YOR215C	3.0	3.0	3.0
YOR216C	3.0	3.0	3.0
YOR219C	3.0	3.0	3.0
YOR220W	3.0	3.0	3.0
YOR221C	1.0	1.0	2.0
YOR222W	3.0	3.0	3.0
YOR223W	3.0	3.0	3.0
YOR225W	3.0	3.0	3.0
YOR226C	3.0	3.0	3.0
YOR227W	3.0	3.0	3.0
YOR228C	3.0	3.0	3.0
YOR229W	3.0	3.0	3.0
YOR230W	3.0	3.0	3.0
YOR231W	3.0	3.0	3.0
YOR233W	3.0	3.0	3.0
YOR234C	3.0	3.0	3.0
YOR235W	3.0	3.0	3.0
YOR237W	3.0	3.0	3.0
YOR238W	3.0	3.0	3.0
YOR239W	3.0	3.0	3.0
YOR241W	1.0	1.0	2.0
YOR242C	3.0	3.0	3.0
YOR243C	3.0	3.0	3.0
YOR245C	3.0	3.0	3.0
YOR246C	1.0	3.0	3.0
YOR247W	3.0	3.0	3.0
YOR248W	3.0	3.0	3.0
YOR251C	3.0	3.0	3.0
YOR252W	3.0	3.0	3.0
YOR253W	3.0	3.0	3.0
YOR255W	3.0	3.0	3.0
YOR258W	2.0	2.0	3.0
YOR263C	3.0	3.0	3.0
YOR264W	3.0	3.0	3.0
YOR265W	3.0	3.0	3.0
YOR266W	3.0	3.0	3.0
YOR267C	3.0	3.0	3.0
YOR268C	3.0	3.0	3.0
YOR269W	3.0	3.0	3.0
YOR270C	3.0	3.0	3.0
YOR271C	3.0	3.0	3.0
YOR273C	3.0	3.0	3.0
YOR274W	3.0	3.0	3.0
YOR275C	3.0	3.0	3.0
YOR276W	3.0	3.0	3.0
YOR277C	3.0	3.0	3.0
YOR279C	1.0	1.0	1.0
YOR280C	3.0	3.0	3.0
YOR283W	3.0	3.0	3.0
YOR284W	3.0	3.0	3.0
YOR285W	3.0	3.0	3.0
YOR286W	3.0	3.0	3.0
YOR288C	3.0	3.0	3.0
YOR289W	3.0	3.0	3.0
YOR290C	3.0	3.0	3.0
YOR291W	3.0	3.0	3.0
YOR292C	3.0	3.0	3.0
YOR293W	3.0	3.0	3.0
YOR295W	3.0	3.0	3.0
YOR296W	3.0	3.0	3.0
YOR297C	3.0	3.0	3.0
YOR298C-A	3.0	3.0	3.0
YOR298W	3.0	3.0	3.0
YOR299W	3.0	3.0	3.0
YOR300W	3.0	3.0	3.0
YOR301W	3.0	3.0	3.0
YOR302W	3.0	3.0	3.0
YOR303W	3.0	3.0	3.0
YOR304C-A	3.0	3.0	3.0
YOR304W	3.0	3.0	2.5
YOR305W	1.0	1.0	1.0
YOR306C	3.0	3.0	3.0
YOR307C	3.0	3.0	3.0
YOR308C	3.0	3.0	3.0
YOR309C	3.0	3.0	3.0
YOR311C	3.0	3.0	3.0
YOR312C	3.0	3.0	3.0
YOR313C	3.0	3.0	3.0
YOR314W	3.0	3.0	3.0
YOR315W	3.0	3.0	3.0
YOR316C	3.0	3.0	3.0
YOR317W	3.0	3.0	3.0
YOR318C	1.0	1.0	2.0
YOR320C	3.0	3.0	3.0
YOR321W	3.0	3.0	3.0
YOR322C	3.0	3.0	3.0
YOR323C	3.0	3.0	3.0
YOR324C	3.0	3.0	3.0
YOR325W	3.0	3.0	3.0
YOR327C	3.0	3.0	3.0
YOR328W	3.0	3.0	3.0
YOR330C	1.0	1.0	2.0
YOR331C	1.0	1.0	2.0
YOR332W	3.0	3.0	3.0
YOR333C	1.0	1.0	2.5
YOR334W	1.0	1.0	3.0
YOR337W	3.0	3.0	3.0
YOR338W	3.0	3.0	3.0
YOR339C	3.0	3.0	3.0
YOR342C	3.0	3.0	3.0
YOR343C	3.0	3.0	3.0
YOR344C	3.0	3.0	3.0
YOR345C	3.0	3.0	3.0
YOR346W	3.0	3.0	3.0
YOR347C	3.0	3.0	3.0
YOR348C	3.0	3.0	3.0
YOR349W	3.0	3.0	3.0
YOR350C	3.0	3.0	2.5
YOR351C	3.0	3.0	3.0
YOR352W	3.0	3.0	3.0
YOR354C	3.0	3.0	3.0
YOR355W	3.0	3.0	3.0
YOR356W	3.0	3.0	3.0
YOR357C	3.0	3.0	3.0
YOR358W	3.0	2.0	2.0
YOR359W	3.0	3.0	3.0
YOR360C	1.0	1.0	1.0
YOR363C	1.0	1.0	3.0
YOR364W	3.0	3.0	3.0
YOR365C	3.0	3.0	3.0
YOR366W	3.0	3.0	3.0
YOR367W	3.0	3.0	3.0
YOR368W	3.0	3.0	3.0
YOR369C	3.0	3.0	3.0
YOR371C	3.0	3.0	3.0
YOR374W	3.0	3.0	3.0
YOR375C	1.0	1.0	2.0
YOR376W	3.0	3.0	3.0
YOR377W	3.0	3.0	3.0
YOR378W	3.0	3.0	3.0
YOR379C	3.0	3.0	3.0
YOR380W	3.0	3.0	3.0
YOR381W	3.0	3.0	3.0
YOR382W	3.0	3.0	3.0
YOR383C	3.0	3.0	3.0
YOR384W	3.0	3.0	3.0
YOR385W	3.0	3.0	3.0
YOR386W	3.0	3.0	3.0
YPL001W	3.0	3.0	3.0
YPL002C	3.0	2.0	2.5
YPL003W	3.0	3.0	3.0
YPL004C	3.0	3.0	3.0
YPL005W	3.0	3.0	3.0
YPL006W	3.0	3.0	3.0
YPL008W	3.0	3.0	3.0
YPL009C	3.0	3.0	3.0
YPL013C	1.0	1.0	1.0
YPL014W	3.0	3.0	3.0
YPL015C	3.0	3.0	3.0
YPL017C	3.0	3.0	3.0
YPL018W	3.0	3.0	3.0
YPL019C	3.0	3.0	3.0
YPL021W	3.0	3.0	3.0
YPL022W	3.0	3.0	3.0
YPL023C	3.0	3.0	3.0
YPL024W	3.0	3.0	3.0
YPL025C	3.0	3.0	3.0
YPL026C	3.0	3.0	3.0
YPL027W	3.0	3.0	3.0
YPL029W	1.0	1.0	1.0
YPL030W	3.0	3.0	3.0
YPL031C	1.0	1.0	1.0
YPL032C	3.0	3.0	3.0
YPL033C	3.0	3.0	3.0
YPL034W	3.0	3.0	3.0
YPL035C	3.0	3.0	3.0
YPL036W	3.0	3.0	3.0
YPL037C	3.0	3.0	3.0
YPL038W	3.0	3.0	3.0
YPL039W	3.0	3.0	3.0
YPL040C	1.0	1.0	1.0
YPL041C	3.0	3.0	3.0
YPL042C	1.0	2.0	2.5
YPL045W	1.0	1.0	1.0
YPL046C	3.0	3.0	3.0
YPL047W	3.0	3.0	3.0
YPL048W	3.0	3.0	3.0
YPL049C	3.0	3.0	3.0
YPL050C	3.0	3.0	3.0
YPL051W	3.0	3.0	3.0
YPL052W	3.0	3.0	3.0
YPL053C	3.0	3.0	3.0
YPL054W	3.0	3.0	3.0
YPL055C	2.0	2.0	2.5
YPL056C	3.0	3.0	3.0
YPL057C	3.0	3.0	3.0
YPL058C	3.0	3.0	3.0
YPL059W	1.0	1.0	1.0
YPL060W	1.0	1.0	3.0
YPL061W	3.0	3.0	3.0
YPL062W	3.0	3.0	3.0
YPL064C	3.0	3.0	3.0
YPL065W	3.0	2.0	2.5
YPL066W	3.0	3.0	3.0
YPL067C	3.0	3.0	3.0
YPL068C	3.0	3.0	3.0
YPL069C	3.0	3.0	2.0
YPL070W	3.0	3.0	3.0
YPL071C	3.0	3.0	3.0
YPL074W	3.0	3.0	3.0
YPL077C	3.0	3.0	3.0
YPL078C	3.0	3.0	3.0
YPL079W	3.0	3.0	3.0
YPL080C	3.0	3.0	3.0
YPL081W	3.0	3.0	3.0
YPL084W	1.0	1.0	1.0
YPL086C	2.0	1.0	3.0
YPL087W	3.0	3.0	3.0
YPL088W	3.0	3.0	3.0
YPL089C	3.0	3.0	3.0
YPL090C	3.0	3.0	3.0
YPL091W	3.0	3.0	3.0
YPL092W	3.0	3.0	3.0
YPL095C	3.0	3.0	3.0
YPL096W	3.0	3.0	3.0
YPL097W	1.0	1.0	1.0
YPL098C	3.0	3.0	3.0
YPL099C	3.0	3.0	3.0
YPL100W	3.0	3.0	3.0
YPL101W	3.0	3.0	3.0
YPL102C	3.0	3.0	3.0
YPL103C	3.0	3.0	3.0
YPL104W	1.0	1.0	2.0
YPL105C	3.0	3.0	3.0
YPL106C	3.0	3.0	3.0
YPL107W	3.0	2.0	3.0
YPL108W	3.0	3.0	3.0
YPL109C	3.0	3.0	3.0
YPL110C	3.0	3.0	3.0
YPL111W	3.0	3.0	3.0
YPL112C	3.0	3.0	3.0
YPL113C	3.0	3.0	3.0
YPL114W	3.0	3.0	3.0
YPL115C	3.0	3.0	3.0
YPL116W	3.0	3.0	3.0
YPL118W	1.0	1.0	1.0
YPL119C	1.0	1.0	1.0
YPL120W	3.0	3.0	3.0
YPL121C	3.0	3.0	3.0
YPL123C	1.0	1.0	1.0
YPL125W	3.0	3.0	2.5
YPL127C	3.0	3.0	3.0
YPL129W	1.0	1.0	1.0
YPL130W	3.0	3.0	3.0
YPL132W	1.0	1.0	1.0
YPL133C	3.0	3.0	3.0
YPL134C	3.0	3.0	3.0
YPL135W	3.0	3.0	3.0
YPL136W	3.0	3.0	3.0
YPL137C	3.0	3.0	3.0
YPL138C	3.0	3.0	3.0
YPL139C	3.0	3.0	3.0
YPL140C	3.0	3.0	3.0
YPL141C	3.0	3.0	3.0
YPL144W	3.0	3.0	3.0
YPL145C	3.0	3.0	3.0
YPL147W	2.0	3.0	3.0
YPL148C	1.0	1.0	1.0
YPL149W	3.0	3.0	3.0
YPL150W	1.0	1.0	1.0
YPL152W	3.0	3.0	3.0
YPL154C	3.0	3.0	3.0
YPL155C	3.0	3.0	3.0
YPL156C	3.0	3.0	3.0
YPL157W	3.0	3.0	3.0
YPL158C	3.0	3.0	3.0
YPL159C	3.0	3.0	3.0
YPL161C	3.0	3.0	3.0
YPL162C	3.0	3.0	3.0
YPL163C	3.0	3.0	3.0
YPL164C	3.0	3.0	3.0
YPL165C	3.0	3.0	3.0
YPL166W	3.0	3.0	3.0
YPL167C	3.0	3.0	3.0
YPL168W	3.0	3.0	3.0
YPL170W	3.0	3.0	3.0
YPL171C	3.0	3.0	3.0
YPL172C	1.0	1.0	2.0
YPL173W	1.0	1.0	2.0
YPL174C	2.0	1.0	3.0
YPL176C	3.0	3.0	3.0
YPL177C	3.0	3.0	3.0
YPL178W	3.0	2.0	3.0
YPL179W	3.0	3.0	3.0
YPL180W	3.0	3.0	3.0
YPL181W	3.0	3.0	3.0
YPL182C	3.0	3.0	3.0
YPL183C	3.0	3.0	3.0
YPL183W-A	1.0	1.0	1.0
YPL184C	3.0	3.0	3.0
YPL185W	3.0	3.0	3.0
YPL186C	3.0	3.0	3.0
YPL187W	3.0	3.0	3.0
YPL188W	1.0	1.0	2.0
YPL189W	3.0	3.0	3.0
YPL191C	3.0	3.0	3.0
YPL192C	3.0	3.0	3.0
YPL193W	3.0	3.0	2.5
YPL194W	3.0	3.0	3.0
YPL195W	3.0	3.0	3.0
YPL196W	3.0	3.0	3.0
YPL197C	3.0	3.0	3.0
YPL198W	3.0	3.0	3.0
YPL199C	3.0	3.0	3.0
YPL200W	3.0	3.0	3.0
YPL201C	3.0	3.0	3.0
YPL202C	3.0	3.0	3.0
YPL203W	3.0	3.0	3.0
YPL205C	3.0	3.0	3.0
YPL206C	3.0	3.0	3.0
YPL207W	3.0	3.0	3.0
YPL208W	3.0	3.0	3.0
YPL212C	3.0	3.0	3.0
YPL213W	2.0	2.0	3.0
YPL214C	3.0	3.0	3.0
YPL215W	3.0	3.0	2.0
YPL216W	3.0	3.0	3.0
YPL219W	3.0	3.0	3.0
YPL220W	3.0	3.0	3.0
YPL221W	3.0	3.0	3.0
YPL222W	3.0	3.0	3.0
YPL223C	3.0	3.0	3.0
YPL224C	3.0	3.0	3.0
YPL225W	3.0	3.0	3.0
YPL226W	3.0	3.0	3.0
YPL227C	3.0	3.0	3.0
YPL229W	3.0	3.0	3.0
YPL230W	3.0	3.0	3.0
YPL232W	3.0	3.0	3.0
YPL234C	1.0	1.0	1.0
YPL236C	3.0	3.0	3.0
YPL239W	3.0	3.0	3.0
YPL240C	3.0	3.0	3.0
YPL241C	3.0	3.0	3.0
YPL244C	3.0	3.0	3.0
YPL245W	3.0	3.0	3.0
YPL246C	3.0	3.0	3.0
YPL247C	3.0	3.0	3.0
YPL248C	3.0	3.0	3.0
YPL249C	3.0	3.0	3.0
YPL250C	3.0	3.0	3.0
YPL253C	3.0	3.0	3.0
YPL254W	1.0	1.0	1.0
YPL256C	3.0	3.0	3.0
YPL257W	3.0	3.0	3.0
YPL258C	3.0	3.0	3.0
YPL259C	3.0	3.0	3.0
YPL260W	3.0	3.0	3.0
YPL261C	3.0	3.0	3.0
YPL262W	1.0	1.0	2.0
YPL263C	3.0	3.0	3.0
YPL264C	3.0	3.0	3.0
YPL265W	3.0	3.0	3.0
YPL267W	3.0	3.0	3.0
YPL268W	1.0	1.0	1.0
YPL269W	3.0	3.0	3.0
YPL270W	2.0	1.0	2.0
YPL271W	1.0	1.0	2.0
YPL272C	3.0	3.0	3.0
YPL273W	3.0	3.0	3.0
YPL274W	3.0	3.0	3.0
YPR001W	3.0	3.0	3.0
YPR002W	3.0	3.0	3.0
YPR003C	3.0	3.0	3.0
YPR004C	3.0	3.0	3.0
YPR005C	3.0	3.0	3.0
YPR006C	3.0	3.0	3.0
YPR007C	3.0	3.0	3.0
YPR008W	3.0	3.0	3.0
YPR009W	3.0	3.0	3.0
YPR011C	3.0	3.0	3.0
YPR012W	3.0	3.0	3.0
YPR013C	3.0	3.0	3.0
YPR014C	3.0	3.0	3.0
YPR015C	3.0	3.0	3.0
YPR017C	3.0	3.0	3.0
YPR018W	3.0	3.0	3.0
YPR020W	3.0	3.0	3.0
YPR021C	3.0	3.0	3.0
YPR022C	3.0	3.0	3.0
YPR023C	3.0	3.0	3.0
YPR024W	3.0	3.0	2.0
YPR026W	3.0	3.0	3.0
YPR027C	3.0	3.0	3.0
YPR028W	3.0	3.0	3.0
YPR029C	3.0	3.0	3.0
YPR030W	3.0	3.0	3.0
YPR031W	3.0	3.0	3.0
YPR032W	1.0	1.0	1.0
YPR036W	1.0	1.0	2.0
YPR037C	3.0	3.0	3.0
YPR038W	3.0	3.0	3.0
YPR039W	3.0	3.0	3.0
YPR040W	3.0	3.0	3.0
YPR042C	3.0	3.0	3.0
YPR043W	3.0	3.0	3.0
YPR044C	3.0	3.0	3.0
YPR045C	3.0	3.0	3.0
YPR046W	3.0	3.0	3.0
YPR047W	1.0	1.0	1.0
YPR049C	3.0	3.0	3.0
YPR050C	3.0	3.0	3.0
YPR051W	3.0	3.0	3.0
YPR052C	3.0	3.0	3.0
YPR053C	3.0	3.0	3.0
YPR054W	3.0	3.0	3.0
YPR057W	3.0	3.0	3.0
YPR058W	3.0	3.0	3.0
YPR059C	3.0	3.0	3.0
YPR060C	3.0	3.0	3.0
YPR061C	3.0	3.0	3.0
YPR062W	3.0	3.0	3.0
YPR063C	3.0	3.0	3.0
YPR064W	3.0	3.0	3.0
YPR065W	3.0	3.0	3.0
YPR066W	1.0	1.0	2.0
YPR067W	1.0	1.0	2.0
YPR068C	3.0	3.0	3.0
YPR069C	3.0	3.0	3.0
YPR070W	3.0	3.0	3.0
YPR071W	3.0	3.0	3.0
YPR072W	1.0	1.0	2.0
YPR073C	3.0	3.0	3.0
YPR074C	3.0	3.0	3.0
YPR075C	3.0	3.0	3.0
YPR076W	3.0	3.0	3.0
YPR077C	3.0	3.0	3.0
YPR078C	3.0	3.0	3.0
YPR079W	3.0	3.0	3.0
YPR083W	3.0	3.0	3.0
YPR084W	3.0	3.0	3.0
YPR087W	3.0	2.0	3.0
YPR089W	3.0	3.0	3.0
YPR091C	3.0	3.0	3.0
YPR092W	3.0	3.0	3.0
YPR093C	2.0	2.0	3.0
YPR095C	3.0	3.0	3.0
YPR096C	3.0	3.0	3.0
YPR097W	3.0	3.0	3.0
YPR098C	3.0	3.0	3.0
YPR099C	1.0	1.0	1.0
YPR100W	1.0	1.0	1.0
YPR101W	3.0	3.0	3.0
YPR106W	3.0	3.0	3.0
YPR109W	3.0	3.0	3.0
YPR111W	3.0	3.0	3.0
YPR114W	3.0	3.0	3.0
YPR115W	3.0	3.0	3.0
YPR116W	1.0	1.0	1.0
YPR117W	3.0	3.0	3.0
YPR118W	3.0	3.0	3.0
YPR119W	3.0	3.0	3.0
YPR120C	3.0	3.0	3.0
YPR121W	3.0	3.0	3.0
YPR122W	3.0	3.0	3.0
YPR123C	1.0	1.0	1.0
YPR124W	1.0	1.0	1.0
YPR125W	3.0	3.0	3.0
YPR126C	3.0	3.0	3.0
YPR127W	3.0	3.0	3.0
YPR128C	3.0	3.0	3.0
YPR129W	3.0	3.0	3.0
YPR130C	3.0	3.0	3.0
YPR131C	2.0	2.0	3.0
YPR132W	3.0	3.0	3.0
YPR133W-A	3.0	3.0	3.0
YPR134W	3.0	3.0	3.0
YPR135W	3.0	3.0	3.0
YPR138C	3.0	3.0	3.0
YPR139C	2.0	2.0	2.5
YPR140W	3.0	3.0	3.0
YPR141C	3.0	3.0	3.0
YPR145W	3.0	3.0	3.0
YPR146C	3.0	3.0	3.0
YPR147C	3.0	3.0	3.0
YPR148C	3.0	3.0	3.0
YPR149W	3.0	3.0	3.0
YPR150W	3.0	3.0	3.0
YPR151C	3.0	3.0	3.0
YPR152C	3.0	3.0	3.0
YPR153W	3.0	3.0	3.0
YPR154W	3.0	3.0	3.0
YPR155C	3.0	3.0	3.0
YPR156C	3.0	3.0	3.0
YPR157W	3.0	3.0	3.0
YPR158W	3.0	3.0	3.0
YPR159W	3.0	2.0	3.0
YPR160W	3.0	3.0	3.0
YPR163C	3.0	1.0	3.0
YPR164W	3.0	3.0	3.0
YPR166C	3.0	3.0	3.0
YPR167C	3.0	3.0	3.0
YPR170C	3.0	3.0	3.0
YPR171W	3.0	3.0	3.0
YPR172W	3.0	3.0	3.0
YPR173C	1.0	1.0	1.0
YPR174C	3.0	3.0	3.0
YPR179C	3.0	3.0	3.0
YPR184W	3.0	3.0	3.0
YPR185W	3.0	3.0	3.0
YPR188C	3.0	3.0	3.0
YPR189W	3.0	3.0	3.0
YPR191W	1.0	1.0	2.0
YPR192W	3.0	3.0	3.0
YPR193C	3.0	3.0	3.0
YPR194C	3.0	3.0	3.0
YPR195C	3.0	3.0	3.0
YPR196W	3.0	3.0	3.0
YPR197C	3.0	3.0	3.0
YPR198W	3.0	3.0	3.0
YPR199C	3.0	3.0	3.0
YPR200C	3.0	3.0	3.0
YPR201W	3.0	3.0	3.0
