ORF	growth (colony size);Camptothecin	growth (colony size);Hydroxyurea	growth (colony size);Benomyl	growth (colony size);Caffeine	growth (colony size);Cycloheximide	growth (colony size);CsA	growth (colony size);FK506	growth (colony size);Fluconazole	growth (colony size);Rapamycin	growth (colony size);Sulfometuron methyl	growth (colony size);Tunicamycin	growth (colony size);Wortmannin
YLR027C	-0.000	-2.000	-0.000	-0.000	-0.000	-0.000	-0.000	-0.000	-1.000	-0.000	-1.000	-0.000
YDR448W	-0.000	-0.000	-0.000	-0.000	-0.000	-0.000	-0.000	-0.000	-0.000	-0.000	-0.000	-1.000
YOL086C	-1.000	-1.000	-0.000	-0.000	-0.000	-0.000	-0.000	-0.000	-1.000	-0.000	-0.000	-0.000
YDR226W	-0.000	-0.000	-0.000	-2.000	-0.000	-0.000	-0.000	-0.000	-0.000	-0.000	-3.000	-0.000
YJR105W	-0.000	-0.000	-0.000	-0.000	-0.000	-0.000	-0.000	-0.000	-0.000	-0.000	-2.000	-0.000
YBR132C	-0.000	-0.000	-0.000	-0.000	-0.000	-0.000	-0.000	-0.000	-0.000	-1.000	-1.000	-0.000
YDR264C	-2.000	-2.000	-2.000	-0.000	-0.000	-0.000	-0.000	-0.000	-0.000	-0.000	-3.000	-0.000
YEL036C	-0.000	-0.000	-0.000	-2.000	-0.000	-0.000	-0.000	-0.000	-0.000	-0.000	-0.000	-0.000
YBR231C	-0.000	-0.000	-2.000	-1.000	-0.000	-0.000	-0.000	-0.000	-0.000	-0.000	-0.000	-0.000
YKL157W	-0.000	-0.000	-0.000	-0.000	-0.000	-0.000	-0.000	-0.000	-1.000	-0.000	-0.000	-0.000
YLL042C	-0.000	-0.000	-0.000	-0.000	-0.000	-0.000	-0.000	-0.000	-2.000	-0.000	-0.000	-0.000
YHR171W	-0.000	-0.000	-0.000	-0.000	-0.000	-0.000	-0.000	-0.000	-1.000	-0.000	-0.000	-0.000
YPL259C	-0.000	-0.000	-0.000	-0.000	-0.000	-0.000	-0.000	-0.000	-1.000	-0.000	-0.000	-0.000
YML022W	-0.000	-0.000	-0.000	-0.000	-0.000	-0.000	-0.000	-0.000	-1.000	-0.000	-0.000	-0.000
YHR013C	-0.000	-0.000	-0.000	-2.000	-2.000	-0.000	-0.000	-0.000	-0.000	-0.000	-0.000	-0.000
YMR042W	-0.000	-0.000	-0.000	-0.000	-0.000	-0.000	-0.000	-0.000	-1.000	-0.000	-0.000	-0.000
YDR173C	-0.000	-0.000	-0.000	-0.000	-0.000	-0.000	-0.000	-0.000	-0.000	-1.000	-0.000	-0.000
YBR164C	-0.000	-0.000	-0.000	-1.000	-0.000	-0.000	-0.000	-0.000	-0.000	-0.000	-0.000	-0.000
YDR127W	-0.000	-0.000	-0.000	-0.000	-0.000	-0.000	-0.000	-0.000	-0.000	-0.000	-3.000	-0.000
YGL148W	-0.000	-1.000	-0.000	-0.000	-0.000	-0.000	-0.000	-0.000	-0.000	-0.000	-0.000	-0.000
YHR129C	-0.000	-0.000	-0.000	-0.000	-0.000	-0.000	-0.000	-0.000	-1.000	-2.000	-0.000	-0.000
YLR085C	-0.000	-0.000	-1.000	-1.000	-0.000	-0.000	-0.000	-0.000	-0.000	-0.000	-0.000	-0.000
YOR141C	-0.000	-0.000	-2.000	-0.000	-0.000	-0.000	-0.000	-0.000	-0.000	-0.000	-1.000	-0.000
YDL100C	-0.000	-0.000	-0.000	-0.000	-0.000	-0.000	-0.000	-0.000	-1.000	-0.000	-0.000	-0.000
YLR242C	-0.000	-0.000	-0.000	-0.000	-0.000	-0.000	-0.000	-1.000	-0.000	-0.000	-0.000	-0.000
YMR116C	-0.000	-0.000	-0.000	-0.000	-3.000	-0.000	-0.000	-0.000	-0.000	-0.000	-0.000	-0.000
YJL115W	-2.000	-2.000	-0.000	-0.000	-0.000	-0.000	-0.000	-0.000	-0.000	-0.000	-0.000	-0.000
YNL159C	-0.000	-0.000	-0.000	-0.000	-0.000	-0.000	-0.000	-0.000	-1.000	-0.000	-0.000	-0.000
YGR097W	-0.000	-0.000	-1.000	-0.000	-0.000	-0.000	-0.000	-0.000	-0.000	-0.000	-0.000	-0.000
YLR295C	-0.000	-0.000	-0.000	-0.000	-0.000	-0.000	-0.000	-0.000	-1.000	-0.000	-0.000	-0.000
YPL271W	-0.000	-0.000	-0.000	-0.000	-0.000	-0.000	-0.000	-0.000	-2.000	-0.000	-0.000	-0.000
YDR298C	-0.000	-0.000	-0.000	-0.000	-0.000	-0.000	-0.000	-0.000	-0.000	-0.000	-3.000	-0.000
YCL038C	-0.000	-0.000	-0.000	-0.000	-0.000	-0.000	-0.000	-0.000	-1.000	-0.000	-0.000	-0.000
YBL078C	-0.000	-0.000	-0.000	-0.000	-0.000	-0.000	-0.000	-0.000	-1.000	-0.000	-0.000	-0.000
YJL095W	-0.000	-0.000	-0.000	-3.000	-2.000	-0.000	-0.000	-0.000	-2.000	-0.000	-3.000	-0.000
YLR399C	-2.000	-2.000	-3.000	-0.000	-0.000	-0.000	-0.000	-0.000	-2.000	-0.000	-0.000	-0.000
YBR200W	-1.000	-2.000	-0.000	-2.000	-0.000	-0.000	-1.000	-0.000	-0.000	-0.000	-0.000	-0.000
YER155C	-0.000	-0.000	-1.000	-2.000	-0.000	-0.000	-0.000	-1.000	-0.000	-0.000	-0.000	-0.000
YOR198C	-0.000	-0.000	-0.000	-1.000	-0.000	-0.000	-0.000	-0.000	-2.000	-1.000	-0.000	-0.000
YCL029C	-0.000	-0.000	-1.000	-0.000	-0.000	-0.000	-0.000	-0.000	-0.000	-0.000	-0.000	-0.000
YER016W	-0.000	-1.000	-1.000	-0.000	-0.000	-0.000	-0.000	-0.000	-0.000	-0.000	-0.000	-0.000
YER177W	-0.000	-0.000	-0.000	-1.000	-0.000	-0.000	-0.000	-0.000	-2.000	-0.000	-0.000	-0.000
YDR099W	-0.000	-0.000	-0.000	-0.000	-0.000	-0.000	-0.000	-0.000	-1.000	-0.000	-0.000	-0.000
YDL074C	-0.000	-0.000	-0.000	-0.000	-0.000	-0.000	-0.000	-1.000	-0.000	-0.000	-0.000	-0.000
YNR051C	-0.000	-0.000	-0.000	-2.000	-0.000	-0.000	-0.000	-0.000	-0.000	-0.000	-0.000	-0.000
YPL084W	-0.000	-0.000	-0.000	-0.000	-2.000	-0.000	-0.000	-0.000	-0.000	-0.000	-0.000	-0.000
YPR057W	-0.000	-0.000	-0.000	-0.000	-0.000	-0.000	-0.000	-0.000	-1.000	-0.000	-0.000	-2.000
YBR290W	-0.000	-0.000	-0.000	-0.000	-0.000	-0.000	-0.000	-1.000	-0.000	-0.000	-0.000	-0.000
YPL069C	-0.000	-0.000	-0.000	-0.000	-0.000	-2.000	-2.000	-0.000	-0.000	-0.000	-0.000	-0.000
YGR188C	-0.000	-2.000	-1.000	-1.000	-0.000	-0.000	-0.000	-0.000	-0.000	-0.000	-0.000	-3.000
YOR026W	-0.000	-0.000	-3.000	-0.000	-0.000	-0.000	-0.000	-0.000	-0.000	-0.000	-0.000	-0.000
YJL188C	-0.000	-0.000	-0.000	-0.000	-0.000	-0.000	-0.000	-0.000	-0.000	-0.000	-2.000	-0.000
YMR014W	-0.000	-0.000	-1.000	-0.000	-0.000	-0.000	-0.000	-0.000	-0.000	-0.000	-0.000	-0.000
YCR047C	-0.000	-0.000	-0.000	-0.000	-0.000	-0.000	-0.000	-0.000	-2.000	-0.000	-0.000	-0.000
YER014C-A	-2.000	-2.000	-0.000	-2.000	-0.000	-0.000	-0.000	-0.000	-2.000	-0.000	-0.000	-3.000
YCR063W	-0.000	-0.000	-2.000	-0.000	-0.000	-0.000	-0.000	-0.000	-0.000	-0.000	-0.000	-0.000
YGR041W	-0.000	-0.000	-0.000	-1.000	-0.000	-0.000	-0.000	-0.000	-0.000	-0.000	-0.000	-0.000
YLR226W	-0.000	-0.000	-0.000	-1.000	-0.000	-0.000	-0.000	-0.000	-0.000	-0.000	-0.000	-0.000
YNL288W	-0.000	-0.000	-0.000	-1.000	-0.000	-0.000	-0.000	-0.000	-0.000	-0.000	-0.000	-0.000
YGR036C	-0.000	-0.000	-0.000	-0.000	-0.000	-3.000	-3.000	-0.000	-0.000	-0.000	-0.000	-0.000
YKL011C	-2.000	-1.000	-1.000	-0.000	-0.000	-0.000	-0.000	-0.000	-0.000	-0.000	-0.000	-0.000
YGR217W	-0.000	-0.000	-0.000	-0.000	-0.000	-0.000	-0.000	-0.000	-0.000	-0.000	-1.000	-0.000
YAL021C	-2.000	-2.000	-0.000	-3.000	-0.000	-0.000	-0.000	-0.000	-2.000	-0.000	-0.000	-3.000
YBR131W	-0.000	-0.000	-0.000	-1.000	-0.000	-0.000	-0.000	-0.000	-2.000	-0.000	-0.000	-0.000
YCR002C	-0.000	-0.000	-1.000	-0.000	-0.000	-0.000	-0.000	-3.000	-0.000	-0.000	-0.000	-0.000
YFR036W	-0.000	-0.000	-0.000	-0.000	-0.000	-0.000	-0.000	-0.000	-0.000	-0.000	-0.000	-2.000
YDR364C	-0.000	-0.000	-0.000	-3.000	-0.000	-0.000	-0.000	-0.000	-0.000	-0.000	-0.000	-3.000
YCR094W	-0.000	-0.000	-0.000	-1.000	-0.000	-0.000	-0.000	-0.000	-0.000	-0.000	-0.000	-3.000
YLR418C	-0.000	-0.000	-0.000	-1.000	-0.000	-0.000	-0.000	-0.000	-0.000	-0.000	-0.000	-0.000
YGL003C	-0.000	-0.000	-2.000	-0.000	-0.000	-0.000	-0.000	-0.000	-0.000	-0.000	-0.000	-0.000
YPL008W	-0.000	-1.000	-0.000	-0.000	-0.000	-0.000	-0.000	-0.000	-0.000	-0.000	-0.000	-0.000
YLR330W	-0.000	-0.000	-0.000	-0.000	-0.000	-0.000	-0.000	-0.000	-1.000	-0.000	-0.000	-0.000
YMR198W	-0.000	-2.000	-0.000	-0.000	-0.000	-0.000	-0.000	-0.000	-0.000	-0.000	-0.000	-0.000
YOR349W	-0.000	-0.000	-1.000	-0.000	-0.000	-0.000	-0.000	-0.000	-0.000	-0.000	-0.000	-0.000
YPL241C	-0.000	-0.000	-3.000	-0.000	-0.000	-0.000	-0.000	-0.000	-0.000	-0.000	-0.000	-0.000
YMR138W	-0.000	-0.000	-2.000	-0.000	-0.000	-0.000	-0.000	-0.000	-0.000	-0.000	-0.000	-0.000
YEL061C	-0.000	-0.000	-0.000	-0.000	-0.000	-0.000	-0.000	-0.000	-1.000	-0.000	-0.000	-0.000
YNL298W	-0.000	-0.000	-0.000	-0.000	-3.000	-0.000	-0.000	-0.000	-1.000	-0.000	-0.000	-0.000
YGR167W	-0.000	-0.000	-0.000	-3.000	-0.000	-3.000	-3.000	-0.000	-0.000	-1.000	-0.000	-0.000
YKL190W	-0.000	-0.000	-0.000	-0.000	-0.000	-0.000	-0.000	-0.000	-0.000	-0.000	-3.000	-0.000
YNL225C	-0.000	-0.000	-0.000	-0.000	-0.000	-0.000	-0.000	-0.000	-1.000	-0.000	-0.000	-0.000
YPL172C	-0.000	-0.000	-0.000	-0.000	-0.000	-0.000	-0.000	-0.000	-0.000	-1.000	-0.000	-0.000
YER141W	-0.000	-0.000	-0.000	-0.000	-0.000	-0.000	-0.000	-0.000	-1.000	-0.000	-0.000	-0.000
YBR036C	-0.000	-0.000	-0.000	-0.000	-0.000	-0.000	-0.000	-0.000	-0.000	-2.000	-0.000	-0.000
YMR048W	-1.000	-0.000	-0.000	-0.000	-0.000	-0.000	-0.000	-0.000	-0.000	-0.000	-0.000	-0.000
YLR380W	-0.000	-0.000	-0.000	-0.000	-0.000	-0.000	-0.000	-0.000	-1.000	-0.000	-0.000	-0.000
YPR135W	-3.000	-2.000	-0.000	-0.000	-0.000	-0.000	-0.000	-0.000	-0.000	-0.000	-0.000	-0.000
YHR191C	-2.000	-1.000	-0.000	-0.000	-0.000	-0.000	-0.000	-0.000	-2.000	-0.000	-0.000	-0.000
YKL139W	-0.000	-0.000	-1.000	-0.000	-0.000	-0.000	-0.000	-0.000	-0.000	-0.000	-0.000	-0.000
YEL027W	-0.000	-0.000	-0.000	-0.000	-0.000	-3.000	-3.000	-0.000	-0.000	-0.000	-3.000	-2.000
YPR049C	-0.000	-0.000	-2.000	-2.000	-0.000	-0.000	-0.000	-0.000	-0.000	-2.000	-0.000	-0.000
YCL007C	-1.000	-2.000	-0.000	-2.000	-0.000	-0.000	-0.000	-0.000	-3.000	-0.000	-0.000	-0.000
YGR155W	-0.000	-0.000	-0.000	-0.000	-0.000	-0.000	-0.000	-0.000	-1.000	-0.000	-1.000	-0.000
YBR301W	-0.000	-0.000	-0.000	-0.000	-0.000	-0.000	-0.000	-0.000	-1.000	-0.000	-0.000	-0.000
YGR092W	-2.000	-2.000	-0.000	-2.000	-3.000	-0.000	-0.000	-0.000	-0.000	-0.000	-0.000	-0.000
YCL016C	-2.000	-2.000	-1.000	-0.000	-0.000	-0.000	-0.000	-0.000	-1.000	-0.000	-0.000	-0.000
YPL194W	-3.000	-1.000	-0.000	-0.000	-0.000	-0.000	-0.000	-0.000	-0.000	-0.000	-0.000	-0.000
YFL001W	-0.000	-0.000	-0.000	-2.000	-0.000	-0.000	-0.000	-0.000	-2.000	-0.000	-0.000	-0.000
YAL013W	-0.000	-0.000	-0.000	-0.000	-3.000	-0.000	-0.000	-0.000	-0.000	-0.000	-0.000	-0.000
YOR080W	-0.000	-0.000	-0.000	-0.000	-0.000	-0.000	-0.000	-0.000	-2.000	-0.000	-0.000	-0.000
YKR035W-A	-0.000	-0.000	-0.000	-0.000	-0.000	-0.000	-0.000	-0.000	-1.000	-0.000	-0.000	-0.000
YKL002W	-0.000	-0.000	-0.000	-1.000	-0.000	-0.000	-0.000	-0.000	-1.000	-1.000	-2.000	-0.000
YER166W	-0.000	-0.000	-0.000	-0.000	-0.000	-0.000	-0.000	-0.000	-1.000	-0.000	-0.000	-0.000
YKL213C	-0.000	-0.000	-0.000	-0.000	-3.000	-0.000	-0.000	-0.000	-0.000	-0.000	-0.000	-0.000
YDR069C	-0.000	-0.000	-0.000	-2.000	-1.000	-0.000	-0.000	-0.000	-1.000	-0.000	-1.000	-0.000
YKL191W	-0.000	-0.000	-0.000	-1.000	-0.000	-0.000	-0.000	-0.000	-0.000	-0.000	-0.000	-0.000
YAL026C	-0.000	-0.000	-0.000	-0.000	-0.000	-1.000	-1.000	-3.000	-0.000	-0.000	-0.000	-0.000
YDL101C	-0.000	-3.000	-0.000	-0.000	-0.000	-0.000	-0.000	-0.000	-0.000	-0.000	-0.000	-0.000
YKR054C	-0.000	-0.000	-0.000	-0.000	-0.000	-0.000	-0.000	-0.000	-1.000	-0.000	-0.000	-0.000
YKL204W	-0.000	-2.000	-3.000	-0.000	-0.000	-0.000	-0.000	-0.000	-0.000	-0.000	-0.000	-0.000
YBR076W	-0.000	-0.000	-0.000	-3.000	-0.000	-0.000	-0.000	-0.000	-2.000	-0.000	-0.000	-0.000
YBL047C	-0.000	-0.000	-0.000	-2.000	-0.000	-0.000	-0.000	-0.000	-1.000	-0.000	-0.000	-0.000
YKL048C	-0.000	-0.000	-1.000	-0.000	-0.000	-0.000	-0.000	-0.000	-0.000	-0.000	-0.000	-0.000
YLR080W	-0.000	-0.000	-0.000	-0.000	-0.000	-0.000	-0.000	-2.000	-0.000	-0.000	-0.000	-0.000
YMR202W	-0.000	-0.000	-0.000	-0.000	-3.000	-0.000	-0.000	-0.000	-1.000	-0.000	-1.000	-3.000
YER044C	-1.000	-1.000	-0.000	-1.000	-0.000	-0.000	-0.000	-0.000	-0.000	-0.000	-0.000	-0.000
YLR056W	-2.000	-2.000	-0.000	-0.000	-3.000	-0.000	-0.000	-0.000	-2.000	-0.000	-0.000	-3.000
YGL012W	-2.000	-1.000	-0.000	-0.000	-3.000	-0.000	-0.000	-3.000	-1.000	-0.000	-0.000	-3.000
YMR015C	-0.000	-0.000	-0.000	-0.000	-0.000	-0.000	-0.000	-1.000	-1.000	-0.000	-0.000	-0.000
YML008C	-2.000	-1.000	-0.000	-0.000	-3.000	-0.000	-0.000	-0.000	-1.000	-2.000	-0.000	-3.000
YNL125C	-0.000	-0.000	-1.000	-0.000	-0.000	-0.000	-0.000	-0.000	-0.000	-0.000	-0.000	-0.000
YFR019W	-1.000	-2.000	-0.000	-2.000	-3.000	-0.000	-0.000	-0.000	-0.000	-0.000	-0.000	-0.000
YCR034W	-0.000	-0.000	-0.000	-0.000	-0.000	-0.000	-0.000	-0.000	-0.000	-0.000	-0.000	-3.000
YCR028C	-0.000	-0.000	-0.000	-0.000	-0.000	-0.000	-0.000	-2.000	-0.000	-0.000	-0.000	-0.000
YNL325C	-0.000	-0.000	-0.000	-0.000	-3.000	-0.000	-0.000	-0.000	-1.000	-0.000	-0.000	-0.000
YLR342W	-0.000	-0.000	-0.000	-0.000	-0.000	-3.000	-3.000	-0.000	-0.000	-0.000	-0.000	-0.000
YLL043W	-0.000	-0.000	-0.000	-0.000	-0.000	-0.000	-0.000	-0.000	-0.000	-1.000	-0.000	-0.000
YPL262W	-0.000	-0.000	-0.000	-0.000	-0.000	-0.000	-0.000	-0.000	-1.000	-0.000	-0.000	-1.000
YAL035W	-1.000	-3.000	-0.000	-0.000	-0.000	-0.000	-0.000	-0.000	-2.000	-0.000	-0.000	-0.000
YDL151C	-0.000	-1.000	-0.000	-0.000	-0.000	-0.000	-0.000	-0.000	-0.000	-0.000	-0.000	-0.000
YNL133C	-0.000	-3.000	-3.000	-2.000	-0.000	-0.000	-0.000	-0.000	-0.000	-0.000	-0.000	-0.000
YLR068W	-0.000	-0.000	-0.000	-1.000	-0.000	-0.000	-0.000	-0.000	-0.000	-0.000	-0.000	-0.000
YOL051W	-2.000	-2.000	-0.000	-0.000	-3.000	-0.000	-0.000	-3.000	-0.000	-2.000	-2.000	-2.000
YMR307W	-0.000	-0.000	-0.000	-0.000	-0.000	-2.000	-2.000	-0.000	-0.000	-0.000	-0.000	-0.000
YGL195W	-0.000	-0.000	-0.000	-0.000	-0.000	-0.000	-0.000	-0.000	-0.000	-2.000	-0.000	-0.000
YDR283C	-0.000	-0.000	-0.000	-0.000	-0.000	-0.000	-0.000	-0.000	-0.000	-2.000	-0.000	-0.000
YFR009W	-0.000	-0.000	-0.000	-0.000	-0.000	-0.000	-0.000	-0.000	-0.000	-2.000	-0.000	-0.000
YKR026C	-0.000	-0.000	-0.000	-0.000	-0.000	-0.000	-0.000	-0.000	-0.000	-3.000	-0.000	-0.000
YEL009C	-0.000	-0.000	-0.000	-0.000	-0.000	-0.000	-0.000	-0.000	-0.000	-3.000	-0.000	-0.000
YNL199C	-0.000	-0.000	-0.000	-2.000	-0.000	-0.000	-0.000	-0.000	-0.000	-0.000	-0.000	-0.000
YMR189W	-0.000	-0.000	-0.000	-0.000	-0.000	-0.000	-0.000	-0.000	-1.000	-0.000	-0.000	-0.000
YJR040W	-0.000	-0.000	-0.000	-0.000	-0.000	-0.000	-0.000	-0.000	-2.000	-0.000	-0.000	-0.000
YNL153C	-0.000	-0.000	-3.000	-0.000	-0.000	-0.000	-0.000	-0.000	-0.000	-0.000	-0.000	-0.000
YEL003W	-0.000	-0.000	-1.000	-0.000	-2.000	-0.000	-0.000	-0.000	-0.000	-0.000	-0.000	-3.000
YML094W	-0.000	-0.000	-3.000	-0.000	-0.000	-0.000	-0.000	-0.000	-0.000	-0.000	-0.000	-2.000
YPR160W	-0.000	-0.000	-0.000	-2.000	-0.000	-0.000	-0.000	-2.000	-1.000	-0.000	-1.000	-0.000
YJR090C	-2.000	-2.000	-0.000	-0.000	-0.000	-0.000	-0.000	-3.000	-0.000	-1.000	-3.000	-1.000
YML121W	-0.000	-0.000	-0.000	-3.000	-0.000	-0.000	-0.000	-0.000	-3.000	-0.000	-0.000	-2.000
YGR163W	-0.000	-0.000	-0.000	-3.000	-0.000	-0.000	-0.000	-0.000	-3.000	-0.000	-0.000	-2.000
YGL084C	-0.000	-0.000	-0.000	-0.000	-0.000	-0.000	-1.000	-0.000	-0.000	-0.000	-0.000	-0.000
YPL189W	-0.000	-0.000	-1.000	-0.000	-0.000	-0.000	-0.000	-0.000	-0.000	-0.000	-0.000	-0.000
YOR070C	-0.000	-0.000	-0.000	-0.000	-0.000	-0.000	-0.000	-0.000	-1.000	-0.000	-0.000	-0.000
YFL031W	-0.000	-0.000	-0.000	-0.000	-0.000	-0.000	-0.000	-0.000	-0.000	-0.000	-3.000	-0.000
YNL281W	-0.000	-0.000	-0.000	-0.000	-0.000	-0.000	-0.000	-0.000	-1.000	-0.000	-0.000	-0.000
YNL021W	-0.000	-0.000	-0.000	-0.000	-0.000	-0.000	-0.000	-1.000	-0.000	-0.000	-0.000	-0.000
YJR140C	-0.000	-0.000	-1.000	-0.000	-0.000	-0.000	-0.000	-0.000	-0.000	-0.000	-0.000	-0.000
YFR025C	-0.000	-0.000	-0.000	-0.000	-0.000	-0.000	-0.000	-0.000	-1.000	-0.000	-0.000	-0.000
YDR174W	-0.000	-0.000	-0.000	-1.000	-0.000	-0.000	-0.000	-0.000	-0.000	-0.000	-0.000	-0.000
YJR075W	-0.000	-0.000	-0.000	-0.000	-3.000	-0.000	-0.000	-0.000	-1.000	-1.000	-0.000	-0.000
YMR032W	-2.000	-2.000	-1.000	-0.000	-0.000	-0.000	-0.000	-0.000	-2.000	-0.000	-3.000	-0.000
YDR158W	-0.000	-0.000	-0.000	-0.000	-0.000	-0.000	-0.000	-0.000	-2.000	-0.000	-0.000	-0.000
YER052C	-0.000	-0.000	-0.000	-0.000	-0.000	-0.000	-0.000	-0.000	-2.000	-0.000	-0.000	-0.000
YJR139C	-0.000	-0.000	-0.000	-0.000	-0.000	-0.000	-0.000	-0.000	-2.000	-0.000	-0.000	-0.000
YGL033W	-0.000	-0.000	-1.000	-0.000	-0.000	-0.000	-0.000	-0.000	-0.000	-0.000	-0.000	-0.000
YGL194C	-0.000	-0.000	-1.000	-0.000	-0.000	-0.000	-0.000	-0.000	-0.000	-0.000	-0.000	-0.000
YBR215W	-0.000	-0.000	-0.000	-0.000	-0.000	-0.000	-0.000	-0.000	-0.000	-1.000	-0.000	-0.000
YJL092W	-2.000	-1.000	-0.000	-0.000	-0.000	-0.000	-0.000	-0.000	-0.000	-0.000	-0.000	-0.000
YMR186W	-0.000	-0.000	-0.000	-0.000	-0.000	-0.000	-0.000	-1.000	-0.000	-0.000	-0.000	-0.000
YBR133C	-1.000	-2.000	-0.000	-0.000	-0.000	-0.000	-0.000	-0.000	-0.000	-0.000	-0.000	-0.000
YNL215W	-0.000	-0.000	-0.000	-0.000	-0.000	-0.000	-0.000	-0.000	-0.000	-0.000	-1.000	-0.000
YLR052W	-0.000	-0.000	-0.000	-0.000	-0.000	-0.000	-0.000	-0.000	-0.000	-0.000	-1.000	-0.000
YER092W	-0.000	-0.000	-0.000	-0.000	-0.000	-0.000	-0.000	-0.000	-0.000	-0.000	-1.000	-0.000
YEL044W	-1.000	-3.000	-0.000	-0.000	-3.000	-0.000	-0.000	-0.000	-0.000	-0.000	-2.000	-1.000
YCL009C	-0.000	-0.000	-0.000	-0.000	-0.000	-0.000	-0.000	-0.000	-0.000	-1.000	-0.000	-0.000
YNL106C	-0.000	-0.000	-2.000	-0.000	-0.000	-0.000	-0.000	-0.000	-0.000	-0.000	-0.000	-0.000
YOR109W	-0.000	-0.000	-0.000	-0.000	-0.000	-0.000	-0.000	-0.000	-1.000	-0.000	-0.000	-0.000
YHR079C	-0.000	-0.000	-0.000	-0.000	-0.000	-0.000	-0.000	-0.000	-0.000	-0.000	-3.000	-0.000
YER019W	-0.000	-1.000	-0.000	-0.000	-3.000	-0.000	-0.000	-1.000	-0.000	-0.000	-0.000	-0.000
YBR245C	-0.000	-0.000	-0.000	-0.000	-0.000	-0.000	-0.000	-0.000	-2.000	-0.000	-0.000	-2.000
YMR294W	-0.000	-0.000	-1.000	-0.000	-0.000	-0.000	-0.000	-0.000	-0.000	-0.000	-0.000	-0.000
YPR141C	-0.000	-1.000	-0.000	-0.000	-0.000	-0.000	-0.000	-0.000	-0.000	-0.000	-0.000	-0.000
YNL238W	-0.000	-0.000	-0.000	-0.000	-0.000	-2.000	-2.000	-3.000	-2.000	-1.000	-0.000	-0.000
YLR096W	-0.000	-0.000	-0.000	-0.000	-0.000	-0.000	-0.000	-0.000	-0.000	-0.000	-1.000	-0.000
YNL322C	-0.000	-0.000	-0.000	-0.000	-0.000	-1.000	-1.000	-0.000	-0.000	-0.000	-1.000	-0.000
YLR338W	-0.000	-1.000	-0.000	-2.000	-0.000	-0.000	-0.000	-0.000	-1.000	-1.000	-0.000	-0.000
YDR433W	-2.000	-1.000	-0.000	-0.000	-0.000	-0.000	-0.000	-0.000	-2.000	-3.000	-0.000	-0.000
YNL296W	-0.000	-0.000	-0.000	-0.000	-0.000	-0.000	-0.000	-0.000	-1.000	-0.000	-0.000	-1.000
YIL027C	-0.000	-0.000	-0.000	-0.000	-0.000	-0.000	-0.000	-1.000	-0.000	-0.000	-0.000	-0.000
YDR532C	-0.000	-0.000	-3.000	-0.000	-0.000	-0.000	-0.000	-0.000	-0.000	-0.000	-0.000	-2.000
YPR159W	-0.000	-0.000	-0.000	-1.000	-0.000	-0.000	-0.000	-0.000	-0.000	-0.000	-0.000	-0.000
YKL110C	-0.000	-0.000	-0.000	-0.000	-0.000	-0.000	-0.000	-0.000	-2.000	-0.000	-0.000	-0.000
YOR171C	-0.000	-0.000	-0.000	-0.000	-0.000	-0.000	-0.000	-0.000	-1.000	-0.000	-0.000	-0.000
YPL213W	-0.000	-0.000	-1.000	-0.000	-0.000	-0.000	-0.000	-0.000	-0.000	-0.000	-0.000	-2.000
YNL323W	-0.000	-0.000	-0.000	-0.000	-0.000	-0.000	-0.000	-0.000	-1.000	-2.000	-0.000	-2.000
YFR001W	-0.000	-1.000	-0.000	-0.000	-0.000	-0.000	-0.000	-0.000	-0.000	-0.000	-0.000	-0.000
YJL124C	-2.000	-1.000	-0.000	-3.000	-3.000	-0.000	-0.000	-0.000	-3.000	-0.000	-0.000	-0.000
YDR378C	-2.000	-2.000	-0.000	-2.000	-0.000	-0.000	-0.000	-0.000	-0.000	-0.000	-0.000	-3.000
YKL176C	-0.000	-0.000	-0.000	-2.000	-0.000	-0.000	-0.000	-0.000	-1.000	-0.000	-0.000	-0.000
YGR057C	-0.000	-0.000	-0.000	-1.000	-0.000	-0.000	-0.000	-0.000	-2.000	-0.000	-0.000	-0.000
YMR038C	-0.000	-1.000	-0.000	-0.000	-0.000	-0.000	-0.000	-0.000	-0.000	-0.000	-2.000	-0.000
YGL086W	-0.000	-0.000	-1.000	-0.000	-0.000	-0.000	-0.000	-0.000	-0.000	-0.000	-0.000	-0.000
YJL030W	-0.000	-0.000	-1.000	-0.000	-0.000	-0.000	-0.000	-0.000	-0.000	-0.000	-0.000	-0.000
YEL053C	-0.000	-0.000	-0.000	-0.000	-0.000	-0.000	-0.000	-0.000	-1.000	-0.000	-0.000	-0.000
YOR298C-A	-0.000	-0.000	-0.000	-0.000	-3.000	-0.000	-0.000	-0.000	-0.000	-0.000	-0.000	-0.000
YOR306C	-0.000	-0.000	-0.000	-2.000	-0.000	-0.000	-0.000	-0.000	-2.000	-0.000	-2.000	-0.000
YOR221C	-0.000	-0.000	-0.000	-0.000	-0.000	-0.000	-0.000	-0.000	-1.000	-0.000	-0.000	-0.000
YOL076W	-1.000	-2.000	-0.000	-3.000	-0.000	-0.000	-0.000	-0.000	-2.000	-0.000	-0.000	-0.000
YLR288C	-2.000	-2.000	-0.000	-0.000	-0.000	-0.000	-0.000	-0.000	-0.000	-0.000	-0.000	-0.000
YIL128W	-0.000	-2.000	-0.000	-0.000	-0.000	-0.000	-0.000	-0.000	-0.000	-0.000	-0.000	-0.000
YOR241W	-0.000	-0.000	-0.000	-0.000	-0.000	-0.000	-0.000	-0.000	-2.000	-0.000	-0.000	-0.000
YDR461W	-0.000	-0.000	-1.000	-0.000	-0.000	-0.000	-0.000	-0.000	-0.000	-0.000	-0.000	-0.000
YML062C	-0.000	-0.000	-0.000	-2.000	-0.000	-0.000	-0.000	-0.000	-2.000	-0.000	-0.000	-0.000
YNL291C	-0.000	-0.000	-0.000	-0.000	-0.000	-0.000	-0.000	-0.000	-1.000	-0.000	-1.000	-0.000
YLR332W	-0.000	-0.000	-0.000	-0.000	-0.000	-0.000	-0.000	-0.000	-0.000	-0.000	-2.000	-0.000
YPR188C	-0.000	-0.000	-0.000	-0.000	-0.000	-0.000	-0.000	-0.000	-1.000	-0.000	-0.000	-0.000
YMR167W	-0.000	-0.000	-0.000	-0.000	-0.000	-0.000	-0.000	-0.000	-1.000	-0.000	-0.000	-0.000
YPR164W	-3.000	-2.000	-0.000	-0.000	-0.000	-0.000	-0.000	-0.000	-0.000	-0.000	-0.000	-0.000
YGL087C	-0.000	-1.000	-0.000	-0.000	-0.000	-0.000	-0.000	-0.000	-0.000	-0.000	-0.000	-0.000
YLR320W	-3.000	-2.000	-0.000	-0.000	-0.000	-0.000	-0.000	-0.000	-0.000	-0.000	-0.000	-0.000
YBR098W	-3.000	-2.000	-0.000	-0.000	-0.000	-0.000	-0.000	-0.000	-0.000	-0.000	-0.000	-0.000
YDR245W	-0.000	-0.000	-0.000	-1.000	-0.000	-0.000	-0.000	-0.000	-2.000	-2.000	-0.000	-0.000
YJL183W	-0.000	-0.000	-0.000	-0.000	-0.000	-0.000	-0.000	-0.000	-1.000	-1.000	-0.000	-0.000
YJR074W	-0.000	-0.000	-0.000	-0.000	-0.000	-0.000	-0.000	-0.000	-0.000	-1.000	-0.000	-3.000
YER068W	-0.000	-0.000	-0.000	-1.000	-0.000	-0.000	-0.000	-0.000	-1.000	-0.000	-0.000	-0.000
YCL061C	-0.000	-1.000	-0.000	-0.000	-0.000	-0.000	-0.000	-0.000	-0.000	-0.000	-0.000	-0.000
YMR224C	-3.000	-3.000	-0.000	-0.000	-0.000	-0.000	-0.000	-0.000	-0.000	-0.000	-0.000	-0.000
YNL005C	-0.000	-0.000	-0.000	-0.000	-0.000	-0.000	-0.000	-0.000	-0.000	-0.000	-3.000	-0.000
YKR006C	-0.000	-1.000	-0.000	-0.000	-0.000	-0.000	-0.000	-0.000	-0.000	-0.000	-0.000	-0.000
YDR462W	-0.000	-0.000	-1.000	-0.000	-2.000	-0.000	-0.000	-3.000	-0.000	-0.000	-0.000	-0.000
YKL138C	-0.000	-0.000	-0.000	-0.000	-0.000	-0.000	-0.000	-0.000	-0.000	-2.000	-0.000	-0.000
YIR021W	-0.000	-0.000	-0.000	-0.000	-0.000	-0.000	-0.000	-0.000	-2.000	-0.000	-0.000	-0.000
YNR049C	-0.000	-0.000	-0.000	-0.000	-0.000	-0.000	-0.000	-0.000	-1.000	-0.000	-0.000	-0.000
YMR164C	-0.000	-0.000	-0.000	-0.000	-0.000	-0.000	-0.000	-0.000	-1.000	-0.000	-0.000	-0.000
YDR386W	-3.000	-1.000	-0.000	-0.000	-0.000	-0.000	-0.000	-0.000	-0.000	-0.000	-0.000	-0.000
YKR048C	-0.000	-0.000	-0.000	-0.000	-0.000	-0.000	-0.000	-0.000	-1.000	-0.000	-0.000	-0.000
YPR131C	-2.000	-1.000	-0.000	-2.000	-0.000	-0.000	-0.000	-0.000	-0.000	-0.000	-0.000	-0.000
YBL024W	-0.000	-0.000	-1.000	-2.000	-0.000	-0.000	-0.000	-1.000	-1.000	-0.000	-0.000	-0.000
YMR145C	-0.000	-0.000	-0.000	-2.000	-0.000	-0.000	-0.000	-2.000	-0.000	-1.000	-0.000	-2.000
YHR004C	-0.000	-0.000	-0.000	-0.000	-0.000	-0.000	-0.000	-0.000	-2.000	-0.000	-0.000	-0.000
YDR176W	-0.000	-0.000	-0.000	-0.000	-0.000	-0.000	-0.000	-0.000	-0.000	-0.000	-0.000	-1.000
YLR138W	-0.000	-0.000	-0.000	-0.000	-0.000	-0.000	-0.000	-0.000	-0.000	-0.000	-3.000	-0.000
YDL002C	-0.000	-0.000	-0.000	-0.000	-0.000	-0.000	-0.000	-0.000	-0.000	-0.000	-1.000	-0.000
YPL174C	-0.000	-0.000	-0.000	-0.000	-0.000	-0.000	-0.000	-0.000	-0.000	-2.000	-0.000	-0.000
YNL175C	-0.000	-0.000	-1.000	-0.000	-0.000	-0.000	-0.000	-0.000	-0.000	-0.000	-0.000	-0.000
YER002W	-0.000	-0.000	-0.000	-0.000	-0.000	-0.000	-0.000	-1.000	-0.000	-0.000	-0.000	-0.000
YDR432W	-0.000	-0.000	-0.000	-0.000	-3.000	-0.000	-0.000	-0.000	-0.000	-0.000	-0.000	-0.000
YMR091C	-0.000	-0.000	-3.000	-0.000	-0.000	-0.000	-0.000	-0.000	-0.000	-0.000	-0.000	-0.000
YBR188C	-0.000	-0.000	-0.000	-0.000	-0.000	-0.000	-0.000	-0.000	-1.000	-0.000	-0.000	-0.000
YDR150W	-0.000	-0.000	-0.000	-0.000	-0.000	-0.000	-0.000	-0.000	-1.000	-0.000	-0.000	-0.000
YKR082W	-2.000	-0.000	-0.000	-0.000	-0.000	-0.000	-0.000	-0.000	-0.000	-0.000	-0.000	-0.000
YML103C	-0.000	-0.000	-0.000	-0.000	-3.000	-0.000	-0.000	-0.000	-0.000	-0.000	-0.000	-0.000
YAR002W	-0.000	-0.000	-0.000	-0.000	-0.000	-0.000	-0.000	-0.000	-1.000	-0.000	-0.000	-0.000
YDL116W	-2.000	-2.000	-0.000	-0.000	-0.000	-0.000	-0.000	-0.000	-0.000	-0.000	-0.000	-0.000
YGL151W	-0.000	-0.000	-0.000	-0.000	-0.000	-0.000	-0.000	-2.000	-0.000	-0.000	-0.000	-0.000
YNL099C	-0.000	-0.000	-0.000	-2.000	-0.000	-0.000	-0.000	-0.000	-0.000	-0.000	-0.000	-0.000
YKL134C	-0.000	-0.000	-0.000	-0.000	-0.000	-0.000	-0.000	-0.000	-0.000	-0.000	-3.000	-0.000
YHL020C	-0.000	-0.000	-0.000	-0.000	-0.000	-0.000	-0.000	-0.000	-0.000	-0.000	-0.000	-1.000
YPR194C	-0.000	-0.000	-0.000	-1.000	-0.000	-0.000	-0.000	-0.000	-2.000	-0.000	-0.000	-0.000
YGR078C	-0.000	-0.000	-3.000	-0.000	-0.000	-0.000	-0.000	-0.000	-0.000	-0.000	-0.000	-0.000
YER007W	-0.000	-0.000	-1.000	-0.000	-0.000	-0.000	-0.000	-0.000	-0.000	-0.000	-0.000	-0.000
YCR077C	-3.000	-2.000	-0.000	-3.000	-3.000	-0.000	-0.000	-1.000	-3.000	-0.000	-0.000	-0.000
YNL015W	-0.000	-0.000	-0.000	-0.000	-0.000	-0.000	-0.000	-0.000	-0.000	-0.000	-1.000	-0.000
YPL058C	-0.000	-0.000	-0.000	-1.000	-0.000	-0.000	-0.000	-0.000	-0.000	-0.000	-0.000	-0.000
YNL231C	-0.000	-0.000	-0.000	-0.000	-0.000	-0.000	-0.000	-2.000	-0.000	-0.000	-0.000	-0.000
YOR153W	-0.000	-0.000	-0.000	-0.000	-3.000	-0.000	-0.000	-3.000	-0.000	-0.000	-0.000	-3.000
YOR036W	-0.000	-1.000	-0.000	-2.000	-0.000	-0.000	-0.000	-0.000	-2.000	-0.000	-0.000	-0.000
YJL053W	-0.000	-0.000	-0.000	-1.000	-0.000	-0.000	-0.000	-0.000	-2.000	-0.000	-0.000	-0.000
YCR044C	-0.000	-0.000	-0.000	-0.000	-0.000	-0.000	-0.000	-0.000	-0.000	-1.000	-1.000	-0.000
YER153C	-0.000	-0.000	-0.000	-0.000	-0.000	-0.000	-0.000	-0.000	-1.000	-0.000	-0.000	-0.000
YLR067C	-0.000	-0.000	-0.000	-0.000	-0.000	-0.000	-0.000	-0.000	-0.000	-0.000	-2.000	-0.000
YOR201C	-0.000	-0.000	-0.000	-0.000	-0.000	-0.000	-0.000	-0.000	-0.000	-1.000	-0.000	-0.000
YJL179W	-0.000	-0.000	-2.000	-0.000	-0.000	-0.000	-0.000	-0.000	-0.000	-0.000	-0.000	-0.000
YMR205C	-0.000	-0.000	-0.000	-0.000	-0.000	-0.000	-0.000	-0.000	-0.000	-0.000	-2.000	-0.000
YGL025C	-0.000	-0.000	-0.000	-0.000	-0.000	-0.000	-0.000	-0.000	-0.000	-0.000	-1.000	-0.000
YNL097C	-0.000	-0.000	-0.000	-0.000	-3.000	-0.000	-0.000	-0.000	-0.000	-0.000	-0.000	-0.000
YOL001W	-0.000	-1.000	-0.000	-0.000	-0.000	-0.000	-0.000	-0.000	-2.000	-0.000	-0.000	-0.000
YBR106W	-0.000	-1.000	-2.000	-0.000	-0.000	-0.000	-0.000	-1.000	-0.000	-0.000	-0.000	-2.000
YGL023C	-0.000	-0.000	-0.000	-3.000	-0.000	-0.000	-0.000	-0.000	-2.000	-0.000	-0.000	-0.000
YMR123W	-0.000	-0.000	-0.000	-0.000	-2.000	-0.000	-0.000	-1.000	-0.000	-0.000	-0.000	-0.000
YPL268W	-0.000	-0.000	-0.000	-3.000	-0.000	-0.000	-0.000	-0.000	-0.000	-0.000	-0.000	-0.000
YGL167C	-0.000	-0.000	-0.000	-0.000	-0.000	-0.000	-0.000	-0.000	-0.000	-2.000	-0.000	-2.000
YAL023C	-0.000	-0.000	-0.000	-0.000	-0.000	-1.000	-1.000	-0.000	-0.000	-0.000	-0.000	-0.000
YOR321W	-0.000	-0.000	-0.000	-1.000	-0.000	-0.000	-0.000	-0.000	-0.000	-0.000	-0.000	-0.000
YDL093W	-0.000	-0.000	-0.000	-1.000	-0.000	-0.000	-0.000	-0.000	-0.000	-0.000	-0.000	-0.000
YJR043C	-0.000	-2.000	-0.000	-0.000	-0.000	-0.000	-0.000	-0.000	-0.000	-0.000	-0.000	-0.000
YNR052C	-2.000	-2.000	-3.000	-3.000	-0.000	-0.000	-0.000	-0.000	-0.000	-0.000	-0.000	-0.000
YPL188W	-0.000	-0.000	-0.000	-0.000	-0.000	-0.000	-0.000	-0.000	-1.000	-0.000	-0.000	-1.000
YHR026W	-0.000	-0.000	-0.000	-0.000	-3.000	-3.000	-3.000	-0.000	-2.000	-1.000	-3.000	-2.000
YDR075W	-0.000	-0.000	-0.000	-0.000	-2.000	-0.000	-0.000	-0.000	-0.000	-0.000	-0.000	-0.000
YML016C	-0.000	-0.000	-0.000	-3.000	-0.000	-0.000	-0.000	-0.000	-2.000	-0.000	-0.000	-0.000
YGR135W	-0.000	-1.000	-0.000	-0.000	-0.000	-0.000	-0.000	-0.000	-0.000	-0.000	-0.000	-0.000
YOR323C	-0.000	-2.000	-0.000	-0.000	-0.000	-0.000	-0.000	-0.000	-0.000	-0.000	-0.000	-0.000
YHL011C	-0.000	-0.000	-0.000	-2.000	-0.000	-0.000	-0.000	-0.000	-0.000	-0.000	-3.000	-3.000
YDR126W	-0.000	-0.000	-0.000	-0.000	-0.000	-0.000	-0.000	-0.000	-2.000	-0.000	-0.000	-3.000
YDL006W	-0.000	-1.000	-0.000	-1.000	-0.000	-0.000	-0.000	-0.000	-2.000	-0.000	-0.000	-0.000
YDR496C	-0.000	-0.000	-0.000	-0.000	-0.000	-0.000	-0.000	-0.000	-1.000	-0.000	-0.000	-0.000
YOR368W	-2.000	-1.000	-0.000	-0.000	-0.000	-0.000	-0.000	-0.000	-0.000	-0.000	-0.000	-0.000
YCR066W	-0.000	-0.000	-0.000	-0.000	-0.000	-0.000	-0.000	-0.000	-0.000	-0.000	-0.000	-1.000
YER173W	-3.000	-1.000	-0.000	-0.000	-0.000	-0.000	-0.000	-0.000	-0.000	-0.000	-0.000	-0.000
YER162C	-0.000	-0.000	-0.000	-1.000	-0.000	-0.000	-0.000	-0.000	-0.000	-0.000	-0.000	-0.000
YLR032W	-0.000	-2.000	-0.000	-0.000	-0.000	-0.000	-0.000	-0.000	-0.000	-0.000	-0.000	-0.000
YNL250W	-3.000	-3.000	-0.000	-0.000	-0.000	-0.000	-0.000	-0.000	-0.000	-0.000	-0.000	-0.000
YER095W	-3.000	-3.000	-0.000	-0.000	-0.000	-0.000	-0.000	-0.000	-2.000	-0.000	-0.000	-0.000
YML032C	-3.000	-3.000	-0.000	-0.000	-0.000	-0.000	-0.000	-0.000	-1.000	-0.000	-0.000	-0.000
YGL163C	-3.000	-2.000	-0.000	-0.000	-0.000	-0.000	-0.000	-0.000	-0.000	-0.000	-0.000	-0.000
YDR076W	-3.000	-2.000	-0.000	-0.000	-0.000	-0.000	-0.000	-0.000	-0.000	-0.000	-0.000	-0.000
YDR004W	-3.000	-3.000	-0.000	-0.000	-0.000	-0.000	-0.000	-0.000	-0.000	-0.000	-0.000	-0.000
YDL059C	-3.000	-3.000	-0.000	-0.000	-0.000	-0.000	-0.000	-0.000	-0.000	-0.000	-0.000	-0.000
YDR217C	-2.000	-0.000	-0.000	-0.000	-0.000	-0.000	-0.000	-0.000	-0.000	-0.000	-0.000	-0.000
YJR033C	-0.000	-0.000	-0.000	-0.000	-0.000	-0.000	-0.000	-1.000	-0.000	-0.000	-0.000	-0.000
YJL204C	-0.000	-0.000	-0.000	-0.000	-0.000	-0.000	-0.000	-0.000	-0.000	-0.000	-0.000	-1.000
YDR195W	-0.000	-0.000	-2.000	-0.000	-0.000	-0.000	-0.000	-0.000	-1.000	-3.000	-0.000	-3.000
YBR260C	-0.000	-0.000	-0.000	-0.000	-0.000	-0.000	-0.000	-0.000	-0.000	-0.000	-2.000	-0.000
YDR137W	-0.000	-0.000	-0.000	-0.000	-0.000	-1.000	-1.000	-0.000	-1.000	-0.000	-2.000	-0.000
YHL027W	-0.000	-0.000	-0.000	-0.000	-0.000	-0.000	-0.000	-2.000	-0.000	-0.000	-1.000	-0.000
YMR154C	-0.000	-0.000	-0.000	-0.000	-0.000	-0.000	-0.000	-1.000	-0.000	-0.000	-0.000	-0.000
YFL033C	-0.000	-0.000	-0.000	-0.000	-0.000	-0.000	-0.000	-0.000	-1.000	-0.000	-0.000	-0.000
YOR275C	-0.000	-0.000	-0.000	-0.000	-0.000	-0.000	-0.000	-1.000	-0.000	-0.000	-0.000	-0.000
YNL294C	-0.000	-0.000	-0.000	-0.000	-0.000	-0.000	-0.000	-2.000	-0.000	-0.000	-0.000	-0.000
YMR063W	-0.000	-0.000	-0.000	-0.000	-0.000	-0.000	-0.000	-1.000	-0.000	-0.000	-1.000	-0.000
YPL089C	-0.000	-0.000	-0.000	-0.000	-0.000	-0.000	-0.000	-0.000	-0.000	-0.000	-1.000	-0.000
YNL139C	-1.000	-1.000	-0.000	-0.000	-0.000	-0.000	-0.000	-0.000	-0.000	-0.000	-0.000	-0.000
YCL028W	-0.000	-0.000	-0.000	-0.000	-0.000	-0.000	-0.000	-0.000	-1.000	-0.000	-0.000	-0.000
YLR371W	-0.000	-0.000	-0.000	-0.000	-0.000	-0.000	-0.000	-0.000	-0.000	-0.000	-3.000	-0.000
YBR229C	-0.000	-0.000	-0.000	-0.000	-0.000	-0.000	-0.000	-0.000	-0.000	-0.000	-2.000	-0.000
YBL093C	-0.000	-2.000	-0.000	-0.000	-0.000	-0.000	-0.000	-0.000	-0.000	-0.000	-0.000	-2.000
YDR156W	-0.000	-0.000	-0.000	-1.000	-0.000	-0.000	-0.000	-0.000	-2.000	-0.000	-0.000	-0.000
YJL148W	-0.000	-0.000	-0.000	-0.000	-0.000	-0.000	-0.000	-0.000	-0.000	-0.000	-2.000	-0.000
YNL248C	-0.000	-0.000	-0.000	-1.000	-0.000	-0.000	-0.000	-0.000	-0.000	-0.000	-0.000	-0.000
YJL140W	-0.000	-0.000	-0.000	-2.000	-0.000	-0.000	-0.000	-0.000	-1.000	-0.000	-0.000	-0.000
YGL070C	-2.000	-2.000	-0.000	-0.000	-0.000	-0.000	-0.000	-0.000	-0.000	-0.000	-0.000	-0.000
YJL121C	-0.000	-0.000	-0.000	-0.000	-0.000	-0.000	-0.000	-0.000	-0.000	-0.000	-0.000	-2.000
YDR418W	-0.000	-0.000	-0.000	-1.000	-0.000	-0.000	-0.000	-0.000	-0.000	-0.000	-0.000	-0.000
YMR142C	-0.000	-0.000	-0.000	-1.000	-0.000	-0.000	-0.000	-0.000	-0.000	-0.000	-2.000	-0.000
YKL006W	-0.000	-0.000	-0.000	-0.000	-0.000	-0.000	-0.000	-0.000	-0.000	-1.000	-0.000	-0.000
YBR084C-A	-0.000	-0.000	-0.000	-1.000	-0.000	-0.000	-0.000	-0.000	-0.000	-0.000	-0.000	-0.000
YOR312C	-0.000	-0.000	-0.000	-1.000	-2.000	-0.000	-0.000	-0.000	-1.000	-1.000	-0.000	-0.000
YBR191W	-0.000	-0.000	-0.000	-1.000	-0.000	-0.000	-0.000	-0.000	-0.000	-0.000	-0.000	-0.000
YPL079W	-0.000	-0.000	-0.000	-1.000	-0.000	-0.000	-0.000	-0.000	-0.000	-0.000	-0.000	-0.000
YLR061W	-0.000	-0.000	-0.000	-1.000	-0.000	-0.000	-0.000	-0.000	-0.000	-0.000	-0.000	-0.000
YHR010W	-0.000	-1.000	-0.000	-0.000	-3.000	-0.000	-0.000	-0.000	-0.000	-0.000	-0.000	-0.000
YIL018W	-0.000	-0.000	-0.000	-1.000	-0.000	-0.000	-0.000	-0.000	-0.000	-0.000	-0.000	-0.000
YIL052C	-0.000	-0.000	-0.000	-1.000	-0.000	-0.000	-0.000	-0.000	-2.000	-2.000	-0.000	-0.000
YDL191W	-0.000	-0.000	-0.000	-0.000	-0.000	-0.000	-0.000	-0.000	-0.000	-0.000	-1.000	-0.000
YNL162W	-0.000	-0.000	-0.000	-0.000	-3.000	-0.000	-0.000	-0.000	-0.000	-1.000	-0.000	-0.000
YLL045C	-0.000	-0.000	-0.000	-0.000	-0.000	-0.000	-0.000	-0.000	-0.000	-1.000	-0.000	-0.000
YNL067W	-0.000	-0.000	-0.000	-0.000	-0.000	-0.000	-0.000	-0.000	-2.000	-0.000	-0.000	-0.000
YDL020C	-0.000	-0.000	-0.000	-0.000	-0.000	-0.000	-1.000	-2.000	-0.000	-0.000	-1.000	-0.000
YOR293W	-0.000	-0.000	-0.000	-0.000	-0.000	-0.000	-0.000	-0.000	-1.000	-0.000	-0.000	-0.000
YMR143W	-0.000	-0.000	-0.000	-0.000	-0.000	-0.000	-0.000	-0.000	-1.000	-0.000	-0.000	-0.000
YML024W	-0.000	-0.000	-0.000	-0.000	-0.000	-0.000	-0.000	-0.000	-1.000	-0.000	-0.000	-0.000
YJL190C	-0.000	-0.000	-1.000	-0.000	-0.000	-0.000	-0.000	-0.000	-0.000	-0.000	-0.000	-0.000
YIL153W	-0.000	-0.000	-0.000	-0.000	-0.000	-0.000	-0.000	-0.000	-0.000	-0.000	-1.000	-0.000
YLR357W	-0.000	-0.000	-0.000	-0.000	-3.000	-0.000	-0.000	-0.000	-0.000	-0.000	-0.000	-0.000
YKL155C	-0.000	-0.000	-0.000	-0.000	-0.000	-0.000	-0.000	-0.000	-0.000	-0.000	-1.000	-0.000
YGL244W	-0.000	-1.000	-0.000	-0.000	-0.000	-0.000	-0.000	-0.000	-0.000	-0.000	-0.000	-0.000
YGL252C	-0.000	-0.000	-0.000	-1.000	-0.000	-0.000	-0.000	-0.000	-0.000	-0.000	-0.000	-0.000
YJL047C	-3.000	-1.000	-0.000	-0.000	-0.000	-0.000	-0.000	-0.000	-0.000	-0.000	-0.000	-0.000
YHR154W	-2.000	-1.000	-0.000	-0.000	-0.000	-0.000	-0.000	-0.000	-0.000	-0.000	-0.000	-0.000
YLL002W	-3.000	-3.000	-0.000	-0.000	-0.000	-0.000	-0.000	-0.000	-0.000	-0.000	-0.000	-0.000
YCR009C	-3.000	-2.000	-0.000	-0.000	-3.000	-0.000	-0.000	-0.000	-0.000	-0.000	-0.000	-0.000
YDR388W	-2.000	-2.000	-0.000	-0.000	-2.000	-0.000	-0.000	-1.000	-0.000	-0.000	-0.000	-0.000
YKL212W	-0.000	-0.000	-0.000	-2.000	-0.000	-1.000	-2.000	-0.000	-0.000	-0.000	-0.000	-0.000
YDR484W	-0.000	-0.000	-0.000	-2.000	-0.000	-0.000	-0.000	-1.000	-0.000	-0.000	-0.000	-2.000
YDR159W	-1.000	-1.000	-0.000	-1.000	-0.000	-0.000	-0.000	-0.000	-2.000	-0.000	-0.000	-3.000
YDR129C	-0.000	-0.000	-1.000	-3.000	-3.000	-0.000	-0.000	-1.000	-2.000	-0.000	-0.000	-0.000
YDR389W	-0.000	-0.000	-0.000	-0.000	-0.000	-0.000	-0.000	-0.000	-1.000	-0.000	-2.000	-0.000
YGL175C	-2.000	-1.000	-0.000	-0.000	-0.000	-0.000	-0.000	-0.000	-0.000	-0.000	-0.000	-0.000
YFR040W	-0.000	-0.000	-0.000	-0.000	-0.000	-0.000	-0.000	-0.000	-0.000	-0.000	-2.000	-0.000
YMR263W	-0.000	-0.000	-0.000	-0.000	-3.000	-0.000	-0.000	-0.000	-0.000	-1.000	-0.000	-0.000
YJL080C	-0.000	-0.000	-0.000	-1.000	-0.000	-0.000	-0.000	-0.000	-0.000	-0.000	-0.000	-0.000
YMR272C	-1.000	-1.000	-0.000	-0.000	-3.000	-0.000	-0.000	-0.000	-0.000	-0.000	-1.000	-0.000
YIL076W	-0.000	-0.000	-0.000	-0.000	-0.000	-0.000	-0.000	-0.000	-0.000	-0.000	-2.000	-0.000
YBR171W	-0.000	-3.000	-0.000	-0.000	-0.000	-0.000	-0.000	-0.000	-0.000	-0.000	-0.000	-0.000
YDR363W-A	-0.000	-0.000	-0.000	-2.000	-0.000	-0.000	-0.000	-0.000	-2.000	-0.000	-0.000	-0.000
YAL067C	-0.000	-0.000	-0.000	-0.000	-0.000	-0.000	-0.000	-0.000	-1.000	-0.000	-0.000	-0.000
YOR184W	-0.000	-0.000	-0.000	-0.000	-0.000	-0.000	-0.000	-0.000	-3.000	-0.000	-0.000	-0.000
YGR208W	-0.000	-0.000	-0.000	-0.000	-0.000	-0.000	-0.000	-0.000	-2.000	-0.000	-0.000	-0.000
YKR029C	-0.000	-0.000	-0.000	-0.000	-0.000	-0.000	-0.000	-0.000	-0.000	-0.000	-1.000	-0.000
YPL165C	-0.000	-0.000	-3.000	-0.000	-0.000	-0.000	-0.000	-0.000	-0.000	-0.000	-0.000	-0.000
YJR095W	-0.000	-0.000	-0.000	-0.000	-0.000	-0.000	-0.000	-0.000	-1.000	-0.000	-0.000	-0.000
YLR403W	-2.000	-2.000	-0.000	-1.000	-0.000	-0.000	-0.000	-0.000	-2.000	-0.000	-0.000	-0.000
YGL066W	-0.000	-0.000	-0.000	-0.000	-0.000	-0.000	-0.000	-0.000	-0.000	-1.000	-0.000	-0.000
YMR190C	-2.000	-2.000	-0.000	-0.000	-0.000	-0.000	-0.000	-0.000	-0.000	-0.000	-0.000	-0.000
YOR035C	-0.000	-0.000	-0.000	-3.000	-0.000	-0.000	-0.000	-3.000	-2.000	-0.000	-0.000	-3.000
YDR393W	-0.000	-0.000	-0.000	-0.000	-0.000	-0.000	-0.000	-0.000	-0.000	-1.000	-0.000	-0.000
YBR263W	-0.000	-0.000	-0.000	-0.000	-0.000	-0.000	-0.000	-0.000	-0.000	-0.000	-0.000	-1.000
YBL058W	-2.000	-2.000	-0.000	-2.000	-0.000	-0.000	-0.000	-0.000	-2.000	-0.000	-3.000	-0.000
YDL225W	-0.000	-0.000	-1.000	-0.000	-0.000	-0.000	-0.000	-0.000	-0.000	-0.000	-0.000	-0.000
YGR112W	-0.000	-0.000	-0.000	-0.000	-0.000	-0.000	-0.000	-0.000	-0.000	-0.000	-1.000	-0.000
YOL004W	-0.000	-0.000	-0.000	-1.000	-3.000	-0.000	-0.000	-0.000	-0.000	-0.000	-0.000	-1.000
YNL236W	-0.000	-0.000	-0.000	-0.000	-0.000	-0.000	-0.000	-0.000	-0.000	-1.000	-0.000	-0.000
YDL047W	-0.000	-0.000	-0.000	-0.000	-0.000	-0.000	-0.000	-0.000	-0.000	-0.000	-2.000	-0.000
YNL032W	-0.000	-0.000	-0.000	-2.000	-0.000	-0.000	-0.000	-0.000	-0.000	-0.000	-0.000	-0.000
YHR206W	-0.000	-0.000	-0.000	-0.000	-0.000	-0.000	-0.000	-0.000	-0.000	-0.000	-1.000	-0.000
YBL007C	-0.000	-0.000	-0.000	-3.000	-3.000	-0.000	-0.000	-1.000	-0.000	-0.000	-0.000	-0.000
YOR008C	-0.000	-0.000	-0.000	-0.000	-0.000	-0.000	-0.000	-0.000	-0.000	-0.000	-3.000	-2.000
YHR030C	-0.000	-0.000	-0.000	-2.000	-0.000	-0.000	-0.000	-1.000	-1.000	-0.000	-3.000	-0.000
YER116C	-0.000	-1.000	-0.000	-0.000	-0.000	-0.000	-0.000	-0.000	-0.000	-0.000	-0.000	-0.000
YGR229C	-0.000	-0.000	-0.000	-0.000	-0.000	-0.000	-1.000	-0.000	-0.000	-0.000	-1.000	-0.000
YML058W	-0.000	-1.000	-0.000	-0.000	-0.000	-0.000	-0.000	-0.000	-0.000	-0.000	-0.000	-0.000
YOR327C	-0.000	-0.000	-0.000	-0.000	-0.000	-0.000	-0.000	-1.000	-2.000	-0.000	-0.000	-0.000
YOR290C	-0.000	-2.000	-0.000	-0.000	-0.000	-0.000	-0.000	-0.000	-0.000	-3.000	-2.000	-0.000
YBR289W	-0.000	-2.000	-0.000	-1.000	-3.000	-0.000	-0.000	-0.000	-0.000	-1.000	-2.000	-2.000
YHL025W	-0.000	-0.000	-0.000	-0.000	-0.000	-0.000	-0.000	-0.000	-0.000	-2.000	-2.000	-0.000
YLR025W	-0.000	-0.000	-0.000	-2.000	-0.000	-0.000	-0.000	-0.000	-1.000	-1.000	-1.000	-0.000
YPL002C	-0.000	-0.000	-0.000	-2.000	-0.000	-0.000	-0.000	-0.000	-0.000	-1.000	-1.000	-0.000
YCR033W	-0.000	-0.000	-0.000	-0.000	-0.000	-0.000	-0.000	-0.000	-0.000	-0.000	-2.000	-0.000
YPR101W	-0.000	-0.000	-2.000	-0.000	-0.000	-0.000	-0.000	-0.000	-0.000	-0.000	-0.000	-0.000
YJL036W	-0.000	-0.000	-0.000	-1.000	-0.000	-0.000	-0.000	-0.000	-2.000	-0.000	-0.000	-0.000
YJR104C	-1.000	-3.000	-0.000	-0.000	-0.000	-0.000	-0.000	-0.000	-0.000	-0.000	-3.000	-0.000
YGL127C	-0.000	-1.000	-0.000	-0.000	-0.000	-0.000	-0.000	-0.000	-0.000	-0.000	-0.000	-0.000
YAL047C	-0.000	-0.000	-2.000	-2.000	-0.000	-0.000	-0.000	-0.000	-1.000	-2.000	-0.000	-2.000
YEL031W	-0.000	-0.000	-0.000	-0.000	-0.000	-0.000	-0.000	-0.000	-0.000	-0.000	-3.000	-0.000
YPR007C	-0.000	-0.000	-0.000	-0.000	-0.000	-0.000	-0.000	-0.000	-1.000	-0.000	-0.000	-0.000
YJL127C	-3.000	-1.000	-0.000	-0.000	-0.000	-0.000	-0.000	-0.000	-0.000	-0.000	-0.000	-0.000
YOL148C	-3.000	-1.000	-0.000	-0.000	-0.000	-0.000	-0.000	-3.000	-0.000	-3.000	-2.000	-3.000
YDR392W	-0.000	-0.000	-0.000	-0.000	-0.000	-0.000	-0.000	-2.000	-0.000	-1.000	-0.000	-0.000
YGR063C	-0.000	-0.000	-0.000	-1.000	-0.000	-0.000	-0.000	-2.000	-0.000	-0.000	-0.000	-0.000
YBR081C	-0.000	-0.000	-0.000	-0.000	-0.000	-0.000	-0.000	-0.000	-0.000	-3.000	-0.000	-0.000
YLR055C	-0.000	-0.000	-0.000	-0.000	-0.000	-0.000	-0.000	-0.000	-0.000	-2.000	-0.000	-0.000
YHR041C	-0.000	-2.000	-0.000	-1.000	-0.000	-0.000	-0.000	-0.000	-0.000	-0.000	-0.000	-1.000
YLR119W	-0.000	-0.000	-0.000	-2.000	-0.000	-0.000	-0.000	-0.000	-0.000	-0.000	-0.000	-0.000
YPR032W	-0.000	-0.000	-0.000	-0.000	-0.000	-0.000	-0.000	-0.000	-1.000	-0.000	-0.000	-1.000
YNL138W	-0.000	-0.000	-1.000	-0.000	-0.000	-0.000	-0.000	-0.000	-0.000	-0.000	-0.000	-0.000
YDR293C	-0.000	-0.000	-0.000	-1.000	-0.000	-0.000	-0.000	-0.000	-0.000	-0.000	-0.000	-0.000
YLR006C	-0.000	-0.000	-0.000	-0.000	-0.000	-0.000	-0.000	-0.000	-0.000	-0.000	-2.000	-0.000
YOR242C	-0.000	-0.000	-0.000	-0.000	-0.000	-0.000	-0.000	-0.000	-0.000	-0.000	-3.000	-0.000
YHR064C	-0.000	-0.000	-0.000	-0.000	-0.000	-0.000	-0.000	-0.000	-0.000	-0.000	-0.000	-3.000
YHR178W	-0.000	-0.000	-0.000	-3.000	-0.000	-0.000	-0.000	-0.000	-0.000	-0.000	-0.000	-0.000
YJR117W	-0.000	-0.000	-0.000	-0.000	-0.000	-0.000	-0.000	-0.000	-0.000	-0.000	-2.000	-0.000
YCL008C	-0.000	-0.000	-0.000	-2.000	-0.000	-0.000	-0.000	-3.000	-0.000	-0.000	-1.000	-1.000
YDR310C	-0.000	-0.000	-0.000	-0.000	-0.000	-0.000	-0.000	-1.000	-0.000	-1.000	-0.000	-0.000
YLR372W	-0.000	-0.000	-0.000	-0.000	-0.000	-0.000	-2.000	-0.000	-0.000	-1.000	-0.000	-0.000
YJL187C	-0.000	-0.000	-0.000	-0.000	-0.000	-0.000	-0.000	-0.000	-0.000	-0.000	-1.000	-0.000
YLR182W	-0.000	-0.000	-0.000	-2.000	-0.000	-0.000	-0.000	-0.000	-0.000	-0.000	-0.000	-0.000
YDR334W	-0.000	-0.000	-2.000	-0.000	-0.000	-0.000	-0.000	-0.000	-0.000	-0.000	-0.000	-0.000
YBR083W	-0.000	-0.000	-0.000	-0.000	-0.000	-0.000	-0.000	-0.000	-1.000	-0.000	-0.000	-0.000
YKL081W	-0.000	-0.000	-0.000	-0.000	-0.000	-0.000	-0.000	-0.000	-1.000	-0.000	-0.000	-0.000
YPL234C	-0.000	-0.000	-0.000	-0.000	-0.000	-2.000	-3.000	-3.000	-2.000	-0.000	-3.000	-2.000
YOL072W	-0.000	-0.000	-0.000	-1.000	-0.000	-3.000	-3.000	-0.000	-0.000	-0.000	-0.000	-0.000
YHR167W	-0.000	-0.000	-0.000	-2.000	-0.000	-0.000	-0.000	-0.000	-2.000	-0.000	-0.000	-0.000
YHR025W	-0.000	-0.000	-0.000	-1.000	-0.000	-0.000	-0.000	-0.000	-2.000	-0.000	-0.000	-0.000
YCR053W	-0.000	-0.000	-0.000	-0.000	-0.000	-0.000	-0.000	-0.000	-2.000	-0.000	-0.000	-0.000
YKR059W	-0.000	-0.000	-0.000	-0.000	-0.000	-0.000	-0.000	-0.000	-1.000	-0.000	-0.000	-0.000
YPR163C	-1.000	-2.000	-0.000	-3.000	-0.000	-0.000	-0.000	-0.000	-3.000	-0.000	-0.000	-0.000
YOR297C	-0.000	-0.000	-0.000	-2.000	-0.000	-0.000	-0.000	-0.000	-0.000	-0.000	-0.000	-0.000
YOL018C	-0.000	-0.000	-0.000	-0.000	-0.000	-0.000	-0.000	-0.000	-0.000	-0.000	-0.000	-1.000
YNL273W	-1.000	-0.000	-0.000	-0.000	-0.000	-0.000	-0.000	-0.000	-0.000	-0.000	-0.000	-0.000
YDR457W	-0.000	-0.000	-0.000	-2.000	-0.000	-0.000	-0.000	-0.000	-0.000	-0.000	-0.000	-0.000
YMR060C	-0.000	-0.000	-0.000	-0.000	-0.000	-0.000	-0.000	-0.000	-0.000	-2.000	-0.000	-0.000
YOL006C	-0.000	-0.000	-0.000	-0.000	-0.000	-0.000	-0.000	-0.000	-0.000	-2.000	-0.000	-0.000
YLR234W	-1.000	-2.000	-0.000	-0.000	-0.000	-0.000	-0.000	-0.000	-0.000	-0.000	-0.000	-0.000
YJR066W	-0.000	-0.000	-0.000	-1.000	-0.000	-0.000	-0.000	-0.000	-3.000	-0.000	-0.000	-0.000
YLL028W	-0.000	-0.000	-0.000	-0.000	-0.000	-0.000	-0.000	-0.000	-0.000	-0.000	-3.000	-0.000
YBR126C	-0.000	-0.000	-0.000	-0.000	-0.000	-0.000	-0.000	-2.000	-0.000	-0.000	-0.000	-0.000
YNL299W	-0.000	-0.000	-0.000	-0.000	-0.000	-0.000	-0.000	-0.000	-1.000	-0.000	-0.000	-0.000
YML124C	-0.000	-0.000	-2.000	-0.000	-0.000	-0.000	-0.000	-0.000	-0.000	-0.000	-0.000	-0.000
YLR425W	-0.000	-0.000	-0.000	-0.000	-0.000	-0.000	-0.000	-0.000	-1.000	-0.000	-0.000	-0.000
YOR295W	-0.000	-0.000	-0.000	-1.000	-0.000	-0.000	-0.000	-0.000	-0.000	-0.000	-0.000	-0.000
YBR082C	-0.000	-0.000	-0.000	-0.000	-0.000	-0.000	-0.000	-0.000	-0.000	-0.000	-1.000	-0.000
YMR304W	-0.000	-0.000	-0.000	-0.000	-0.000	-0.000	-0.000	-0.000	-1.000	-0.000	-0.000	-0.000
YOR124C	-0.000	-0.000	-0.000	-0.000	-0.000	-0.000	-0.000	-0.000	-1.000	-0.000	-0.000	-0.000
YER151C	-2.000	-1.000	-0.000	-2.000	-0.000	-0.000	-0.000	-0.000	-0.000	-1.000	-0.000	-2.000
YFR010W	-0.000	-0.000	-0.000	-1.000	-0.000	-0.000	-0.000	-0.000	-0.000	-0.000	-0.000	-0.000
YML088W	-0.000	-0.000	-0.000	-0.000	-0.000	-0.000	-0.000	-0.000	-0.000	-0.000	-2.000	-0.000
YDR207C	-0.000	-1.000	-0.000	-0.000	-0.000	-0.000	-0.000	-0.000	-0.000	-3.000	-0.000	-0.000
YBR173C	-0.000	-0.000	-1.000	-1.000	-0.000	-0.000	-0.000	-0.000	-0.000	-0.000	-0.000	-0.000
YML106W	-0.000	-0.000	-0.000	-0.000	-0.000	-0.000	-0.000	-0.000	-2.000	-0.000	-0.000	-0.000
YNL229C	-0.000	-0.000	-0.000	-1.000	-0.000	-0.000	-0.000	-1.000	-0.000	-2.000	-0.000	-1.000
YIL008W	-0.000	-0.000	-0.000	-0.000	-0.000	-0.000	-0.000	-0.000	-2.000	-0.000	-0.000	-0.000
YLR386W	-0.000	-0.000	-2.000	-2.000	-0.000	-0.000	-0.000	-0.000	-2.000	-0.000	-0.000	-0.000
YEL013W	-0.000	-0.000	-0.000	-3.000	-0.000	-0.000	-0.000	-0.000	-2.000	-0.000	-0.000	-0.000
YOR106W	-0.000	-0.000	-0.000	-2.000	-0.000	-0.000	-0.000	-0.000	-2.000	-0.000	-0.000	-0.000
YDL077C	-0.000	-0.000	-0.000	-2.000	-0.000	-0.000	-0.000	-0.000	-2.000	-0.000	-2.000	-2.000
YGL212W	-0.000	-0.000	-0.000	-3.000	-0.000	-0.000	-0.000	-1.000	-2.000	-0.000	-2.000	-0.000
YDR359C	-2.000	-1.000	-0.000	-0.000	-0.000	-0.000	-0.000	-0.000	-2.000	-0.000	-0.000	-0.000
YLR373C	-0.000	-0.000	-0.000	-0.000	-0.000	-0.000	-0.000	-1.000	-0.000	-0.000	-0.000	-0.000
YKL054C	-2.000	-3.000	-3.000	-2.000	-0.000	-0.000	-0.000	-0.000	-1.000	-0.000	-1.000	-0.000
YHR039C-A	-0.000	-0.000	-0.000	-0.000	-3.000	-3.000	-3.000	-0.000	-0.000	-0.000	-2.000	-2.000
YPR036W	-0.000	-0.000	-0.000	-0.000	-0.000	-3.000	-3.000	-1.000	-0.000	-2.000	-3.000	-0.000
YBR127C	-0.000	-2.000	-0.000	-0.000	-0.000	-3.000	-3.000	-0.000	-0.000	-2.000	-3.000	-0.000
YGR105W	-0.000	-0.000	-0.000	-1.000	-0.000	-2.000	-2.000	-0.000	-0.000	-0.000	-3.000	-0.000
YHR060W	-0.000	-1.000	-0.000	-0.000	-3.000	-3.000	-3.000	-0.000	-0.000	-0.000	-3.000	-0.000
YOR332W	-0.000	-0.000	-0.000	-1.000	-0.000	-2.000	-3.000	-0.000	-2.000	-2.000	-3.000	-2.000
YKL080W	-0.000	-0.000	-0.000	-0.000	-0.000	-3.000	-3.000	-0.000	-1.000	-3.000	-2.000	-1.000
YLR447C	-0.000	-2.000	-0.000	-0.000	-0.000	-3.000	-3.000	-0.000	-0.000	-1.000	-2.000	-0.000
YGR020C	-0.000	-2.000	-0.000	-0.000	-0.000	-3.000	-3.000	-0.000	-0.000	-0.000	-3.000	-0.000
YEL051W	-0.000	-2.000	-0.000	-0.000	-0.000	-0.000	-0.000	-0.000	-0.000	-1.000	-3.000	-2.000
YOR270C	-0.000	-0.000	-0.000	-0.000	-0.000	-0.000	-0.000	-0.000	-2.000	-0.000	-0.000	-2.000
YKL119C	-0.000	-1.000	-0.000	-2.000	-3.000	-3.000	-3.000	-1.000	-1.000	-2.000	-2.000	-2.000
YKR001C	-0.000	-0.000	-0.000	-2.000	-0.000	-1.000	-1.000	-1.000	-2.000	-0.000	-0.000	-0.000
YBR097W	-0.000	-0.000	-0.000	-3.000	-0.000	-0.000	-0.000	-0.000	-0.000	-0.000	-0.000	-0.000
YPL045W	-0.000	-0.000	-0.000	-3.000	-0.000	-2.000	-2.000	-0.000	-3.000	-0.000	-0.000	-3.000
YOR132W	-0.000	-0.000	-0.000	-1.000	-0.000	-0.000	-0.000	-0.000	-0.000	-0.000	-0.000	-0.000
YOR089C	-0.000	-0.000	-0.000	-0.000	-0.000	-0.000	-0.000	-1.000	-0.000	-0.000	-0.000	-0.000
YKL041W	-0.000	-0.000	-0.000	-2.000	-0.000	-0.000	-0.000	-0.000	-1.000	-0.000	-0.000	-0.000
YJR102C	-0.000	-0.000	-0.000	-2.000	-0.000	-0.000	-0.000	-3.000	-2.000	-0.000	-1.000	-0.000
YNR006W	-0.000	-0.000	-0.000	-1.000	-0.000	-0.000	-0.000	-0.000	-0.000	-0.000	-0.000	-0.000
YPL065W	-0.000	-0.000	-0.000	-2.000	-0.000	-0.000	-0.000	-0.000	-0.000	-0.000	-0.000	-0.000
YHR012W	-0.000	-0.000	-0.000	-2.000	-0.000	-0.000	-0.000	-2.000	-1.000	-0.000	-0.000	-0.000
YDR495C	-0.000	-0.000	-0.000	-2.000	-0.000	-0.000	-0.000	-0.000	-1.000	-0.000	-0.000	-0.000
YPL120W	-0.000	-0.000	-0.000	-0.000	-0.000	-0.000	-0.000	-0.000	-1.000	-0.000	-0.000	-0.000
YJL154C	-0.000	-0.000	-0.000	-2.000	-0.000	-0.000	-0.000	-0.000	-2.000	-0.000	-0.000	-0.000
YLR417W	-0.000	-0.000	-0.000	-2.000	-0.000	-0.000	-0.000	-3.000	-2.000	-0.000	-1.000	-0.000
YLR360W	-0.000	-0.000	-0.000	-0.000	-0.000	-0.000	-0.000	-0.000	-1.000	-0.000	-0.000	-0.000
YPR173C	-0.000	-0.000	-0.000	-1.000	-0.000	-0.000	-0.000	-0.000	-1.000	-0.000	-0.000	-0.000
YDR080W	-0.000	-0.000	-0.000	-2.000	-0.000	-0.000	-0.000	-0.000	-2.000	-0.000	-0.000	-1.000
YOR069W	-0.000	-0.000	-0.000	-2.000	-0.000	-0.000	-0.000	-0.000	-1.000	-0.000	-0.000	-0.000
YDR136C	-0.000	-0.000	-0.000	-0.000	-0.000	-0.000	-1.000	-0.000	-0.000	-0.000	-0.000	-0.000
YLR261C	-0.000	-0.000	-0.000	-0.000	-0.000	-0.000	-1.000	-0.000	-0.000	-0.000	-2.000	-0.000
YDR200C	-0.000	-0.000	-0.000	-0.000	-0.000	-0.000	-0.000	-0.000	-1.000	-0.000	-0.000	-0.000
YLR322W	-0.000	-2.000	-1.000	-0.000	-0.000	-0.000	-0.000	-0.000	-0.000	-0.000	-0.000	-0.000
YKR020W	-0.000	-0.000	-0.000	-2.000	-0.000	-0.000	-0.000	-2.000	-1.000	-0.000	-0.000	-2.000
YAL002W	-0.000	-1.000	-0.000	-1.000	-0.000	-0.000	-0.000	-0.000	-1.000	-0.000	-0.000	-0.000
YML097C	-0.000	-0.000	-0.000	-0.000	-0.000	-0.000	-0.000	-0.000	-1.000	-0.000	-0.000	-0.000
YLR337C	-0.000	-2.000	-0.000	-2.000	-0.000	-0.000	-0.000	-0.000	-2.000	-1.000	-0.000	-0.000
YOR359W	-0.000	-0.000	-0.000	-0.000	-0.000	-0.000	-0.000	-0.000	-0.000	-0.000	-1.000	-0.000
YNL197C	-0.000	-0.000	-0.000	-1.000	-0.000	-0.000	-0.000	-0.000	-2.000	-0.000	-0.000	-0.000
YDR369C	-3.000	-3.000	-0.000	-0.000	-0.000	-0.000	-0.000	-0.000	-0.000	-0.000	-0.000	-0.000
YBL006C	-0.000	-0.000	-1.000	-1.000	-0.000	-0.000	-0.000	-0.000	-0.000	-0.000	-0.000	-0.000
YBL089W	-0.000	-0.000	-0.000	-1.000	-0.000	-0.000	-0.000	-0.000	-0.000	-0.000	-0.000	-0.000
YBL094C	-0.000	-0.000	-0.000	-1.000	-0.000	-0.000	-0.000	-0.000	-0.000	-0.000	-0.000	-0.000
YBR032W	-0.000	-0.000	-2.000	-0.000	-0.000	-0.000	-0.000	-0.000	-0.000	-0.000	-0.000	-0.000
YBR090C	-0.000	-0.000	-0.000	-0.000	-0.000	-0.000	-0.000	-0.000	-1.000	-0.000	-0.000	-0.000
YBR094W	-3.000	-3.000	-0.000	-0.000	-0.000	-0.000	-0.000	-0.000	-0.000	-0.000	-0.000	-0.000
YBR099C	-3.000	-2.000	-0.000	-0.000	-0.000	-0.000	-0.000	-0.000	-0.000	-0.000	-0.000	-0.000
YBR100W	-3.000	-3.000	-0.000	-0.000	-0.000	-0.000	-0.000	-0.000	-0.000	-0.000	-0.000	-0.000
YBR173C	-0.000	-0.000	-0.000	-0.000	-0.000	-0.000	-0.000	-0.000	-0.000	-1.000	-0.000	-0.000
YBR267W	-0.000	-0.000	-0.000	-0.000	-0.000	-0.000	-0.000	-0.000	-0.000	-0.000	-1.000	-1.000
YBR281C	-0.000	-2.000	-0.000	-0.000	-0.000	-0.000	-0.000	-0.000	-0.000	-0.000	-0.000	-0.000
YNL154C	-0.000	-0.000	-0.000	-0.000	-0.000	-0.000	-0.000	-0.000	-1.000	-0.000	-0.000	-0.000
YCL005W	-0.000	-0.000	-1.000	-0.000	-0.000	-0.000	-0.000	-0.000	-0.000	-1.000	-0.000	-0.000
YCL074W	-0.000	-0.000	-0.000	-1.000	-0.000	-0.000	-0.000	-0.000	-1.000	-0.000	-0.000	-0.000
YCR061W	-0.000	-0.000	-0.000	-0.000	-0.000	-0.000	-0.000	-0.000	-2.000	-0.000	-0.000	-0.000
YCR079W	-0.000	-0.000	-0.000	-0.000	-0.000	-0.000	-0.000	-0.000	-1.000	-0.000	-0.000	-0.000
YNL064C	-0.000	-0.000	-1.000	-2.000	-0.000	-0.000	-0.000	-3.000	-2.000	-0.000	-0.000	-3.000
YDL118W	-0.000	-0.000	-0.000	-0.000	-0.000	-0.000	-0.000	-3.000	-0.000	-0.000	-0.000	-0.000
YDL172C	-0.000	-0.000	-0.000	-0.000	-0.000	-0.000	-0.000	-0.000	-2.000	-0.000	-0.000	-0.000
YDL173W	-0.000	-0.000	-0.000	-0.000	-0.000	-0.000	-0.000	-0.000	-2.000	-0.000	-0.000	-0.000
YDL180W	-0.000	-0.000	-0.000	-0.000	-0.000	-0.000	-0.000	-0.000	-1.000	-0.000	-0.000	-0.000
YDL183C	-0.000	-0.000	-0.000	-0.000	-0.000	-0.000	-0.000	-0.000	-1.000	-0.000	-0.000	-0.000
YDL203C	-0.000	-0.000	-0.000	-0.000	-0.000	-0.000	-0.000	-0.000	-0.000	-0.000	-2.000	-0.000
YDR048C	-0.000	-0.000	-0.000	-0.000	-3.000	-0.000	-0.000	-0.000	-0.000	-0.000	-0.000	-0.000
YDR049W	-0.000	-0.000	-0.000	-0.000	-3.000	-0.000	-0.000	-0.000	-0.000	-0.000	-0.000	-0.000
YDR067C	-0.000	-0.000	-0.000	-1.000	-0.000	-0.000	-0.000	-0.000	-0.000	-0.000	-0.000	-2.000
YDR219C	-0.000	-0.000	-1.000	-0.000	-0.000	-0.000	-0.000	-0.000	-0.000	-0.000	-0.000	-0.000
YDR442W	-0.000	-0.000	-2.000	-0.000	-0.000	-0.000	-0.000	-1.000	-0.000	-0.000	-1.000	-0.000
YEL045C	-0.000	-0.000	-0.000	-0.000	-0.000	-0.000	-0.000	-0.000	-1.000	-0.000	-0.000	-0.000
YEL059W	-2.000	-2.000	-0.000	-2.000	-0.000	-0.000	-0.000	-0.000	-1.000	-0.000	-0.000	-0.000
YER014C-A	-0.000	-0.000	-0.000	-0.000	-0.000	-0.000	-0.000	-0.000	-0.000	-2.000	-0.000	-0.000
YER049W	-0.000	-0.000	-0.000	-0.000	-0.000	-0.000	-0.000	-0.000	-0.000	-0.000	-0.000	-1.000
YER083C	-1.000	-3.000	-0.000	-0.000	-0.000	-0.000	-0.000	-1.000	-0.000	-0.000	-2.000	-0.000
YER093C-A	-0.000	-0.000	-0.000	-0.000	-0.000	-0.000	-0.000	-0.000	-0.000	-0.000	-0.000	-1.000
YFL032W	-0.000	-0.000	-0.000	-0.000	-0.000	-0.000	-0.000	-0.000	-0.000	-0.000	-3.000	-0.000
YFR039C	-0.000	-3.000	-0.000	-0.000	-0.000	-0.000	-0.000	-0.000	-0.000	-0.000	-0.000	-0.000
YFR041C	-0.000	-3.000	-0.000	-0.000	-0.000	-0.000	-0.000	-0.000	-0.000	-0.000	-0.000	-0.000
YGL024W	-0.000	-0.000	-0.000	-0.000	-0.000	-0.000	-0.000	-3.000	-0.000	-1.000	-1.000	-3.000
YGL045W	-0.000	-0.000	-0.000	-0.000	-0.000	-0.000	-0.000	-0.000	-0.000	-0.000	-1.000	-0.000
YGL050W	-0.000	-0.000	-0.000	-0.000	-0.000	-0.000	-0.000	-0.000	-2.000	-0.000	-0.000	-0.000
YGL072C	-0.000	-2.000	-2.000	-1.000	-3.000	-0.000	-0.000	-1.000	-0.000	-0.000	-0.000	-0.000
YGL157W	-0.000	-0.000	-0.000	-1.000	-0.000	-0.000	-0.000	-0.000	-0.000	-0.000	-0.000	-0.000
YGL168W	-0.000	-0.000	-0.000	-0.000	-0.000	-0.000	-0.000	-0.000	-0.000	-2.000	-2.000	-2.000
YGL211W	-0.000	-0.000	-0.000	-0.000	-0.000	-0.000	-0.000	-0.000	-2.000	-0.000	-0.000	-0.000
YGR020C	-0.000	-0.000	-0.000	-0.000	-0.000	-0.000	-0.000	-0.000	-0.000	-2.000	-0.000	-0.000
YGR081C	-0.000	-0.000	-0.000	-2.000	-0.000	-0.000	-0.000	-0.000	-2.000	-0.000	-0.000	-0.000
YGR161C	-0.000	-0.000	-0.000	-0.000	-0.000	-0.000	-0.000	-0.000	-2.000	-0.000	-0.000	-0.000
YHL029C	-0.000	-0.000	-0.000	-2.000	-0.000	-0.000	-0.000	-1.000	-1.000	-0.000	-0.000	-2.000
YHR039C-A	-0.000	-0.000	-0.000	-0.000	-0.000	-0.000	-0.000	-0.000	-0.000	-1.000	-0.000	-0.000
YHR045W	-0.000	-0.000	-0.000	-0.000	-0.000	-0.000	-0.000	-2.000	-0.000	-0.000	-0.000	-0.000
YHR111W	-0.000	-0.000	-0.000	-0.000	-0.000	-0.000	-0.000	-0.000	-2.000	-0.000	-0.000	-0.000
YHR121W	-0.000	-0.000	-0.000	-0.000	-0.000	-0.000	-0.000	-0.000	-2.000	-0.000	-0.000	-0.000
YHR189W	-0.000	-0.000	-0.000	-0.000	-0.000	-0.000	-0.000	-0.000	-0.000	-0.000	-0.000	-1.000
YIL029C	-0.000	-0.000	-0.000	-0.000	-0.000	-0.000	-0.000	-0.000	-1.000	-0.000	-0.000	-0.000
YIL040W	-0.000	-0.000	-0.000	-0.000	-3.000	-0.000	-0.000	-0.000	-0.000	-0.000	-0.000	-0.000
YIL092W	-0.000	-0.000	-0.000	-0.000	-0.000	-0.000	-0.000	-0.000	-1.000	-0.000	-0.000	-0.000
YIL102C	-0.000	-0.000	-1.000	-0.000	-0.000	-0.000	-0.000	-0.000	-0.000	-0.000	-0.000	-0.000
YIL103W	-0.000	-0.000	-0.000	-0.000	-0.000	-0.000	-0.000	-0.000	-2.000	-0.000	-0.000	-0.000
YIL105C	-0.000	-0.000	-0.000	-0.000	-0.000	-0.000	-0.000	-0.000	-0.000	-0.000	-0.000	-2.000
YIL161W	-0.000	-0.000	-0.000	-1.000	-0.000	-0.000	-0.000	-0.000	-0.000	-0.000	-0.000	-0.000
YMR152W	-0.000	-0.000	-0.000	-0.000	-0.000	-0.000	-0.000	-0.000	-1.000	-0.000	-0.000	-0.000
YIR043C	-0.000	-0.000	-0.000	-0.000	-0.000	-0.000	-0.000	-0.000	-1.000	-0.000	-0.000	-0.000
YJL022W	-0.000	-0.000	-0.000	-1.000	-0.000	-0.000	-0.000	-0.000	-0.000	-0.000	-0.000	-0.000
YJL027C	-0.000	-3.000	-0.000	-0.000	-0.000	-0.000	-0.000	-0.000	-0.000	-0.000	-0.000	-0.000
YJL162C	-0.000	-0.000	-0.000	-0.000	-0.000	-0.000	-0.000	-0.000	-1.000	-0.000	-0.000	-0.000
YJL175W	-0.000	-0.000	-0.000	-0.000	-0.000	-0.000	-0.000	-0.000	-0.000	-1.000	-0.000	-0.000
YJR084W	-0.000	-0.000	-2.000	-0.000	-0.000	-0.000	-0.000	-0.000	-0.000	-0.000	-0.000	-0.000
YLR200W	-0.000	-0.000	-3.000	-0.000	-0.000	-0.000	-0.000	-0.000	-0.000	-0.000	-0.000	-0.000
YKL037W	-0.000	-0.000	-0.000	-1.000	-0.000	-0.000	-0.000	-0.000	-1.000	-0.000	-0.000	-0.000
YKL118W	-0.000	-1.000	-0.000	-0.000	-0.000	-3.000	-3.000	-3.000	-1.000	-2.000	-3.000	-2.000
YKL162C-A	-0.000	-0.000	-0.000	-0.000	-0.000	-0.000	-0.000	-0.000	-0.000	-0.000	-2.000	-0.000
YKR007W	-0.000	-0.000	-0.000	-3.000	-0.000	-0.000	-0.000	-0.000	-3.000	-0.000	-0.000	-0.000
YKR032W	-0.000	-0.000	-0.000	-0.000	-0.000	-0.000	-0.000	-0.000	-1.000	-0.000	-0.000	-0.000
YKR033C	-0.000	-0.000	-0.000	-0.000	-0.000	-0.000	-0.000	-0.000	-1.000	-0.000	-0.000	-0.000
YKR040C	-0.000	-0.000	-0.000	-0.000	-0.000	-0.000	-0.000	-0.000	-1.000	-0.000	-0.000	-0.000
YKR047W	-0.000	-0.000	-0.000	-0.000	-0.000	-0.000	-0.000	-0.000	-2.000	-0.000	-0.000	-0.000
YLL023C	-0.000	-0.000	-0.000	-0.000	-0.000	-0.000	-0.000	-0.000	-1.000	-0.000	-0.000	-0.000
YLR047C	-0.000	-0.000	-0.000	-0.000	-0.000	-0.000	-0.000	-0.000	-0.000	-0.000	-3.000	-0.000
YLR218C	-0.000	-2.000	-0.000	-0.000	-0.000	-0.000	-0.000	-0.000	-0.000	-0.000	-3.000	-0.000
YLR235C	-3.000	-2.000	-0.000	-0.000	-0.000	-0.000	-0.000	-0.000	-0.000	-0.000	-0.000	-0.000
YLR358C	-0.000	-0.000	-0.000	-1.000	-0.000	-0.000	-0.000	-0.000	-0.000	-0.000	-0.000	-0.000
YLR374C	-0.000	-0.000	-0.000	-0.000	-0.000	-0.000	-0.000	-1.000	-0.000	-0.000	-0.000	-0.000
YLR426W	-0.000	-0.000	-0.000	-0.000	-0.000	-0.000	-0.000	-0.000	-0.000	-0.000	-1.000	-0.000
YLR434C	-0.000	-0.000	-0.000	-1.000	-0.000	-0.000	-0.000	-0.000	-0.000	-0.000	-0.000	-0.000
YML012C-A	-0.000	-0.000	-0.000	-2.000	-0.000	-0.000	-0.000	-0.000	-1.000	-0.000	-0.000	-0.000
YML094C-A	-0.000	-0.000	-3.000	-1.000	-0.000	-0.000	-0.000	-0.000	-2.000	-0.000	-0.000	-3.000
YML117W	-0.000	-0.000	-0.000	-0.000	-0.000	-0.000	-0.000	-0.000	-0.000	-0.000	-1.000	-0.000
YMR007W	-0.000	-0.000	-0.000	-0.000	-0.000	-0.000	-0.000	-0.000	-0.000	-0.000	-2.000	-0.000
YMR031W-A	-0.000	-0.000	-2.000	-0.000	-0.000	-0.000	-0.000	-0.000	-0.000	-0.000	-0.000	-0.000
YMR073C	-0.000	-0.000	-0.000	-0.000	-0.000	-0.000	-0.000	-0.000	-0.000	-0.000	-2.000	-0.000
YMR166C	-1.000	-1.000	-0.000	-0.000	-2.000	-0.000	-0.000	-0.000	-2.000	-0.000	-0.000	-0.000
YMR191W	-0.000	-0.000	-0.000	-0.000	-0.000	-0.000	-0.000	-0.000	-1.000	-0.000	-0.000	-0.000
YMR293C	-0.000	-0.000	-0.000	-0.000	-0.000	-0.000	-0.000	-0.000	-0.000	-2.000	-0.000	-0.000
YMR322C	-0.000	-0.000	-0.000	-0.000	-0.000	-0.000	-0.000	-0.000	-1.000	-0.000	-0.000	-0.000
YNL056W	-0.000	-0.000	-0.000	-1.000	-0.000	-0.000	-0.000	-0.000	-0.000	-0.000	-0.000	-1.000
YNL081C	-0.000	-0.000	-0.000	-0.000	-0.000	-0.000	-0.000	-0.000	-1.000	-0.000	-1.000	-0.000
YNL105W	-0.000	-0.000	-0.000	-0.000	-0.000	-0.000	-0.000	-0.000	-1.000	-0.000	-0.000	-0.000
YNL119W	-0.000	-0.000	-0.000	-0.000	-0.000	-0.000	-0.000	-0.000	-2.000	-0.000	-0.000	-0.000
YNL133C	-0.000	-0.000	-0.000	-0.000	-0.000	-0.000	-0.000	-0.000	-0.000	-2.000	-0.000	-0.000
YNL134C	-0.000	-0.000	-0.000	-0.000	-0.000	-0.000	-0.000	-0.000	-1.000	-0.000	-0.000	-0.000
YNL208W	-0.000	-0.000	-0.000	-0.000	-0.000	-0.000	-0.000	-0.000	-1.000	-0.000	-0.000	-0.000
YNL235C	-0.000	-0.000	-0.000	-0.000	-0.000	-0.000	-0.000	-2.000	-0.000	-0.000	-0.000	-0.000
YNR025C	-0.000	-0.000	-0.000	-0.000	-0.000	-0.000	-0.000	-0.000	-1.000	-0.000	-0.000	-0.000
YOL050C	-0.000	-0.000	-0.000	-0.000	-0.000	-0.000	-0.000	-3.000	-0.000	-0.000	-0.000	-1.000
YOL093W	-0.000	-0.000	-0.000	-0.000	-0.000	-0.000	-0.000	-0.000	-0.000	-0.000	-1.000	-0.000
YOR068C	-0.000	-0.000	-0.000	-0.000	-0.000	-0.000	-0.000	-0.000	-1.000	-0.000	-0.000	-0.000
YOR073W	-0.000	-1.000	-3.000	-0.000	-0.000	-0.000	-0.000	-0.000	-0.000	-0.000	-0.000	-2.000
YOR135C	-0.000	-0.000	-0.000	-0.000	-0.000	-0.000	-0.000	-1.000	-0.000	-0.000	-0.000	-0.000
YOR139C	-0.000	-0.000	-0.000	-0.000	-0.000	-0.000	-0.000	-0.000	-0.000	-0.000	-0.000	-1.000
YOR199W	-0.000	-0.000	-0.000	-0.000	-0.000	-0.000	-0.000	-0.000	-0.000	-2.000	-3.000	-0.000
YOR246C	-0.000	-0.000	-0.000	-0.000	-0.000	-0.000	-0.000	-0.000	-0.000	-0.000	-3.000	-0.000
YOR289W	-0.000	-0.000	-0.000	-0.000	-0.000	-0.000	-0.000	-0.000	-1.000	-0.000	-0.000	-0.000
YOR292C	-0.000	-0.000	-0.000	-0.000	-0.000	-0.000	-0.000	-0.000	-1.000	-0.000	-0.000	-0.000
YOR309C	-0.000	-0.000	-0.000	-0.000	-0.000	-0.000	-0.000	-0.000	-2.000	-0.000	-0.000	-0.000
YOR320C	-0.000	-0.000	-0.000	-0.000	-0.000	-0.000	-0.000	-0.000	-1.000	-0.000	-0.000	-0.000
YOR322C	-0.000	-0.000	-0.000	-2.000	-0.000	-0.000	-0.000	-0.000	-1.000	-2.000	-0.000	-0.000
YOR343C	-0.000	-0.000	-0.000	-0.000	-0.000	-0.000	-0.000	-0.000	-1.000	-0.000	-0.000	-0.000
YKL126W	-0.000	-0.000	-0.000	-3.000	-0.000	-0.000	-0.000	-3.000	-0.000	-2.000	-0.000	-3.000
YPL077C	-0.000	-0.000	-1.000	-0.000	-0.000	-0.000	-0.000	-0.000	-0.000	-0.000	-0.000	-0.000
YPL144W	-0.000	-0.000	-0.000	-0.000	-0.000	-0.000	-0.000	-0.000	-1.000	-0.000	-0.000	-0.000
YPL170W	-0.000	-0.000	-0.000	-0.000	-0.000	-0.000	-0.000	-2.000	-0.000	-0.000	-0.000	-0.000
YPL180W	-0.000	-0.000	-0.000	-1.000	-0.000	-0.000	-0.000	-0.000	-3.000	-0.000	-0.000	-0.000
YPL236C	-0.000	-0.000	-0.000	-0.000	-0.000	-0.000	-0.000	-0.000	-1.000	-0.000	-0.000	-0.000
YPR013C	-0.000	-0.000	-0.000	-0.000	-0.000	-0.000	-0.000	-0.000	-1.000	-0.000	-0.000	-0.000
YPR031W	-0.000	-0.000	-0.000	-2.000	-0.000	-0.000	-0.000	-0.000	-0.000	-0.000	-0.000	-0.000
YPR084W	-0.000	-0.000	-0.000	-0.000	-0.000	-0.000	-0.000	-0.000	-2.000	-0.000	-0.000	-0.000
YPR170C	-0.000	-0.000	-0.000	-0.000	-0.000	-0.000	-0.000	-0.000	-0.000	-0.000	-1.000	-0.000
YNL304W	-0.000	-0.000	-0.000	-0.000	-0.000	-0.000	-0.000	-0.000	-0.000	-0.000	-1.000	-0.000
YML001W	-0.000	-0.000	-0.000	-2.000	-0.000	-0.000	-0.000	-0.000	-2.000	-0.000	-0.000	-0.000
YIR026C	-0.000	-0.000	-0.000	-0.000	-0.000	-0.000	-0.000	-0.000	-0.000	-2.000	-0.000	-0.000
YGR285C	-3.000	-1.000	-0.000	-3.000	-0.000	-0.000	-0.000	-0.000	-0.000	-0.000	-0.000	-3.000