orf	hap a | growth (colony size) | camptothecin [15 ug/ml]	hap a | growth (colony size) | hydroxyurea [100 mM]	hap a | growth (colony size) | benomyl [15 ug/ml]	hap a | growth (colony size) | caffeine [0.15 %]	hap a | growth (colony size) | cycloheximide [0.1 ug/ml]	hap a | growth (colony size) | cyclosporin A [100 ug/ml]	hap a | growth (colony size) | tacrolimus (anhydrous) [2 ug/ml]	hap a | growth (colony size) | fluconazole [15 ug/ml]	hap a | growth (colony size) | sirolimus [0.015 ug/ml]	hap a | growth (colony size) | sulfometuron methyl [3 ug/ml]	hap a | growth (colony size) | tunicamycin [5 ug/ml]	hap a | growth (colony size) | wortmannin [1.3 ug/ml]
YAL002W	-0.0	-1.0	-0.0	-1.0	-0.0	-0.0	-0.0	-0.0	-1.0	-0.0	-0.0	-0.0
YAL013W	-0.0	-0.0	-0.0	-0.0	-3.0	-0.0	-0.0	-0.0	-0.0	-0.0	-0.0	-0.0
YAL021C	-2.0	-2.0	-0.0	-3.0	-0.0	-0.0	-0.0	-0.0	-2.0	-0.0	-0.0	-3.0
YAL023C	-0.0	-0.0	-0.0	-0.0	-0.0	-1.0	-1.0	-0.0	-0.0	-0.0	-0.0	-0.0
YAL026C	-0.0	-0.0	-0.0	-0.0	-0.0	-1.0	-1.0	-3.0	-0.0	-0.0	-0.0	-0.0
YAL035W	-1.0	-3.0	-0.0	-0.0	-0.0	-0.0	-0.0	-0.0	-2.0	-0.0	-0.0	-0.0
YAL047C	-0.0	-0.0	-2.0	-2.0	-0.0	-0.0	-0.0	-0.0	-1.0	-2.0	-0.0	-2.0
YAL067C	-0.0	-0.0	-0.0	-0.0	-0.0	-0.0	-0.0	-0.0	-1.0	-0.0	-0.0	-0.0
YAR002W	-0.0	-0.0	-0.0	-0.0	-0.0	-0.0	-0.0	-0.0	-1.0	-0.0	-0.0	-0.0
YBL006C	-0.0	-0.0	-1.0	-1.0	-0.0	-0.0	-0.0	-0.0	-0.0	-0.0	-0.0	-0.0
YBL007C	-0.0	-0.0	-0.0	-3.0	-3.0	-0.0	-0.0	-1.0	-0.0	-0.0	-0.0	-0.0
YBL024W	-0.0	-0.0	-1.0	-2.0	-0.0	-0.0	-0.0	-1.0	-1.0	-0.0	-0.0	-0.0
YBL047C	-0.0	-0.0	-0.0	-2.0	-0.0	-0.0	-0.0	-0.0	-1.0	-0.0	-0.0	-0.0
YBL058W	-2.0	-2.0	-0.0	-2.0	-0.0	-0.0	-0.0	-0.0	-2.0	-0.0	-3.0	-0.0
YBL078C	-0.0	-0.0	-0.0	-0.0	-0.0	-0.0	-0.0	-0.0	-1.0	-0.0	-0.0	-0.0
YBL089W	-0.0	-0.0	-0.0	-1.0	-0.0	-0.0	-0.0	-0.0	-0.0	-0.0	-0.0	-0.0
YBL093C	-0.0	-2.0	-0.0	-0.0	-0.0	-0.0	-0.0	-0.0	-0.0	-0.0	-0.0	-2.0
YBL094C	-0.0	-0.0	-0.0	-1.0	-0.0	-0.0	-0.0	-0.0	-0.0	-0.0	-0.0	-0.0
YBR032W	-0.0	-0.0	-2.0	-0.0	-0.0	-0.0	-0.0	-0.0	-0.0	-0.0	-0.0	-0.0
YBR036C	-0.0	-0.0	-0.0	-0.0	-0.0	-0.0	-0.0	-0.0	-0.0	-2.0	-0.0	-0.0
YBR076W	-0.0	-0.0	-0.0	-3.0	-0.0	-0.0	-0.0	-0.0	-2.0	-0.0	-0.0	-0.0
YBR081C	-0.0	-0.0	-0.0	-0.0	-0.0	-0.0	-0.0	-0.0	-0.0	-3.0	-0.0	-0.0
YBR082C	-0.0	-0.0	-0.0	-0.0	-0.0	-0.0	-0.0	-0.0	-0.0	-0.0	-1.0	-0.0
YBR083W	-0.0	-0.0	-0.0	-0.0	-0.0	-0.0	-0.0	-0.0	-1.0	-0.0	-0.0	-0.0
YBR084C-A	-0.0	-0.0	-0.0	-1.0	-0.0	-0.0	-0.0	-0.0	-0.0	-0.0	-0.0	-0.0
YBR090C	-0.0	-0.0	-0.0	-0.0	-0.0	-0.0	-0.0	-0.0	-1.0	-0.0	-0.0	-0.0
YBR094W	-3.0	-3.0	-0.0	-0.0	-0.0	-0.0	-0.0	-0.0	-0.0	-0.0	-0.0	-0.0
YBR097W	-0.0	-0.0	-0.0	-3.0	-0.0	-0.0	-0.0	-0.0	-0.0	-0.0	-0.0	-0.0
YBR098W	-3.0	-2.5	-0.0	-0.0	-0.0	-0.0	-0.0	-0.0	-0.0	-0.0	-0.0	-0.0
YBR099C	-3.0	-2.0	-0.0	-0.0	-0.0	-0.0	-0.0	-0.0	-0.0	-0.0	-0.0	-0.0
YBR106W	-0.0	-1.0	-2.0	-0.0	-0.0	-0.0	-0.0	-1.0	-0.0	-0.0	-0.0	-2.0
YBR126C	-0.0	-0.0	-0.0	-0.0	-0.0	-0.0	-0.0	-2.0	-0.0	-0.0	-0.0	-0.0
YBR127C	-0.0	-2.0	-0.0	-0.0	-0.0	-3.0	-3.0	-0.0	-0.0	-2.0	-3.0	-0.0
YBR131W	-0.0	-0.0	-0.0	-1.0	-0.0	-0.0	-0.0	-0.0	-2.0	-0.0	-0.0	-0.0
YBR132C	-0.0	-0.0	-0.0	-0.0	-0.0	-0.0	-0.0	-0.0	-0.0	-1.0	-1.0	-0.0
YBR133C	-1.0	-2.0	-0.0	-0.0	-0.0	-0.0	-0.0	-0.0	-0.0	-0.0	-0.0	-0.0
YBR164C	-0.0	-0.0	-0.0	-1.0	-0.0	-0.0	-0.0	-0.0	-0.0	-0.0	-0.0	-0.0
YBR171W	-0.0	-3.0	-0.0	-0.0	-0.0	-0.0	-0.0	-0.0	-0.0	-0.0	-0.0	-0.0
YBR173C	-0.0	-0.0	-0.5	-0.5	-0.0	-0.0	-0.0	-0.0	-0.0	-0.5	-0.0	-0.0
YBR188C	-0.0	-0.0	-0.0	-0.0	-0.0	-0.0	-0.0	-0.0	-1.0	-0.0	-0.0	-0.0
YBR191W	-0.0	-0.0	-0.0	-1.0	-0.0	-0.0	-0.0	-0.0	-0.0	-0.0	-0.0	-0.0
YBR200W	-1.0	-2.0	-0.0	-2.0	-0.0	-0.0	-1.0	-0.0	-0.0	-0.0	-0.0	-0.0
YBR215W	-0.0	-0.0	-0.0	-0.0	-0.0	-0.0	-0.0	-0.0	-0.0	-1.0	-0.0	-0.0
YBR229C	-0.0	-0.0	-0.0	-0.0	-0.0	-0.0	-0.0	-0.0	-0.0	-0.0	-2.0	-0.0
YBR231C	-0.0	-0.0	-2.0	-1.0	-0.0	-0.0	-0.0	-0.0	-0.0	-0.0	-0.0	-0.0
YBR245C	-0.0	-0.0	-0.0	-0.0	-0.0	-0.0	-0.0	-0.0	-2.0	-0.0	-0.0	-2.0
YBR260C	-0.0	-0.0	-0.0	-0.0	-0.0	-0.0	-0.0	-0.0	-0.0	-0.0	-2.0	-0.0
YBR263W	-0.0	-0.0	-0.0	-0.0	-0.0	-0.0	-0.0	-0.0	-0.0	-0.0	-0.0	-1.0
YBR267W	-0.0	-0.0	-0.0	-0.0	-0.0	-0.0	-0.0	-0.0	-0.0	-0.0	-1.0	-1.0
YBR281C	-0.0	-2.0	-0.0	-0.0	-0.0	-0.0	-0.0	-0.0	-0.0	-0.0	-0.0	-0.0
YBR289W	-0.0	-2.0	-0.0	-1.0	-3.0	-0.0	-0.0	-0.0	-0.0	-1.0	-2.0	-2.0
YBR290W	-0.0	-0.0	-0.0	-0.0	-0.0	-0.0	-0.0	-1.0	-0.0	-0.0	-0.0	-0.0
YBR301W	-0.0	-0.0	-0.0	-0.0	-0.0	-0.0	-0.0	-0.0	-1.0	-0.0	-0.0	-0.0
YCL005W	-0.0	-0.0	-1.0	-0.0	-0.0	-0.0	-0.0	-0.0	-0.0	-1.0	-0.0	-0.0
YCL007C	-1.0	-2.0	-0.0	-2.0	-0.0	-0.0	-0.0	-0.0	-3.0	-0.0	-0.0	-0.0
YCL008C	-0.0	-0.0	-0.0	-2.0	-0.0	-0.0	-0.0	-3.0	-0.0	-0.0	-1.0	-1.0
YCL009C	-0.0	-0.0	-0.0	-0.0	-0.0	-0.0	-0.0	-0.0	-0.0	-1.0	-0.0	-0.0
YCL016C	-2.0	-2.0	-1.0	-0.0	-0.0	-0.0	-0.0	-0.0	-1.0	-0.0	-0.0	-0.0
YCL028W	-0.0	-0.0	-0.0	-0.0	-0.0	-0.0	-0.0	-0.0	-1.0	-0.0	-0.0	-0.0
YCL029C	-0.0	-0.0	-1.0	-0.0	-0.0	-0.0	-0.0	-0.0	-0.0	-0.0	-0.0	-0.0
YCL038C	-0.0	-0.0	-0.0	-0.0	-0.0	-0.0	-0.0	-0.0	-1.0	-0.0	-0.0	-0.0
YCL061C	-0.0	-1.0	-0.0	-0.0	-0.0	-0.0	-0.0	-0.0	-0.0	-0.0	-0.0	-0.0
YCR002C	-0.0	-0.0	-1.0	-0.0	-0.0	-0.0	-0.0	-3.0	-0.0	-0.0	-0.0	-0.0
YCR009C	-3.0	-2.0	-0.0	-0.0	-3.0	-0.0	-0.0	-0.0	-0.0	-0.0	-0.0	-0.0
YCR028C	-0.0	-0.0	-0.0	-0.0	-0.0	-0.0	-0.0	-2.0	-0.0	-0.0	-0.0	-0.0
YCR033W	-0.0	-0.0	-0.0	-0.0	-0.0	-0.0	-0.0	-0.0	-0.0	-0.0	-2.0	-0.0
YCR034W	-0.0	-0.0	-0.0	-0.0	-0.0	-0.0	-0.0	-0.0	-0.0	-0.0	-0.0	-3.0
YCR044C	-0.0	-0.0	-0.0	-0.0	-0.0	-0.0	-0.0	-0.0	-0.0	-1.0	-1.0	-0.0
YCR047C	-0.0	-0.0	-0.0	-0.0	-0.0	-0.0	-0.0	-0.0	-2.0	-0.0	-0.0	-0.0
YCR053W	-0.0	-0.0	-0.0	-0.0	-0.0	-0.0	-0.0	-0.0	-2.0	-0.0	-0.0	-0.0
YCR061W	-0.0	-0.0	-0.0	-0.0	-0.0	-0.0	-0.0	-0.0	-2.0	-0.0	-0.0	-0.0
YCR063W	-0.0	-0.0	-2.0	-0.0	-0.0	-0.0	-0.0	-0.0	-0.0	-0.0	-0.0	-0.0
YCR066W	-0.0	-0.0	-0.0	-0.0	-0.0	-0.0	-0.0	-0.0	-0.0	-0.0	-0.0	-1.0
YCR077C	-3.0	-2.0	-0.0	-3.0	-3.0	-0.0	-0.0	-1.0	-3.0	-0.0	-0.0	-0.0
YCR079W	-0.0	-0.0	-0.0	-0.0	-0.0	-0.0	-0.0	-0.0	-1.0	-0.0	-0.0	-0.0
YCR094W	-0.0	-0.0	-0.0	-1.0	-0.0	-0.0	-0.0	-0.0	-0.0	-0.0	-0.0	-3.0
YDL002C	-0.0	-0.0	-0.0	-0.0	-0.0	-0.0	-0.0	-0.0	-0.0	-0.0	-1.0	-0.0
YDL006W	-0.0	-1.0	-0.0	-1.0	-0.0	-0.0	-0.0	-0.0	-2.0	-0.0	-0.0	-0.0
YDL020C	-0.0	-0.0	-0.0	-0.0	-0.0	-0.0	-1.0	-2.0	-0.0	-0.0	-1.0	-0.0
YDL047W	-0.0	-0.0	-0.0	-0.0	-0.0	-0.0	-0.0	-0.0	-0.0	-0.0	-2.0	-0.0
YDL059C	-3.0	-3.0	-0.0	-0.0	-0.0	-0.0	-0.0	-0.0	-0.0	-0.0	-0.0	-0.0
YDL074C	-0.0	-0.0	-0.0	-0.0	-0.0	-0.0	-0.0	-1.0	-0.0	-0.0	-0.0	-0.0
YDL077C	-0.0	-0.0	-0.0	-2.0	-0.0	-0.0	-0.0	-0.0	-2.0	-0.0	-2.0	-2.0
YDL093W	-0.0	-0.0	-0.0	-1.0	-0.0	-0.0	-0.0	-0.0	-0.0	-0.0	-0.0	-0.0
YDL100C	-0.0	-0.0	-0.0	-0.0	-0.0	-0.0	-0.0	-0.0	-1.0	-0.0	-0.0	-0.0
YDL101C	-0.0	-3.0	-0.0	-0.0	-0.0	-0.0	-0.0	-0.0	-0.0	-0.0	-0.0	-0.0
YDL116W	-2.0	-2.0	-0.0	-0.0	-0.0	-0.0	-0.0	-0.0	-0.0	-0.0	-0.0	-0.0
YDL118W	-0.0	-0.0	-0.0	-0.0	-0.0	-0.0	-0.0	-3.0	-0.0	-0.0	-0.0	-0.0
YDL151C	-0.0	-1.0	-0.0	-0.0	-0.0	-0.0	-0.0	-0.0	-0.0	-0.0	-0.0	-0.0
YDL172C	-0.0	-0.0	-0.0	-0.0	-0.0	-0.0	-0.0	-0.0	-2.0	-0.0	-0.0	-0.0
YDL173W	-0.0	-0.0	-0.0	-0.0	-0.0	-0.0	-0.0	-0.0	-2.0	-0.0	-0.0	-0.0
YDL180W	-0.0	-0.0	-0.0	-0.0	-0.0	-0.0	-0.0	-0.0	-1.0	-0.0	-0.0	-0.0
YDL183C	-0.0	-0.0	-0.0	-0.0	-0.0	-0.0	-0.0	-0.0	-1.0	-0.0	-0.0	-0.0
YDL191W	-0.0	-0.0	-0.0	-0.0	-0.0	-0.0	-0.0	-0.0	-0.0	-0.0	-1.0	-0.0
YDL203C	-0.0	-0.0	-0.0	-0.0	-0.0	-0.0	-0.0	-0.0	-0.0	-0.0	-2.0	-0.0
YDL225W	-0.0	-0.0	-1.0	-0.0	-0.0	-0.0	-0.0	-0.0	-0.0	-0.0	-0.0	-0.0
YDR004W	-3.0	-3.0	-0.0	-0.0	-0.0	-0.0	-0.0	-0.0	-0.0	-0.0	-0.0	-0.0
YDR048C	-0.0	-0.0	-0.0	-0.0	-3.0	-0.0	-0.0	-0.0	-0.0	-0.0	-0.0	-0.0
YDR049W	-0.0	-0.0	-0.0	-0.0	-3.0	-0.0	-0.0	-0.0	-0.0	-0.0	-0.0	-0.0
YDR067C	-0.0	-0.0	-0.0	-1.0	-0.0	-0.0	-0.0	-0.0	-0.0	-0.0	-0.0	-2.0
YDR069C	-0.0	-0.0	-0.0	-2.0	-1.0	-0.0	-0.0	-0.0	-1.0	-0.0	-1.0	-0.0
YDR075W	-0.0	-0.0	-0.0	-0.0	-2.0	-0.0	-0.0	-0.0	-0.0	-0.0	-0.0	-0.0
YDR076W	-3.0	-2.0	-0.0	-0.0	-0.0	-0.0	-0.0	-0.0	-0.0	-0.0	-0.0	-0.0
YDR080W	-0.0	-0.0	-0.0	-2.0	-0.0	-0.0	-0.0	-0.0	-2.0	-0.0	-0.0	-1.0
YDR099W	-0.0	-0.0	-0.0	-0.0	-0.0	-0.0	-0.0	-0.0	-1.0	-0.0	-0.0	-0.0
YDR126W	-0.0	-0.0	-0.0	-0.0	-0.0	-0.0	-0.0	-0.0	-2.0	-0.0	-0.0	-3.0
YDR127W	-0.0	-0.0	-0.0	-0.0	-0.0	-0.0	-0.0	-0.0	-0.0	-0.0	-3.0	-0.0
YDR129C	-0.0	-0.0	-1.0	-3.0	-3.0	-0.0	-0.0	-1.0	-2.0	-0.0	-0.0	-0.0
YDR136C	-0.0	-0.0	-0.0	-0.0	-0.0	-0.0	-1.0	-0.0	-0.0	-0.0	-0.0	-0.0
YDR137W	-0.0	-0.0	-0.0	-0.0	-0.0	-1.0	-1.0	-0.0	-1.0	-0.0	-2.0	-0.0
YDR150W	-0.0	-0.0	-0.0	-0.0	-0.0	-0.0	-0.0	-0.0	-1.0	-0.0	-0.0	-0.0
YDR156W	-0.0	-0.0	-0.0	-1.0	-0.0	-0.0	-0.0	-0.0	-2.0	-0.0	-0.0	-0.0
YDR158W	-0.0	-0.0	-0.0	-0.0	-0.0	-0.0	-0.0	-0.0	-2.0	-0.0	-0.0	-0.0
YDR159W	-1.0	-1.0	-0.0	-1.0	-0.0	-0.0	-0.0	-0.0	-2.0	-0.0	-0.0	-3.0
YDR173C	-0.0	-0.0	-0.0	-0.0	-0.0	-0.0	-0.0	-0.0	-0.0	-1.0	-0.0	-0.0
YDR174W	-0.0	-0.0	-0.0	-1.0	-0.0	-0.0	-0.0	-0.0	-0.0	-0.0	-0.0	-0.0
YDR176W	-0.0	-0.0	-0.0	-0.0	-0.0	-0.0	-0.0	-0.0	-0.0	-0.0	-0.0	-1.0
YDR195W	-0.0	-0.0	-2.0	-0.0	-0.0	-0.0	-0.0	-0.0	-1.0	-3.0	-0.0	-3.0
YDR200C	-0.0	-0.0	-0.0	-0.0	-0.0	-0.0	-0.0	-0.0	-1.0	-0.0	-0.0	-0.0
YDR207C	-0.0	-1.0	-0.0	-0.0	-0.0	-0.0	-0.0	-0.0	-0.0	-3.0	-0.0	-0.0
YDR217C	-2.0	-0.0	-0.0	-0.0	-0.0	-0.0	-0.0	-0.0	-0.0	-0.0	-0.0	-0.0
YDR219C	-0.0	-0.0	-1.0	-0.0	-0.0	-0.0	-0.0	-0.0	-0.0	-0.0	-0.0	-0.0
YDR226W	-0.0	-0.0	-0.0	-2.0	-0.0	-0.0	-0.0	-0.0	-0.0	-0.0	-3.0	-0.0
YDR245W	-0.0	-0.0	-0.0	-1.0	-0.0	-0.0	-0.0	-0.0	-2.0	-2.0	-0.0	-0.0
YDR264C	-2.0	-2.0	-2.0	-0.0	-0.0	-0.0	-0.0	-0.0	-0.0	-0.0	-3.0	-0.0
YDR283C	-0.0	-0.0	-0.0	-0.0	-0.0	-0.0	-0.0	-0.0	-0.0	-2.0	-0.0	-0.0
YDR293C	-0.0	-0.0	-0.0	-1.0	-0.0	-0.0	-0.0	-0.0	-0.0	-0.0	-0.0	-0.0
YDR298C	-0.0	-0.0	-0.0	-0.0	-0.0	-0.0	-0.0	-0.0	-0.0	-0.0	-3.0	-0.0
YDR310C	-0.0	-0.0	-0.0	-0.0	-0.0	-0.0	-0.0	-1.0	-0.0	-1.0	-0.0	-0.0
YDR334W	-0.0	-0.0	-2.0	-0.0	-0.0	-0.0	-0.0	-0.0	-0.0	-0.0	-0.0	-0.0
YDR359C	-2.0	-1.0	-0.0	-0.0	-0.0	-0.0	-0.0	-0.0	-2.0	-0.0	-0.0	-0.0
YDR363W-A	-0.0	-0.0	-0.0	-2.0	-0.0	-0.0	-0.0	-0.0	-2.0	-0.0	-0.0	-0.0
YDR364C	-0.0	-0.0	-0.0	-3.0	-0.0	-0.0	-0.0	-0.0	-0.0	-0.0	-0.0	-3.0
YDR369C	-3.0	-3.0	-0.0	-0.0	-0.0	-0.0	-0.0	-0.0	-0.0	-0.0	-0.0	-0.0
YDR378C	-2.0	-2.0	-0.0	-2.0	-0.0	-0.0	-0.0	-0.0	-0.0	-0.0	-0.0	-3.0
YDR386W	-3.0	-1.0	-0.0	-0.0	-0.0	-0.0	-0.0	-0.0	-0.0	-0.0	-0.0	-0.0
YDR388W	-2.0	-2.0	-0.0	-0.0	-2.0	-0.0	-0.0	-1.0	-0.0	-0.0	-0.0	-0.0
YDR389W	-0.0	-0.0	-0.0	-0.0	-0.0	-0.0	-0.0	-0.0	-1.0	-0.0	-2.0	-0.0
YDR392W	-0.0	-0.0	-0.0	-0.0	-0.0	-0.0	-0.0	-2.0	-0.0	-1.0	-0.0	-0.0
YDR393W	-0.0	-0.0	-0.0	-0.0	-0.0	-0.0	-0.0	-0.0	-0.0	-1.0	-0.0	-0.0
YDR418W	-0.0	-0.0	-0.0	-1.0	-0.0	-0.0	-0.0	-0.0	-0.0	-0.0	-0.0	-0.0
YDR432W	-0.0	-0.0	-0.0	-0.0	-3.0	-0.0	-0.0	-0.0	-0.0	-0.0	-0.0	-0.0
YDR433W	-2.0	-1.0	-0.0	-0.0	-0.0	-0.0	-0.0	-0.0	-2.0	-3.0	-0.0	-0.0
YDR442W	-0.0	-0.0	-2.0	-0.0	-0.0	-0.0	-0.0	-1.0	-0.0	-0.0	-1.0	-0.0
YDR448W	-0.0	-0.0	-0.0	-0.0	-0.0	-0.0	-0.0	-0.0	-0.0	-0.0	-0.0	-1.0
YDR457W	-0.0	-0.0	-0.0	-2.0	-0.0	-0.0	-0.0	-0.0	-0.0	-0.0	-0.0	-0.0
YDR461W	-0.0	-0.0	-1.0	-0.0	-0.0	-0.0	-0.0	-0.0	-0.0	-0.0	-0.0	-0.0
YDR462W	-0.0	-0.0	-1.0	-0.0	-2.0	-0.0	-0.0	-3.0	-0.0	-0.0	-0.0	-0.0
YDR484W	-0.0	-0.0	-0.0	-2.0	-0.0	-0.0	-0.0	-1.0	-0.0	-0.0	-0.0	-2.0
YDR495C	-0.0	-0.0	-0.0	-2.0	-0.0	-0.0	-0.0	-0.0	-1.0	-0.0	-0.0	-0.0
YDR496C	-0.0	-0.0	-0.0	-0.0	-0.0	-0.0	-0.0	-0.0	-1.0	-0.0	-0.0	-0.0
YDR532C	-0.0	-0.0	-3.0	-0.0	-0.0	-0.0	-0.0	-0.0	-0.0	-0.0	-0.0	-2.0
YEL003W	-0.0	-0.0	-1.0	-0.0	-2.0	-0.0	-0.0	-0.0	-0.0	-0.0	-0.0	-3.0
YEL009C	-0.0	-0.0	-0.0	-0.0	-0.0	-0.0	-0.0	-0.0	-0.0	-3.0	-0.0	-0.0
YEL013W	-0.0	-0.0	-0.0	-3.0	-0.0	-0.0	-0.0	-0.0	-2.0	-0.0	-0.0	-0.0
YEL027W	-0.0	-0.0	-0.0	-0.0	-0.0	-3.0	-3.0	-0.0	-0.0	-0.0	-3.0	-2.0
YEL031W	-0.0	-0.0	-0.0	-0.0	-0.0	-0.0	-0.0	-0.0	-0.0	-0.0	-3.0	-0.0
YEL036C	-0.0	-0.0	-0.0	-2.0	-0.0	-0.0	-0.0	-0.0	-0.0	-0.0	-0.0	-0.0
YEL044W	-1.0	-3.0	-0.0	-0.0	-3.0	-0.0	-0.0	-0.0	-0.0	-0.0	-2.0	-1.0
YEL045C	-0.0	-0.0	-0.0	-0.0	-0.0	-0.0	-0.0	-0.0	-1.0	-0.0	-0.0	-0.0
YEL051W	-0.0	-2.0	-0.0	-0.0	-0.0	-0.0	-0.0	-0.0	-0.0	-1.0	-3.0	-2.0
YEL053C	-0.0	-0.0	-0.0	-0.0	-0.0	-0.0	-0.0	-0.0	-1.0	-0.0	-0.0	-0.0
YEL059W	-2.0	-2.0	-0.0	-2.0	-0.0	-0.0	-0.0	-0.0	-1.0	-0.0	-0.0	-0.0
YEL061C	-0.0	-0.0	-0.0	-0.0	-0.0	-0.0	-0.0	-0.0	-1.0	-0.0	-0.0	-0.0
YER002W	-0.0	-0.0	-0.0	-0.0	-0.0	-0.0	-0.0	-1.0	-0.0	-0.0	-0.0	-0.0
YER007W	-0.0	-0.0	-1.0	-0.0	-0.0	-0.0	-0.0	-0.0	-0.0	-0.0	-0.0	-0.0
YER014C-A	-1.0	-1.0	-0.0	-1.0	-0.0	-0.0	-0.0	-0.0	-1.0	-1.0	-0.0	-1.5
YER016W	-0.0	-1.0	-1.0	-0.0	-0.0	-0.0	-0.0	-0.0	-0.0	-0.0	-0.0	-0.0
YER019W	-0.0	-1.0	-0.0	-0.0	-3.0	-0.0	-0.0	-1.0	-0.0	-0.0	-0.0	-0.0
YER044C	-1.0	-1.0	-0.0	-1.0	-0.0	-0.0	-0.0	-0.0	-0.0	-0.0	-0.0	-0.0
YER049W	-0.0	-0.0	-0.0	-0.0	-0.0	-0.0	-0.0	-0.0	-0.0	-0.0	-0.0	-1.0
YER052C	-0.0	-0.0	-0.0	-0.0	-0.0	-0.0	-0.0	-0.0	-2.0	-0.0	-0.0	-0.0
YER068W	-0.0	-0.0	-0.0	-1.0	-0.0	-0.0	-0.0	-0.0	-1.0	-0.0	-0.0	-0.0
YER083C	-1.0	-3.0	-0.0	-0.0	-0.0	-0.0	-0.0	-1.0	-0.0	-0.0	-2.0	-0.0
YER092W	-0.0	-0.0	-0.0	-0.0	-0.0	-0.0	-0.0	-0.0	-0.0	-0.0	-1.0	-0.0
YER093C-A	-0.0	-0.0	-0.0	-0.0	-0.0	-0.0	-0.0	-0.0	-0.0	-0.0	-0.0	-1.0
YER095W	-3.0	-3.0	-0.0	-0.0	-0.0	-0.0	-0.0	-0.0	-2.0	-0.0	-0.0	-0.0
YER116C	-0.0	-1.0	-0.0	-0.0	-0.0	-0.0	-0.0	-0.0	-0.0	-0.0	-0.0	-0.0
YER141W	-0.0	-0.0	-0.0	-0.0	-0.0	-0.0	-0.0	-0.0	-1.0	-0.0	-0.0	-0.0
YER151C	-2.0	-1.0	-0.0	-2.0	-0.0	-0.0	-0.0	-0.0	-0.0	-1.0	-0.0	-2.0
YER153C	-0.0	-0.0	-0.0	-0.0	-0.0	-0.0	-0.0	-0.0	-1.0	-0.0	-0.0	-0.0
YER155C	-0.0	-0.0	-1.0	-2.0	-0.0	-0.0	-0.0	-1.0	-0.0	-0.0	-0.0	-0.0
YER162C	-0.0	-0.0	-0.0	-1.0	-0.0	-0.0	-0.0	-0.0	-0.0	-0.0	-0.0	-0.0
YER166W	-0.0	-0.0	-0.0	-0.0	-0.0	-0.0	-0.0	-0.0	-1.0	-0.0	-0.0	-0.0
YER173W	-3.0	-1.0	-0.0	-0.0	-0.0	-0.0	-0.0	-0.0	-0.0	-0.0	-0.0	-0.0
YER177W	-0.0	-0.0	-0.0	-1.0	-0.0	-0.0	-0.0	-0.0	-2.0	-0.0	-0.0	-0.0
YFL001W	-0.0	-0.0	-0.0	-2.0	-0.0	-0.0	-0.0	-0.0	-2.0	-0.0	-0.0	-0.0
YFL031W	-0.0	-0.0	-0.0	-0.0	-0.0	-0.0	-0.0	-0.0	-0.0	-0.0	-3.0	-0.0
YFL032W	-0.0	-0.0	-0.0	-0.0	-0.0	-0.0	-0.0	-0.0	-0.0	-0.0	-3.0	-0.0
YFL033C	-0.0	-0.0	-0.0	-0.0	-0.0	-0.0	-0.0	-0.0	-1.0	-0.0	-0.0	-0.0
YFR001W	-0.0	-1.0	-0.0	-0.0	-0.0	-0.0	-0.0	-0.0	-0.0	-0.0	-0.0	-0.0
YFR009W	-0.0	-0.0	-0.0	-0.0	-0.0	-0.0	-0.0	-0.0	-0.0	-2.0	-0.0	-0.0
YFR010W	-0.0	-0.0	-0.0	-1.0	-0.0	-0.0	-0.0	-0.0	-0.0	-0.0	-0.0	-0.0
YFR019W	-1.0	-2.0	-0.0	-2.0	-3.0	-0.0	-0.0	-0.0	-0.0	-0.0	-0.0	-0.0
YFR025C	-0.0	-0.0	-0.0	-0.0	-0.0	-0.0	-0.0	-0.0	-1.0	-0.0	-0.0	-0.0
YFR036W	-0.0	-0.0	-0.0	-0.0	-0.0	-0.0	-0.0	-0.0	-0.0	-0.0	-0.0	-2.0
YFR039C	-0.0	-3.0	-0.0	-0.0	-0.0	-0.0	-0.0	-0.0	-0.0	-0.0	-0.0	-0.0
YFR040W	-0.0	-0.0	-0.0	-0.0	-0.0	-0.0	-0.0	-0.0	-0.0	-0.0	-2.0	-0.0
YFR041C	-0.0	-3.0	-0.0	-0.0	-0.0	-0.0	-0.0	-0.0	-0.0	-0.0	-0.0	-0.0
YGL003C	-0.0	-0.0	-2.0	-0.0	-0.0	-0.0	-0.0	-0.0	-0.0	-0.0	-0.0	-0.0
YGL012W	-2.0	-1.0	-0.0	-0.0	-3.0	-0.0	-0.0	-3.0	-1.0	-0.0	-0.0	-3.0
YGL023C	-0.0	-0.0	-0.0	-3.0	-0.0	-0.0	-0.0	-0.0	-2.0	-0.0	-0.0	-0.0
YGL024W	-0.0	-0.0	-0.0	-0.0	-0.0	-0.0	-0.0	-3.0	-0.0	-1.0	-1.0	-3.0
YGL025C	-0.0	-0.0	-0.0	-0.0	-0.0	-0.0	-0.0	-0.0	-0.0	-0.0	-1.0	-0.0
YGL033W	-0.0	-0.0	-1.0	-0.0	-0.0	-0.0	-0.0	-0.0	-0.0	-0.0	-0.0	-0.0
YGL045W	-0.0	-0.0	-0.0	-0.0	-0.0	-0.0	-0.0	-0.0	-0.0	-0.0	-1.0	-0.0
YGL050W	-0.0	-0.0	-0.0	-0.0	-0.0	-0.0	-0.0	-0.0	-2.0	-0.0	-0.0	-0.0
YGL066W	-0.0	-0.0	-0.0	-0.0	-0.0	-0.0	-0.0	-0.0	-0.0	-1.0	-0.0	-0.0
YGL070C	-2.0	-2.0	-0.0	-0.0	-0.0	-0.0	-0.0	-0.0	-0.0	-0.0	-0.0	-0.0
YGL072C	-0.0	-2.0	-2.0	-1.0	-3.0	-0.0	-0.0	-1.0	-0.0	-0.0	-0.0	-0.0
YGL084C	-0.0	-0.0	-0.0	-0.0	-0.0	-0.0	-1.0	-0.0	-0.0	-0.0	-0.0	-0.0
YGL086W	-0.0	-0.0	-1.0	-0.0	-0.0	-0.0	-0.0	-0.0	-0.0	-0.0	-0.0	-0.0
YGL087C	-0.0	-1.0	-0.0	-0.0	-0.0	-0.0	-0.0	-0.0	-0.0	-0.0	-0.0	-0.0
YGL127C	-0.0	-1.0	-0.0	-0.0	-0.0	-0.0	-0.0	-0.0	-0.0	-0.0	-0.0	-0.0
YGL148W	-0.0	-1.0	-0.0	-0.0	-0.0	-0.0	-0.0	-0.0	-0.0	-0.0	-0.0	-0.0
YGL151W	-0.0	-0.0	-0.0	-0.0	-0.0	-0.0	-0.0	-2.0	-0.0	-0.0	-0.0	-0.0
YGL157W	-0.0	-0.0	-0.0	-1.0	-0.0	-0.0	-0.0	-0.0	-0.0	-0.0	-0.0	-0.0
YGL163C	-3.0	-2.0	-0.0	-0.0	-0.0	-0.0	-0.0	-0.0	-0.0	-0.0	-0.0	-0.0
YGL167C	-0.0	-0.0	-0.0	-0.0	-0.0	-0.0	-0.0	-0.0	-0.0	-2.0	-0.0	-2.0
YGL168W	-0.0	-0.0	-0.0	-0.0	-0.0	-0.0	-0.0	-0.0	-0.0	-2.0	-2.0	-2.0
YGL175C	-2.0	-1.0	-0.0	-0.0	-0.0	-0.0	-0.0	-0.0	-0.0	-0.0	-0.0	-0.0
YGL194C	-0.0	-0.0	-1.0	-0.0	-0.0	-0.0	-0.0	-0.0	-0.0	-0.0	-0.0	-0.0
YGL195W	-0.0	-0.0	-0.0	-0.0	-0.0	-0.0	-0.0	-0.0	-0.0	-2.0	-0.0	-0.0
YGL211W	-0.0	-0.0	-0.0	-0.0	-0.0	-0.0	-0.0	-0.0	-2.0	-0.0	-0.0	-0.0
YGL212W	-0.0	-0.0	-0.0	-3.0	-0.0	-0.0	-0.0	-1.0	-2.0	-0.0	-2.0	-0.0
YGL244W	-0.0	-1.0	-0.0	-0.0	-0.0	-0.0	-0.0	-0.0	-0.0	-0.0	-0.0	-0.0
YGL252C	-0.0	-0.0	-0.0	-1.0	-0.0	-0.0	-0.0	-0.0	-0.0	-0.0	-0.0	-0.0
YGR020C	-0.0	-1.0	-0.0	-0.0	-0.0	-1.5	-1.5	-0.0	-0.0	-1.0	-1.5	-0.0
YGR036C	-0.0	-0.0	-0.0	-0.0	-0.0	-3.0	-3.0	-0.0	-0.0	-0.0	-0.0	-0.0
YGR041W	-0.0	-0.0	-0.0	-1.0	-0.0	-0.0	-0.0	-0.0	-0.0	-0.0	-0.0	-0.0
YGR057C	-0.0	-0.0	-0.0	-1.0	-0.0	-0.0	-0.0	-0.0	-2.0	-0.0	-0.0	-0.0
YGR063C	-0.0	-0.0	-0.0	-1.0	-0.0	-0.0	-0.0	-2.0	-0.0	-0.0	-0.0	-0.0
YGR078C	-0.0	-0.0	-3.0	-0.0	-0.0	-0.0	-0.0	-0.0	-0.0	-0.0	-0.0	-0.0
YGR081C	-0.0	-0.0	-0.0	-2.0	-0.0	-0.0	-0.0	-0.0	-2.0	-0.0	-0.0	-0.0
YGR092W	-2.0	-2.0	-0.0	-2.0	-3.0	-0.0	-0.0	-0.0	-0.0	-0.0	-0.0	-0.0
YGR097W	-0.0	-0.0	-1.0	-0.0	-0.0	-0.0	-0.0	-0.0	-0.0	-0.0	-0.0	-0.0
YGR105W	-0.0	-0.0	-0.0	-1.0	-0.0	-2.0	-2.0	-0.0	-0.0	-0.0	-3.0	-0.0
YGR112W	-0.0	-0.0	-0.0	-0.0	-0.0	-0.0	-0.0	-0.0	-0.0	-0.0	-1.0	-0.0
YGR135W	-0.0	-1.0	-0.0	-0.0	-0.0	-0.0	-0.0	-0.0	-0.0	-0.0	-0.0	-0.0
YGR155W	-0.0	-0.0	-0.0	-0.0	-0.0	-0.0	-0.0	-0.0	-1.0	-0.0	-1.0	-0.0
YGR161C	-0.0	-0.0	-0.0	-0.0	-0.0	-0.0	-0.0	-0.0	-2.0	-0.0	-0.0	-0.0
YGR163W	-0.0	-0.0	-0.0	-3.0	-0.0	-0.0	-0.0	-0.0	-3.0	-0.0	-0.0	-2.0
YGR167W	-0.0	-0.0	-0.0	-3.0	-0.0	-3.0	-3.0	-0.0	-0.0	-1.0	-0.0	-0.0
YGR188C	-0.0	-2.0	-1.0	-1.0	-0.0	-0.0	-0.0	-0.0	-0.0	-0.0	-0.0	-3.0
YGR208W	-0.0	-0.0	-0.0	-0.0	-0.0	-0.0	-0.0	-0.0	-2.0	-0.0	-0.0	-0.0
YGR217W	-0.0	-0.0	-0.0	-0.0	-0.0	-0.0	-0.0	-0.0	-0.0	-0.0	-1.0	-0.0
YGR229C	-0.0	-0.0	-0.0	-0.0	-0.0	-0.0	-1.0	-0.0	-0.0	-0.0	-1.0	-0.0
YGR285C	-3.0	-1.0	-0.0	-3.0	-0.0	-0.0	-0.0	-0.0	-0.0	-0.0	-0.0	-3.0
YHL011C	-0.0	-0.0	-0.0	-2.0	-0.0	-0.0	-0.0	-0.0	-0.0	-0.0	-3.0	-3.0
YHL020C	-0.0	-0.0	-0.0	-0.0	-0.0	-0.0	-0.0	-0.0	-0.0	-0.0	-0.0	-1.0
YHL025W	-0.0	-0.0	-0.0	-0.0	-0.0	-0.0	-0.0	-0.0	-0.0	-2.0	-2.0	-0.0
YHL027W	-0.0	-0.0	-0.0	-0.0	-0.0	-0.0	-0.0	-2.0	-0.0	-0.0	-1.0	-0.0
YHL029C	-0.0	-0.0	-0.0	-2.0	-0.0	-0.0	-0.0	-1.0	-1.0	-0.0	-0.0	-2.0
YHR004C	-0.0	-0.0	-0.0	-0.0	-0.0	-0.0	-0.0	-0.0	-2.0	-0.0	-0.0	-0.0
YHR010W	-0.0	-1.0	-0.0	-0.0	-3.0	-0.0	-0.0	-0.0	-0.0	-0.0	-0.0	-0.0
YHR012W	-0.0	-0.0	-0.0	-2.0	-0.0	-0.0	-0.0	-2.0	-1.0	-0.0	-0.0	-0.0
YHR013C	-0.0	-0.0	-0.0	-2.0	-2.0	-0.0	-0.0	-0.0	-0.0	-0.0	-0.0	-0.0
YHR025W	-0.0	-0.0	-0.0	-1.0	-0.0	-0.0	-0.0	-0.0	-2.0	-0.0	-0.0	-0.0
YHR026W	-0.0	-0.0	-0.0	-0.0	-3.0	-3.0	-3.0	-0.0	-2.0	-1.0	-3.0	-2.0
YHR030C	-0.0	-0.0	-0.0	-2.0	-0.0	-0.0	-0.0	-1.0	-1.0	-0.0	-3.0	-0.0
YHR039C-A	-0.0	-0.0	-0.0	-0.0	-1.5	-1.5	-1.5	-0.0	-0.0	-0.5	-1.0	-1.0
YHR041C	-0.0	-2.0	-0.0	-1.0	-0.0	-0.0	-0.0	-0.0	-0.0	-0.0	-0.0	-1.0
YHR045W	-0.0	-0.0	-0.0	-0.0	-0.0	-0.0	-0.0	-2.0	-0.0	-0.0	-0.0	-0.0
YHR060W	-0.0	-1.0	-0.0	-0.0	-3.0	-3.0	-3.0	-0.0	-0.0	-0.0	-3.0	-0.0
YHR064C	-0.0	-0.0	-0.0	-0.0	-0.0	-0.0	-0.0	-0.0	-0.0	-0.0	-0.0	-3.0
YHR079C	-0.0	-0.0	-0.0	-0.0	-0.0	-0.0	-0.0	-0.0	-0.0	-0.0	-3.0	-0.0
YHR111W	-0.0	-0.0	-0.0	-0.0	-0.0	-0.0	-0.0	-0.0	-2.0	-0.0	-0.0	-0.0
YHR121W	-0.0	-0.0	-0.0	-0.0	-0.0	-0.0	-0.0	-0.0	-2.0	-0.0	-0.0	-0.0
YHR129C	-0.0	-0.0	-0.0	-0.0	-0.0	-0.0	-0.0	-0.0	-1.0	-2.0	-0.0	-0.0
YHR154W	-2.0	-1.0	-0.0	-0.0	-0.0	-0.0	-0.0	-0.0	-0.0	-0.0	-0.0	-0.0
YHR167W	-0.0	-0.0	-0.0	-2.0	-0.0	-0.0	-0.0	-0.0	-2.0	-0.0	-0.0	-0.0
YHR171W	-0.0	-0.0	-0.0	-0.0	-0.0	-0.0	-0.0	-0.0	-1.0	-0.0	-0.0	-0.0
YHR178W	-0.0	-0.0	-0.0	-3.0	-0.0	-0.0	-0.0	-0.0	-0.0	-0.0	-0.0	-0.0
YHR189W	-0.0	-0.0	-0.0	-0.0	-0.0	-0.0	-0.0	-0.0	-0.0	-0.0	-0.0	-1.0
YHR191C	-2.0	-1.0	-0.0	-0.0	-0.0	-0.0	-0.0	-0.0	-2.0	-0.0	-0.0	-0.0
YHR206W	-0.0	-0.0	-0.0	-0.0	-0.0	-0.0	-0.0	-0.0	-0.0	-0.0	-1.0	-0.0
YIL008W	-0.0	-0.0	-0.0	-0.0	-0.0	-0.0	-0.0	-0.0	-2.0	-0.0	-0.0	-0.0
YIL018W	-0.0	-0.0	-0.0	-1.0	-0.0	-0.0	-0.0	-0.0	-0.0	-0.0	-0.0	-0.0
YIL027C	-0.0	-0.0	-0.0	-0.0	-0.0	-0.0	-0.0	-1.0	-0.0	-0.0	-0.0	-0.0
YIL029C	-0.0	-0.0	-0.0	-0.0	-0.0	-0.0	-0.0	-0.0	-1.0	-0.0	-0.0	-0.0
YIL040W	-0.0	-0.0	-0.0	-0.0	-3.0	-0.0	-0.0	-0.0	-0.0	-0.0	-0.0	-0.0
YIL052C	-0.0	-0.0	-0.0	-1.0	-0.0	-0.0	-0.0	-0.0	-2.0	-2.0	-0.0	-0.0
YIL076W	-0.0	-0.0	-0.0	-0.0	-0.0	-0.0	-0.0	-0.0	-0.0	-0.0	-2.0	-0.0
YIL092W	-0.0	-0.0	-0.0	-0.0	-0.0	-0.0	-0.0	-0.0	-1.0	-0.0	-0.0	-0.0
YIL102C	-0.0	-0.0	-1.0	-0.0	-0.0	-0.0	-0.0	-0.0	-0.0	-0.0	-0.0	-0.0
YIL103W	-0.0	-0.0	-0.0	-0.0	-0.0	-0.0	-0.0	-0.0	-2.0	-0.0	-0.0	-0.0
YIL105C	-0.0	-0.0	-0.0	-0.0	-0.0	-0.0	-0.0	-0.0	-0.0	-0.0	-0.0	-2.0
YIL128W	-0.0	-2.0	-0.0	-0.0	-0.0	-0.0	-0.0	-0.0	-0.0	-0.0	-0.0	-0.0
YIL153W	-0.0	-0.0	-0.0	-0.0	-0.0	-0.0	-0.0	-0.0	-0.0	-0.0	-1.0	-0.0
YIL161W	-0.0	-0.0	-0.0	-1.0	-0.0	-0.0	-0.0	-0.0	-0.0	-0.0	-0.0	-0.0
YIR021W	-0.0	-0.0	-0.0	-0.0	-0.0	-0.0	-0.0	-0.0	-2.0	-0.0	-0.0	-0.0
YIR026C	-0.0	-0.0	-0.0	-0.0	-0.0	-0.0	-0.0	-0.0	-0.0	-2.0	-0.0	-0.0
YJL022W	-0.0	-0.0	-0.0	-1.0	-0.0	-0.0	-0.0	-0.0	-0.0	-0.0	-0.0	-0.0
YJL027C	-0.0	-3.0	-0.0	-0.0	-0.0	-0.0	-0.0	-0.0	-0.0	-0.0	-0.0	-0.0
YJL030W	-0.0	-0.0	-1.0	-0.0	-0.0	-0.0	-0.0	-0.0	-0.0	-0.0	-0.0	-0.0
YJL036W	-0.0	-0.0	-0.0	-1.0	-0.0	-0.0	-0.0	-0.0	-2.0	-0.0	-0.0	-0.0
YJL047C	-3.0	-1.0	-0.0	-0.0	-0.0	-0.0	-0.0	-0.0	-0.0	-0.0	-0.0	-0.0
YJL053W	-0.0	-0.0	-0.0	-1.0	-0.0	-0.0	-0.0	-0.0	-2.0	-0.0	-0.0	-0.0
YJL080C	-0.0	-0.0	-0.0	-1.0	-0.0	-0.0	-0.0	-0.0	-0.0	-0.0	-0.0	-0.0
YJL092W	-2.0	-1.0	-0.0	-0.0	-0.0	-0.0	-0.0	-0.0	-0.0	-0.0	-0.0	-0.0
YJL095W	-0.0	-0.0	-0.0	-3.0	-2.0	-0.0	-0.0	-0.0	-2.0	-0.0	-3.0	-0.0
YJL115W	-2.0	-2.0	-0.0	-0.0	-0.0	-0.0	-0.0	-0.0	-0.0	-0.0	-0.0	-0.0
YJL121C	-0.0	-0.0	-0.0	-0.0	-0.0	-0.0	-0.0	-0.0	-0.0	-0.0	-0.0	-2.0
YJL124C	-2.0	-1.0	-0.0	-3.0	-3.0	-0.0	-0.0	-0.0	-3.0	-0.0	-0.0	-0.0
YJL127C	-3.0	-1.0	-0.0	-0.0	-0.0	-0.0	-0.0	-0.0	-0.0	-0.0	-0.0	-0.0
YJL140W	-0.0	-0.0	-0.0	-2.0	-0.0	-0.0	-0.0	-0.0	-1.0	-0.0	-0.0	-0.0
YJL148W	-0.0	-0.0	-0.0	-0.0	-0.0	-0.0	-0.0	-0.0	-0.0	-0.0	-2.0	-0.0
YJL154C	-0.0	-0.0	-0.0	-2.0	-0.0	-0.0	-0.0	-0.0	-2.0	-0.0	-0.0	-0.0
YJL162C	-0.0	-0.0	-0.0	-0.0	-0.0	-0.0	-0.0	-0.0	-1.0	-0.0	-0.0	-0.0
YJL175W	-0.0	-0.0	-0.0	-0.0	-0.0	-0.0	-0.0	-0.0	-0.0	-1.0	-0.0	-0.0
YJL179W	-0.0	-0.0	-2.0	-0.0	-0.0	-0.0	-0.0	-0.0	-0.0	-0.0	-0.0	-0.0
YJL183W	-0.0	-0.0	-0.0	-0.0	-0.0	-0.0	-0.0	-0.0	-1.0	-1.0	-0.0	-0.0
YJL187C	-0.0	-0.0	-0.0	-0.0	-0.0	-0.0	-0.0	-0.0	-0.0	-0.0	-1.0	-0.0
YJL188C	-0.0	-0.0	-0.0	-0.0	-0.0	-0.0	-0.0	-0.0	-0.0	-0.0	-2.0	-0.0
YJL190C	-0.0	-0.0	-1.0	-0.0	-0.0	-0.0	-0.0	-0.0	-0.0	-0.0	-0.0	-0.0
YJL204C	-0.0	-0.0	-0.0	-0.0	-0.0	-0.0	-0.0	-0.0	-0.0	-0.0	-0.0	-1.0
YJR033C	-0.0	-0.0	-0.0	-0.0	-0.0	-0.0	-0.0	-1.0	-0.0	-0.0	-0.0	-0.0
YJR040W	-0.0	-0.0	-0.0	-0.0	-0.0	-0.0	-0.0	-0.0	-2.0	-0.0	-0.0	-0.0
YJR043C	-0.0	-2.0	-0.0	-0.0	-0.0	-0.0	-0.0	-0.0	-0.0	-0.0	-0.0	-0.0
YJR066W	-0.0	-0.0	-0.0	-1.0	-0.0	-0.0	-0.0	-0.0	-3.0	-0.0	-0.0	-0.0
YJR074W	-0.0	-0.0	-0.0	-0.0	-0.0	-0.0	-0.0	-0.0	-0.0	-1.0	-0.0	-3.0
YJR075W	-0.0	-0.0	-0.0	-0.0	-3.0	-0.0	-0.0	-0.0	-1.0	-1.0	-0.0	-0.0
YJR084W	-0.0	-0.0	-2.0	-0.0	-0.0	-0.0	-0.0	-0.0	-0.0	-0.0	-0.0	-0.0
YJR090C	-2.0	-2.0	-0.0	-0.0	-0.0	-0.0	-0.0	-3.0	-0.0	-1.0	-3.0	-1.0
YJR095W	-0.0	-0.0	-0.0	-0.0	-0.0	-0.0	-0.0	-0.0	-1.0	-0.0	-0.0	-0.0
YJR102C	-0.0	-0.0	-0.0	-2.0	-0.0	-0.0	-0.0	-3.0	-2.0	-0.0	-1.0	-0.0
YJR104C	-1.0	-3.0	-0.0	-0.0	-0.0	-0.0	-0.0	-0.0	-0.0	-0.0	-3.0	-0.0
YJR105W	-0.0	-0.0	-0.0	-0.0	-0.0	-0.0	-0.0	-0.0	-0.0	-0.0	-2.0	-0.0
YJR117W	-0.0	-0.0	-0.0	-0.0	-0.0	-0.0	-0.0	-0.0	-0.0	-0.0	-2.0	-0.0
YJR139C	-0.0	-0.0	-0.0	-0.0	-0.0	-0.0	-0.0	-0.0	-2.0	-0.0	-0.0	-0.0
YJR140C	-0.0	-0.0	-1.0	-0.0	-0.0	-0.0	-0.0	-0.0	-0.0	-0.0	-0.0	-0.0
YKL002W	-0.0	-0.0	-0.0	-1.0	-0.0	-0.0	-0.0	-0.0	-1.0	-1.0	-2.0	-0.0
YKL006W	-0.0	-0.0	-0.0	-0.0	-0.0	-0.0	-0.0	-0.0	-0.0	-1.0	-0.0	-0.0
YKL011C	-2.0	-1.0	-1.0	-0.0	-0.0	-0.0	-0.0	-0.0	-0.0	-0.0	-0.0	-0.0
YKL037W	-0.0	-0.0	-0.0	-1.0	-0.0	-0.0	-0.0	-0.0	-1.0	-0.0	-0.0	-0.0
YKL041W	-0.0	-0.0	-0.0	-2.0	-0.0	-0.0	-0.0	-0.0	-1.0	-0.0	-0.0	-0.0
YKL048C	-0.0	-0.0	-1.0	-0.0	-0.0	-0.0	-0.0	-0.0	-0.0	-0.0	-0.0	-0.0
YKL054C	-2.0	-3.0	-3.0	-2.0	-0.0	-0.0	-0.0	-0.0	-1.0	-0.0	-1.0	-0.0
YKL080W	-0.0	-0.0	-0.0	-0.0	-0.0	-3.0	-3.0	-0.0	-1.0	-3.0	-2.0	-1.0
YKL081W	-0.0	-0.0	-0.0	-0.0	-0.0	-0.0	-0.0	-0.0	-1.0	-0.0	-0.0	-0.0
YKL110C	-0.0	-0.0	-0.0	-0.0	-0.0	-0.0	-0.0	-0.0	-2.0	-0.0	-0.0	-0.0
YKL118W	-0.0	-1.0	-0.0	-0.0	-0.0	-3.0	-3.0	-3.0	-1.0	-2.0	-3.0	-2.0
YKL119C	-0.0	-1.0	-0.0	-2.0	-3.0	-3.0	-3.0	-1.0	-1.0	-2.0	-2.0	-2.0
YKL126W	-0.0	-0.0	-0.0	-3.0	-0.0	-0.0	-0.0	-3.0	-0.0	-2.0	-0.0	-3.0
YKL134C	-0.0	-0.0	-0.0	-0.0	-0.0	-0.0	-0.0	-0.0	-0.0	-0.0	-3.0	-0.0
YKL138C	-0.0	-0.0	-0.0	-0.0	-0.0	-0.0	-0.0	-0.0	-0.0	-2.0	-0.0	-0.0
YKL139W	-0.0	-0.0	-1.0	-0.0	-0.0	-0.0	-0.0	-0.0	-0.0	-0.0	-0.0	-0.0
YKL155C	-0.0	-0.0	-0.0	-0.0	-0.0	-0.0	-0.0	-0.0	-0.0	-0.0	-1.0	-0.0
YKL157W	-0.0	-0.0	-0.0	-0.0	-0.0	-0.0	-0.0	-0.0	-1.0	-0.0	-0.0	-0.0
YKL162C-A	-0.0	-0.0	-0.0	-0.0	-0.0	-0.0	-0.0	-0.0	-0.0	-0.0	-2.0	-0.0
YKL176C	-0.0	-0.0	-0.0	-2.0	-0.0	-0.0	-0.0	-0.0	-1.0	-0.0	-0.0	-0.0
YKL190W	-0.0	-0.0	-0.0	-0.0	-0.0	-0.0	-0.0	-0.0	-0.0	-0.0	-3.0	-0.0
YKL191W	-0.0	-0.0	-0.0	-1.0	-0.0	-0.0	-0.0	-0.0	-0.0	-0.0	-0.0	-0.0
YKL204W	-0.0	-2.0	-3.0	-0.0	-0.0	-0.0	-0.0	-0.0	-0.0	-0.0	-0.0	-0.0
YKL212W	-0.0	-0.0	-0.0	-2.0	-0.0	-1.0	-2.0	-0.0	-0.0	-0.0	-0.0	-0.0
YKL213C	-0.0	-0.0	-0.0	-0.0	-3.0	-0.0	-0.0	-0.0	-0.0	-0.0	-0.0	-0.0
YKR001C	-0.0	-0.0	-0.0	-2.0	-0.0	-1.0	-1.0	-1.0	-2.0	-0.0	-0.0	-0.0
YKR006C	-0.0	-1.0	-0.0	-0.0	-0.0	-0.0	-0.0	-0.0	-0.0	-0.0	-0.0	-0.0
YKR007W	-0.0	-0.0	-0.0	-3.0	-0.0	-0.0	-0.0	-0.0	-3.0	-0.0	-0.0	-0.0
YKR020W	-0.0	-0.0	-0.0	-2.0	-0.0	-0.0	-0.0	-2.0	-1.0	-0.0	-0.0	-2.0
YKR026C	-0.0	-0.0	-0.0	-0.0	-0.0	-0.0	-0.0	-0.0	-0.0	-3.0	-0.0	-0.0
YKR029C	-0.0	-0.0	-0.0	-0.0	-0.0	-0.0	-0.0	-0.0	-0.0	-0.0	-1.0	-0.0
YKR032W	-0.0	-0.0	-0.0	-0.0	-0.0	-0.0	-0.0	-0.0	-1.0	-0.0	-0.0	-0.0
YKR033C	-0.0	-0.0	-0.0	-0.0	-0.0	-0.0	-0.0	-0.0	-1.0	-0.0	-0.0	-0.0
YKR035W-A	-0.0	-0.0	-0.0	-0.0	-0.0	-0.0	-0.0	-0.0	-1.0	-0.0	-0.0	-0.0
YKR040C	-0.0	-0.0	-0.0	-0.0	-0.0	-0.0	-0.0	-0.0	-1.0	-0.0	-0.0	-0.0
YKR047W	-0.0	-0.0	-0.0	-0.0	-0.0	-0.0	-0.0	-0.0	-2.0	-0.0	-0.0	-0.0
YKR048C	-0.0	-0.0	-0.0	-0.0	-0.0	-0.0	-0.0	-0.0	-1.0	-0.0	-0.0	-0.0
YKR054C	-0.0	-0.0	-0.0	-0.0	-0.0	-0.0	-0.0	-0.0	-1.0	-0.0	-0.0	-0.0
YKR059W	-0.0	-0.0	-0.0	-0.0	-0.0	-0.0	-0.0	-0.0	-1.0	-0.0	-0.0	-0.0
YKR082W	-2.0	-0.0	-0.0	-0.0	-0.0	-0.0	-0.0	-0.0	-0.0	-0.0	-0.0	-0.0
YLL002W	-3.0	-3.0	-0.0	-0.0	-0.0	-0.0	-0.0	-0.0	-0.0	-0.0	-0.0	-0.0
YLL023C	-0.0	-0.0	-0.0	-0.0	-0.0	-0.0	-0.0	-0.0	-1.0	-0.0	-0.0	-0.0
YLL028W	-0.0	-0.0	-0.0	-0.0	-0.0	-0.0	-0.0	-0.0	-0.0	-0.0	-3.0	-0.0
YLL042C	-0.0	-0.0	-0.0	-0.0	-0.0	-0.0	-0.0	-0.0	-2.0	-0.0	-0.0	-0.0
YLL043W	-0.0	-0.0	-0.0	-0.0	-0.0	-0.0	-0.0	-0.0	-0.0	-1.0	-0.0	-0.0
YLL045C	-0.0	-0.0	-0.0	-0.0	-0.0	-0.0	-0.0	-0.0	-0.0	-1.0	-0.0	-0.0
YLR006C	-0.0	-0.0	-0.0	-0.0	-0.0	-0.0	-0.0	-0.0	-0.0	-0.0	-2.0	-0.0
YLR025W	-0.0	-0.0	-0.0	-2.0	-0.0	-0.0	-0.0	-0.0	-1.0	-1.0	-1.0	-0.0
YLR027C	-0.0	-2.0	-0.0	-0.0	-0.0	-0.0	-0.0	-0.0	-1.0	-0.0	-1.0	-0.0
YLR032W	-0.0	-2.0	-0.0	-0.0	-0.0	-0.0	-0.0	-0.0	-0.0	-0.0	-0.0	-0.0
YLR047C	-0.0	-0.0	-0.0	-0.0	-0.0	-0.0	-0.0	-0.0	-0.0	-0.0	-3.0	-0.0
YLR052W	-0.0	-0.0	-0.0	-0.0	-0.0	-0.0	-0.0	-0.0	-0.0	-0.0	-1.0	-0.0
YLR055C	-0.0	-0.0	-0.0	-0.0	-0.0	-0.0	-0.0	-0.0	-0.0	-2.0	-0.0	-0.0
YLR056W	-2.0	-2.0	-0.0	-0.0	-3.0	-0.0	-0.0	-0.0	-2.0	-0.0	-0.0	-3.0
YLR061W	-0.0	-0.0	-0.0	-1.0	-0.0	-0.0	-0.0	-0.0	-0.0	-0.0	-0.0	-0.0
YLR067C	-0.0	-0.0	-0.0	-0.0	-0.0	-0.0	-0.0	-0.0	-0.0	-0.0	-2.0	-0.0
YLR068W	-0.0	-0.0	-0.0	-1.0	-0.0	-0.0	-0.0	-0.0	-0.0	-0.0	-0.0	-0.0
YLR080W	-0.0	-0.0	-0.0	-0.0	-0.0	-0.0	-0.0	-2.0	-0.0	-0.0	-0.0	-0.0
YLR085C	-0.0	-0.0	-1.0	-1.0	-0.0	-0.0	-0.0	-0.0	-0.0	-0.0	-0.0	-0.0
YLR096W	-0.0	-0.0	-0.0	-0.0	-0.0	-0.0	-0.0	-0.0	-0.0	-0.0	-1.0	-0.0
YLR119W	-0.0	-0.0	-0.0	-2.0	-0.0	-0.0	-0.0	-0.0	-0.0	-0.0	-0.0	-0.0
YLR138W	-0.0	-0.0	-0.0	-0.0	-0.0	-0.0	-0.0	-0.0	-0.0	-0.0	-3.0	-0.0
YLR182W	-0.0	-0.0	-0.0	-2.0	-0.0	-0.0	-0.0	-0.0	-0.0	-0.0	-0.0	-0.0
YLR200W	-0.0	-0.0	-3.0	-0.0	-0.0	-0.0	-0.0	-0.0	-0.0	-0.0	-0.0	-0.0
YLR218C	-0.0	-2.0	-0.0	-0.0	-0.0	-0.0	-0.0	-0.0	-0.0	-0.0	-3.0	-0.0
YLR226W	-0.0	-0.0	-0.0	-1.0	-0.0	-0.0	-0.0	-0.0	-0.0	-0.0	-0.0	-0.0
YLR234W	-1.0	-2.0	-0.0	-0.0	-0.0	-0.0	-0.0	-0.0	-0.0	-0.0	-0.0	-0.0
YLR235C	-3.0	-2.0	-0.0	-0.0	-0.0	-0.0	-0.0	-0.0	-0.0	-0.0	-0.0	-0.0
YLR242C	-0.0	-0.0	-0.0	-0.0	-0.0	-0.0	-0.0	-1.0	-0.0	-0.0	-0.0	-0.0
YLR261C	-0.0	-0.0	-0.0	-0.0	-0.0	-0.0	-1.0	-0.0	-0.0	-0.0	-2.0	-0.0
YLR288C	-2.0	-2.0	-0.0	-0.0	-0.0	-0.0	-0.0	-0.0	-0.0	-0.0	-0.0	-0.0
YLR295C	-0.0	-0.0	-0.0	-0.0	-0.0	-0.0	-0.0	-0.0	-1.0	-0.0	-0.0	-0.0
YLR320W	-3.0	-2.0	-0.0	-0.0	-0.0	-0.0	-0.0	-0.0	-0.0	-0.0	-0.0	-0.0
YLR322W	-0.0	-2.0	-1.0	-0.0	-0.0	-0.0	-0.0	-0.0	-0.0	-0.0	-0.0	-0.0
YLR330W	-0.0	-0.0	-0.0	-0.0	-0.0	-0.0	-0.0	-0.0	-1.0	-0.0	-0.0	-0.0
YLR332W	-0.0	-0.0	-0.0	-0.0	-0.0	-0.0	-0.0	-0.0	-0.0	-0.0	-2.0	-0.0
YLR337C	-0.0	-2.0	-0.0	-2.0	-0.0	-0.0	-0.0	-0.0	-2.0	-1.0	-0.0	-0.0
YLR338W	-0.0	-1.0	-0.0	-2.0	-0.0	-0.0	-0.0	-0.0	-1.0	-1.0	-0.0	-0.0
YLR342W	-0.0	-0.0	-0.0	-0.0	-0.0	-3.0	-3.0	-0.0	-0.0	-0.0	-0.0	-0.0
YLR357W	-0.0	-0.0	-0.0	-0.0	-3.0	-0.0	-0.0	-0.0	-0.0	-0.0	-0.0	-0.0
YLR358C	-0.0	-0.0	-0.0	-1.0	-0.0	-0.0	-0.0	-0.0	-0.0	-0.0	-0.0	-0.0
YLR360W	-0.0	-0.0	-0.0	-0.0	-0.0	-0.0	-0.0	-0.0	-1.0	-0.0	-0.0	-0.0
YLR371W	-0.0	-0.0	-0.0	-0.0	-0.0	-0.0	-0.0	-0.0	-0.0	-0.0	-3.0	-0.0
YLR372W	-0.0	-0.0	-0.0	-0.0	-0.0	-0.0	-2.0	-0.0	-0.0	-1.0	-0.0	-0.0
YLR373C	-0.0	-0.0	-0.0	-0.0	-0.0	-0.0	-0.0	-1.0	-0.0	-0.0	-0.0	-0.0
YLR374C	-0.0	-0.0	-0.0	-0.0	-0.0	-0.0	-0.0	-1.0	-0.0	-0.0	-0.0	-0.0
YLR380W	-0.0	-0.0	-0.0	-0.0	-0.0	-0.0	-0.0	-0.0	-1.0	-0.0	-0.0	-0.0
YLR386W	-0.0	-0.0	-2.0	-2.0	-0.0	-0.0	-0.0	-0.0	-2.0	-0.0	-0.0	-0.0
YLR399C	-2.0	-2.0	-3.0	-0.0	-0.0	-0.0	-0.0	-0.0	-2.0	-0.0	-0.0	-0.0
YLR403W	-2.0	-2.0	-0.0	-1.0	-0.0	-0.0	-0.0	-0.0	-2.0	-0.0	-0.0	-0.0
YLR417W	-0.0	-0.0	-0.0	-2.0	-0.0	-0.0	-0.0	-3.0	-2.0	-0.0	-1.0	-0.0
YLR418C	-0.0	-0.0	-0.0	-1.0	-0.0	-0.0	-0.0	-0.0	-0.0	-0.0	-0.0	-0.0
YLR425W	-0.0	-0.0	-0.0	-0.0	-0.0	-0.0	-0.0	-0.0	-1.0	-0.0	-0.0	-0.0
YLR426W	-0.0	-0.0	-0.0	-0.0	-0.0	-0.0	-0.0	-0.0	-0.0	-0.0	-1.0	-0.0
YLR434C	-0.0	-0.0	-0.0	-1.0	-0.0	-0.0	-0.0	-0.0	-0.0	-0.0	-0.0	-0.0
YLR447C	-0.0	-2.0	-0.0	-0.0	-0.0	-3.0	-3.0	-0.0	-0.0	-1.0	-2.0	-0.0
YML001W	-0.0	-0.0	-0.0	-2.0	-0.0	-0.0	-0.0	-0.0	-2.0	-0.0	-0.0	-0.0
YML008C	-2.0	-1.0	-0.0	-0.0	-3.0	-0.0	-0.0	-0.0	-1.0	-2.0	-0.0	-3.0
YML012C-A	-0.0	-0.0	-0.0	-2.0	-0.0	-0.0	-0.0	-0.0	-1.0	-0.0	-0.0	-0.0
YML016C	-0.0	-0.0	-0.0	-3.0	-0.0	-0.0	-0.0	-0.0	-2.0	-0.0	-0.0	-0.0
YML022W	-0.0	-0.0	-0.0	-0.0	-0.0	-0.0	-0.0	-0.0	-1.0	-0.0	-0.0	-0.0
YML024W	-0.0	-0.0	-0.0	-0.0	-0.0	-0.0	-0.0	-0.0	-1.0	-0.0	-0.0	-0.0
YML032C	-3.0	-3.0	-0.0	-0.0	-0.0	-0.0	-0.0	-0.0	-1.0	-0.0	-0.0	-0.0
YML058W	-0.0	-1.0	-0.0	-0.0	-0.0	-0.0	-0.0	-0.0	-0.0	-0.0	-0.0	-0.0
YML062C	-0.0	-0.0	-0.0	-2.0	-0.0	-0.0	-0.0	-0.0	-2.0	-0.0	-0.0	-0.0
YML088W	-0.0	-0.0	-0.0	-0.0	-0.0	-0.0	-0.0	-0.0	-0.0	-0.0	-2.0	-0.0
YML094C-A	-0.0	-0.0	-3.0	-1.0	-0.0	-0.0	-0.0	-0.0	-2.0	-0.0	-0.0	-3.0
YML094W	-0.0	-0.0	-3.0	-0.0	-0.0	-0.0	-0.0	-0.0	-0.0	-0.0	-0.0	-2.0
YML097C	-0.0	-0.0	-0.0	-0.0	-0.0	-0.0	-0.0	-0.0	-1.0	-0.0	-0.0	-0.0
YML103C	-0.0	-0.0	-0.0	-0.0	-3.0	-0.0	-0.0	-0.0	-0.0	-0.0	-0.0	-0.0
YML106W	-0.0	-0.0	-0.0	-0.0	-0.0	-0.0	-0.0	-0.0	-2.0	-0.0	-0.0	-0.0
YML117W	-0.0	-0.0	-0.0	-0.0	-0.0	-0.0	-0.0	-0.0	-0.0	-0.0	-1.0	-0.0
YML121W	-0.0	-0.0	-0.0	-3.0	-0.0	-0.0	-0.0	-0.0	-3.0	-0.0	-0.0	-2.0
YML124C	-0.0	-0.0	-2.0	-0.0	-0.0	-0.0	-0.0	-0.0	-0.0	-0.0	-0.0	-0.0
YMR007W	-0.0	-0.0	-0.0	-0.0	-0.0	-0.0	-0.0	-0.0	-0.0	-0.0	-2.0	-0.0
YMR014W	-0.0	-0.0	-1.0	-0.0	-0.0	-0.0	-0.0	-0.0	-0.0	-0.0	-0.0	-0.0
YMR015C	-0.0	-0.0	-0.0	-0.0	-0.0	-0.0	-0.0	-1.0	-1.0	-0.0	-0.0	-0.0
YMR031W-A	-0.0	-0.0	-2.0	-0.0	-0.0	-0.0	-0.0	-0.0	-0.0	-0.0	-0.0	-0.0
YMR032W	-2.0	-2.0	-1.0	-0.0	-0.0	-0.0	-0.0	-0.0	-2.0	-0.0	-3.0	-0.0
YMR038C	-0.0	-1.0	-0.0	-0.0	-0.0	-0.0	-0.0	-0.0	-0.0	-0.0	-2.0	-0.0
YMR042W	-0.0	-0.0	-0.0	-0.0	-0.0	-0.0	-0.0	-0.0	-1.0	-0.0	-0.0	-0.0
YMR048W	-1.0	-0.0	-0.0	-0.0	-0.0	-0.0	-0.0	-0.0	-0.0	-0.0	-0.0	-0.0
YMR060C	-0.0	-0.0	-0.0	-0.0	-0.0	-0.0	-0.0	-0.0	-0.0	-2.0	-0.0	-0.0
YMR063W	-0.0	-0.0	-0.0	-0.0	-0.0	-0.0	-0.0	-1.0	-0.0	-0.0	-1.0	-0.0
YMR073C	-0.0	-0.0	-0.0	-0.0	-0.0	-0.0	-0.0	-0.0	-0.0	-0.0	-2.0	-0.0
YMR091C	-0.0	-0.0	-3.0	-0.0	-0.0	-0.0	-0.0	-0.0	-0.0	-0.0	-0.0	-0.0
YMR116C	-0.0	-0.0	-0.0	-0.0	-3.0	-0.0	-0.0	-0.0	-0.0	-0.0	-0.0	-0.0
YMR123W	-0.0	-0.0	-0.0	-0.0	-2.0	-0.0	-0.0	-1.0	-0.0	-0.0	-0.0	-0.0
YMR138W	-0.0	-0.0	-2.0	-0.0	-0.0	-0.0	-0.0	-0.0	-0.0	-0.0	-0.0	-0.0
YMR142C	-0.0	-0.0	-0.0	-1.0	-0.0	-0.0	-0.0	-0.0	-0.0	-0.0	-2.0	-0.0
YMR143W	-0.0	-0.0	-0.0	-0.0	-0.0	-0.0	-0.0	-0.0	-1.0	-0.0	-0.0	-0.0
YMR145C	-0.0	-0.0	-0.0	-2.0	-0.0	-0.0	-0.0	-2.0	-0.0	-1.0	-0.0	-2.0
YMR152W	-0.0	-0.0	-0.0	-0.0	-0.0	-0.0	-0.0	-0.0	-1.0	-0.0	-0.0	-0.0
YMR154C	-0.0	-0.0	-0.0	-0.0	-0.0	-0.0	-0.0	-1.0	-0.0	-0.0	-0.0	-0.0
YMR164C	-0.0	-0.0	-0.0	-0.0	-0.0	-0.0	-0.0	-0.0	-1.0	-0.0	-0.0	-0.0
YMR166C	-1.0	-1.0	-0.0	-0.0	-2.0	-0.0	-0.0	-0.0	-2.0	-0.0	-0.0	-0.0
YMR167W	-0.0	-0.0	-0.0	-0.0	-0.0	-0.0	-0.0	-0.0	-1.0	-0.0	-0.0	-0.0
YMR186W	-0.0	-0.0	-0.0	-0.0	-0.0	-0.0	-0.0	-1.0	-0.0	-0.0	-0.0	-0.0
YMR189W	-0.0	-0.0	-0.0	-0.0	-0.0	-0.0	-0.0	-0.0	-1.0	-0.0	-0.0	-0.0
YMR190C	-2.0	-2.0	-0.0	-0.0	-0.0	-0.0	-0.0	-0.0	-0.0	-0.0	-0.0	-0.0
YMR191W	-0.0	-0.0	-0.0	-0.0	-0.0	-0.0	-0.0	-0.0	-1.0	-0.0	-0.0	-0.0
YMR198W	-0.0	-2.0	-0.0	-0.0	-0.0	-0.0	-0.0	-0.0	-0.0	-0.0	-0.0	-0.0
YMR202W	-0.0	-0.0	-0.0	-0.0	-3.0	-0.0	-0.0	-0.0	-1.0	-0.0	-1.0	-3.0
YMR205C	-0.0	-0.0	-0.0	-0.0	-0.0	-0.0	-0.0	-0.0	-0.0	-0.0	-2.0	-0.0
YMR224C	-3.0	-3.0	-0.0	-0.0	-0.0	-0.0	-0.0	-0.0	-0.0	-0.0	-0.0	-0.0
YMR263W	-0.0	-0.0	-0.0	-0.0	-3.0	-0.0	-0.0	-0.0	-0.0	-1.0	-0.0	-0.0
YMR272C	-1.0	-1.0	-0.0	-0.0	-3.0	-0.0	-0.0	-0.0	-0.0	-0.0	-1.0	-0.0
YMR293C	-0.0	-0.0	-0.0	-0.0	-0.0	-0.0	-0.0	-0.0	-0.0	-2.0	-0.0	-0.0
YMR294W	-0.0	-0.0	-1.0	-0.0	-0.0	-0.0	-0.0	-0.0	-0.0	-0.0	-0.0	-0.0
YMR304W	-0.0	-0.0	-0.0	-0.0	-0.0	-0.0	-0.0	-0.0	-1.0	-0.0	-0.0	-0.0
YMR307W	-0.0	-0.0	-0.0	-0.0	-0.0	-2.0	-2.0	-0.0	-0.0	-0.0	-0.0	-0.0
YMR322C	-0.0	-0.0	-0.0	-0.0	-0.0	-0.0	-0.0	-0.0	-1.0	-0.0	-0.0	-0.0
YNL005C	-0.0	-0.0	-0.0	-0.0	-0.0	-0.0	-0.0	-0.0	-0.0	-0.0	-3.0	-0.0
YNL015W	-0.0	-0.0	-0.0	-0.0	-0.0	-0.0	-0.0	-0.0	-0.0	-0.0	-1.0	-0.0
YNL021W	-0.0	-0.0	-0.0	-0.0	-0.0	-0.0	-0.0	-1.0	-0.0	-0.0	-0.0	-0.0
YNL032W	-0.0	-0.0	-0.0	-2.0	-0.0	-0.0	-0.0	-0.0	-0.0	-0.0	-0.0	-0.0
YNL056W	-0.0	-0.0	-0.0	-1.0	-0.0	-0.0	-0.0	-0.0	-0.0	-0.0	-0.0	-1.0
YNL064C	-0.0	-0.0	-1.0	-2.0	-0.0	-0.0	-0.0	-3.0	-2.0	-0.0	-0.0	-3.0
YNL067W	-0.0	-0.0	-0.0	-0.0	-0.0	-0.0	-0.0	-0.0	-2.0	-0.0	-0.0	-0.0
YNL081C	-0.0	-0.0	-0.0	-0.0	-0.0	-0.0	-0.0	-0.0	-1.0	-0.0	-1.0	-0.0
YNL097C	-0.0	-0.0	-0.0	-0.0	-3.0	-0.0	-0.0	-0.0	-0.0	-0.0	-0.0	-0.0
YNL099C	-0.0	-0.0	-0.0	-2.0	-0.0	-0.0	-0.0	-0.0	-0.0	-0.0	-0.0	-0.0
YNL105W	-0.0	-0.0	-0.0	-0.0	-0.0	-0.0	-0.0	-0.0	-1.0	-0.0	-0.0	-0.0
YNL106C	-0.0	-0.0	-2.0	-0.0	-0.0	-0.0	-0.0	-0.0	-0.0	-0.0	-0.0	-0.0
YNL119W	-0.0	-0.0	-0.0	-0.0	-0.0	-0.0	-0.0	-0.0	-2.0	-0.0	-0.0	-0.0
YNL125C	-0.0	-0.0	-1.0	-0.0	-0.0	-0.0	-0.0	-0.0	-0.0	-0.0	-0.0	-0.0
YNL133C	-0.0	-1.5	-1.5	-1.0	-0.0	-0.0	-0.0	-0.0	-0.0	-1.0	-0.0	-0.0
YNL134C	-0.0	-0.0	-0.0	-0.0	-0.0	-0.0	-0.0	-0.0	-1.0	-0.0	-0.0	-0.0
YNL138W	-0.0	-0.0	-1.0	-0.0	-0.0	-0.0	-0.0	-0.0	-0.0	-0.0	-0.0	-0.0
YNL139C	-1.0	-1.0	-0.0	-0.0	-0.0	-0.0	-0.0	-0.0	-0.0	-0.0	-0.0	-0.0
YNL153C	-0.0	-0.0	-3.0	-0.0	-0.0	-0.0	-0.0	-0.0	-0.0	-0.0	-0.0	-0.0
YNL154C	-0.0	-0.0	-0.0	-0.0	-0.0	-0.0	-0.0	-0.0	-1.0	-0.0	-0.0	-0.0
YNL159C	-0.0	-0.0	-0.0	-0.0	-0.0	-0.0	-0.0	-0.0	-1.0	-0.0	-0.0	-0.0
YNL162W	-0.0	-0.0	-0.0	-0.0	-3.0	-0.0	-0.0	-0.0	-0.0	-1.0	-0.0	-0.0
YNL175C	-0.0	-0.0	-1.0	-0.0	-0.0	-0.0	-0.0	-0.0	-0.0	-0.0	-0.0	-0.0
YNL197C	-0.0	-0.0	-0.0	-1.0	-0.0	-0.0	-0.0	-0.0	-2.0	-0.0	-0.0	-0.0
YNL199C	-0.0	-0.0	-0.0	-2.0	-0.0	-0.0	-0.0	-0.0	-0.0	-0.0	-0.0	-0.0
YNL208W	-0.0	-0.0	-0.0	-0.0	-0.0	-0.0	-0.0	-0.0	-1.0	-0.0	-0.0	-0.0
YNL215W	-0.0	-0.0	-0.0	-0.0	-0.0	-0.0	-0.0	-0.0	-0.0	-0.0	-1.0	-0.0
YNL225C	-0.0	-0.0	-0.0	-0.0	-0.0	-0.0	-0.0	-0.0	-1.0	-0.0	-0.0	-0.0
YNL229C	-0.0	-0.0	-0.0	-1.0	-0.0	-0.0	-0.0	-1.0	-0.0	-2.0	-0.0	-1.0
YNL231C	-0.0	-0.0	-0.0	-0.0	-0.0	-0.0	-0.0	-2.0	-0.0	-0.0	-0.0	-0.0
YNL235C	-0.0	-0.0	-0.0	-0.0	-0.0	-0.0	-0.0	-2.0	-0.0	-0.0	-0.0	-0.0
YNL236W	-0.0	-0.0	-0.0	-0.0	-0.0	-0.0	-0.0	-0.0	-0.0	-1.0	-0.0	-0.0
YNL238W	-0.0	-0.0	-0.0	-0.0	-0.0	-2.0	-2.0	-3.0	-2.0	-1.0	-0.0	-0.0
YNL248C	-0.0	-0.0	-0.0	-1.0	-0.0	-0.0	-0.0	-0.0	-0.0	-0.0	-0.0	-0.0
YNL250W	-3.0	-3.0	-0.0	-0.0	-0.0	-0.0	-0.0	-0.0	-0.0	-0.0	-0.0	-0.0
YNL273W	-1.0	-0.0	-0.0	-0.0	-0.0	-0.0	-0.0	-0.0	-0.0	-0.0	-0.0	-0.0
YNL281W	-0.0	-0.0	-0.0	-0.0	-0.0	-0.0	-0.0	-0.0	-1.0	-0.0	-0.0	-0.0
YNL288W	-0.0	-0.0	-0.0	-1.0	-0.0	-0.0	-0.0	-0.0	-0.0	-0.0	-0.0	-0.0
YNL291C	-0.0	-0.0	-0.0	-0.0	-0.0	-0.0	-0.0	-0.0	-1.0	-0.0	-1.0	-0.0
YNL294C	-0.0	-0.0	-0.0	-0.0	-0.0	-0.0	-0.0	-2.0	-0.0	-0.0	-0.0	-0.0
YNL296W	-0.0	-0.0	-0.0	-0.0	-0.0	-0.0	-0.0	-0.0	-1.0	-0.0	-0.0	-1.0
YNL298W	-0.0	-0.0	-0.0	-0.0	-3.0	-0.0	-0.0	-0.0	-1.0	-0.0	-0.0	-0.0
YNL299W	-0.0	-0.0	-0.0	-0.0	-0.0	-0.0	-0.0	-0.0	-1.0	-0.0	-0.0	-0.0
YNL304W	-0.0	-0.0	-0.0	-0.0	-0.0	-0.0	-0.0	-0.0	-0.0	-0.0	-1.0	-0.0
YNL322C	-0.0	-0.0	-0.0	-0.0	-0.0	-1.0	-1.0	-0.0	-0.0	-0.0	-1.0	-0.0
YNL323W	-0.0	-0.0	-0.0	-0.0	-0.0	-0.0	-0.0	-0.0	-1.0	-2.0	-0.0	-2.0
YNL325C	-0.0	-0.0	-0.0	-0.0	-3.0	-0.0	-0.0	-0.0	-1.0	-0.0	-0.0	-0.0
YNR006W	-0.0	-0.0	-0.0	-1.0	-0.0	-0.0	-0.0	-0.0	-0.0	-0.0	-0.0	-0.0
YNR025C	-0.0	-0.0	-0.0	-0.0	-0.0	-0.0	-0.0	-0.0	-1.0	-0.0	-0.0	-0.0
YNR049C	-0.0	-0.0	-0.0	-0.0	-0.0	-0.0	-0.0	-0.0	-1.0	-0.0	-0.0	-0.0
YNR051C	-0.0	-0.0	-0.0	-2.0	-0.0	-0.0	-0.0	-0.0	-0.0	-0.0	-0.0	-0.0
YNR052C	-2.0	-2.0	-3.0	-3.0	-0.0	-0.0	-0.0	-0.0	-0.0	-0.0	-0.0	-0.0
YOL001W	-0.0	-1.0	-0.0	-0.0	-0.0	-0.0	-0.0	-0.0	-2.0	-0.0	-0.0	-0.0
YOL004W	-0.0	-0.0	-0.0	-1.0	-3.0	-0.0	-0.0	-0.0	-0.0	-0.0	-0.0	-1.0
YOL006C	-0.0	-0.0	-0.0	-0.0	-0.0	-0.0	-0.0	-0.0	-0.0	-2.0	-0.0	-0.0
YOL018C	-0.0	-0.0	-0.0	-0.0	-0.0	-0.0	-0.0	-0.0	-0.0	-0.0	-0.0	-1.0
YOL050C	-0.0	-0.0	-0.0	-0.0	-0.0	-0.0	-0.0	-3.0	-0.0	-0.0	-0.0	-1.0
YOL051W	-2.0	-2.0	-0.0	-0.0	-3.0	-0.0	-0.0	-3.0	-0.0	-2.0	-2.0	-2.0
YOL072W	-0.0	-0.0	-0.0	-1.0	-0.0	-3.0	-3.0	-0.0	-0.0	-0.0	-0.0	-0.0
YOL076W	-1.0	-2.0	-0.0	-3.0	-0.0	-0.0	-0.0	-0.0	-2.0	-0.0	-0.0	-0.0
YOL086C	-1.0	-1.0	-0.0	-0.0	-0.0	-0.0	-0.0	-0.0	-1.0	-0.0	-0.0	-0.0
YOL093W	-0.0	-0.0	-0.0	-0.0	-0.0	-0.0	-0.0	-0.0	-0.0	-0.0	-1.0	-0.0
YOL148C	-3.0	-1.0	-0.0	-0.0	-0.0	-0.0	-0.0	-3.0	-0.0	-3.0	-2.0	-3.0
YOR008C	-0.0	-0.0	-0.0	-0.0	-0.0	-0.0	-0.0	-0.0	-0.0	-0.0	-3.0	-2.0
YOR026W	-0.0	-0.0	-3.0	-0.0	-0.0	-0.0	-0.0	-0.0	-0.0	-0.0	-0.0	-0.0
YOR035C	-0.0	-0.0	-0.0	-3.0	-0.0	-0.0	-0.0	-3.0	-2.0	-0.0	-0.0	-3.0
YOR036W	-0.0	-1.0	-0.0	-2.0	-0.0	-0.0	-0.0	-0.0	-2.0	-0.0	-0.0	-0.0
YOR068C	-0.0	-0.0	-0.0	-0.0	-0.0	-0.0	-0.0	-0.0	-1.0	-0.0	-0.0	-0.0
YOR069W	-0.0	-0.0	-0.0	-2.0	-0.0	-0.0	-0.0	-0.0	-1.0	-0.0	-0.0	-0.0
YOR070C	-0.0	-0.0	-0.0	-0.0	-0.0	-0.0	-0.0	-0.0	-1.0	-0.0	-0.0	-0.0
YOR073W	-0.0	-1.0	-3.0	-0.0	-0.0	-0.0	-0.0	-0.0	-0.0	-0.0	-0.0	-2.0
YOR080W	-0.0	-0.0	-0.0	-0.0	-0.0	-0.0	-0.0	-0.0	-2.0	-0.0	-0.0	-0.0
YOR089C	-0.0	-0.0	-0.0	-0.0	-0.0	-0.0	-0.0	-1.0	-0.0	-0.0	-0.0	-0.0
YOR106W	-0.0	-0.0	-0.0	-2.0	-0.0	-0.0	-0.0	-0.0	-2.0	-0.0	-0.0	-0.0
YOR109W	-0.0	-0.0	-0.0	-0.0	-0.0	-0.0	-0.0	-0.0	-1.0	-0.0	-0.0	-0.0
YOR124C	-0.0	-0.0	-0.0	-0.0	-0.0	-0.0	-0.0	-0.0	-1.0	-0.0	-0.0	-0.0
YOR132W	-0.0	-0.0	-0.0	-1.0	-0.0	-0.0	-0.0	-0.0	-0.0	-0.0	-0.0	-0.0
YOR135C	-0.0	-0.0	-0.0	-0.0	-0.0	-0.0	-0.0	-1.0	-0.0	-0.0	-0.0	-0.0
YOR139C	-0.0	-0.0	-0.0	-0.0	-0.0	-0.0	-0.0	-0.0	-0.0	-0.0	-0.0	-1.0
YOR141C	-0.0	-0.0	-2.0	-0.0	-0.0	-0.0	-0.0	-0.0	-0.0	-0.0	-1.0	-0.0
YOR153W	-0.0	-0.0	-0.0	-0.0	-3.0	-0.0	-0.0	-3.0	-0.0	-0.0	-0.0	-3.0
YOR171C	-0.0	-0.0	-0.0	-0.0	-0.0	-0.0	-0.0	-0.0	-1.0	-0.0	-0.0	-0.0
YOR184W	-0.0	-0.0	-0.0	-0.0	-0.0	-0.0	-0.0	-0.0	-3.0	-0.0	-0.0	-0.0
YOR198C	-0.0	-0.0	-0.0	-1.0	-0.0	-0.0	-0.0	-0.0	-2.0	-1.0	-0.0	-0.0
YOR199W	-0.0	-0.0	-0.0	-0.0	-0.0	-0.0	-0.0	-0.0	-0.0	-2.0	-3.0	-0.0
YOR201C	-0.0	-0.0	-0.0	-0.0	-0.0	-0.0	-0.0	-0.0	-0.0	-1.0	-0.0	-0.0
YOR221C	-0.0	-0.0	-0.0	-0.0	-0.0	-0.0	-0.0	-0.0	-1.0	-0.0	-0.0	-0.0
YOR241W	-0.0	-0.0	-0.0	-0.0	-0.0	-0.0	-0.0	-0.0	-2.0	-0.0	-0.0	-0.0
YOR242C	-0.0	-0.0	-0.0	-0.0	-0.0	-0.0	-0.0	-0.0	-0.0	-0.0	-3.0	-0.0
YOR246C	-0.0	-0.0	-0.0	-0.0	-0.0	-0.0	-0.0	-0.0	-0.0	-0.0	-3.0	-0.0
YOR270C	-0.0	-0.0	-0.0	-0.0	-0.0	-0.0	-0.0	-0.0	-2.0	-0.0	-0.0	-2.0
YOR275C	-0.0	-0.0	-0.0	-0.0	-0.0	-0.0	-0.0	-1.0	-0.0	-0.0	-0.0	-0.0
YOR289W	-0.0	-0.0	-0.0	-0.0	-0.0	-0.0	-0.0	-0.0	-1.0	-0.0	-0.0	-0.0
YOR290C	-0.0	-2.0	-0.0	-0.0	-0.0	-0.0	-0.0	-0.0	-0.0	-3.0	-2.0	-0.0
YOR292C	-0.0	-0.0	-0.0	-0.0	-0.0	-0.0	-0.0	-0.0	-1.0	-0.0	-0.0	-0.0
YOR293W	-0.0	-0.0	-0.0	-0.0	-0.0	-0.0	-0.0	-0.0	-1.0	-0.0	-0.0	-0.0
YOR295W	-0.0	-0.0	-0.0	-1.0	-0.0	-0.0	-0.0	-0.0	-0.0	-0.0	-0.0	-0.0
YOR297C	-0.0	-0.0	-0.0	-2.0	-0.0	-0.0	-0.0	-0.0	-0.0	-0.0	-0.0	-0.0
YOR298C-A	-0.0	-0.0	-0.0	-0.0	-3.0	-0.0	-0.0	-0.0	-0.0	-0.0	-0.0	-0.0
YOR306C	-0.0	-0.0	-0.0	-2.0	-0.0	-0.0	-0.0	-0.0	-2.0	-0.0	-2.0	-0.0
YOR309C	-0.0	-0.0	-0.0	-0.0	-0.0	-0.0	-0.0	-0.0	-2.0	-0.0	-0.0	-0.0
YOR312C	-0.0	-0.0	-0.0	-1.0	-2.0	-0.0	-0.0	-0.0	-1.0	-1.0	-0.0	-0.0
YOR320C	-0.0	-0.0	-0.0	-0.0	-0.0	-0.0	-0.0	-0.0	-1.0	-0.0	-0.0	-0.0
YOR321W	-0.0	-0.0	-0.0	-1.0	-0.0	-0.0	-0.0	-0.0	-0.0	-0.0	-0.0	-0.0
YOR322C	-0.0	-0.0	-0.0	-2.0	-0.0	-0.0	-0.0	-0.0	-1.0	-2.0	-0.0	-0.0
YOR323C	-0.0	-2.0	-0.0	-0.0	-0.0	-0.0	-0.0	-0.0	-0.0	-0.0	-0.0	-0.0
YOR327C	-0.0	-0.0	-0.0	-0.0	-0.0	-0.0	-0.0	-1.0	-2.0	-0.0	-0.0	-0.0
YOR332W	-0.0	-0.0	-0.0	-1.0	-0.0	-2.0	-3.0	-0.0	-2.0	-2.0	-3.0	-2.0
YOR343C	-0.0	-0.0	-0.0	-0.0	-0.0	-0.0	-0.0	-0.0	-1.0	-0.0	-0.0	-0.0
YOR349W	-0.0	-0.0	-1.0	-0.0	-0.0	-0.0	-0.0	-0.0	-0.0	-0.0	-0.0	-0.0
YOR359W	-0.0	-0.0	-0.0	-0.0	-0.0	-0.0	-0.0	-0.0	-0.0	-0.0	-1.0	-0.0
YOR368W	-2.0	-1.0	-0.0	-0.0	-0.0	-0.0	-0.0	-0.0	-0.0	-0.0	-0.0	-0.0
YPL002C	-0.0	-0.0	-0.0	-2.0	-0.0	-0.0	-0.0	-0.0	-0.0	-1.0	-1.0	-0.0
YPL008W	-0.0	-1.0	-0.0	-0.0	-0.0	-0.0	-0.0	-0.0	-0.0	-0.0	-0.0	-0.0
YPL045W	-0.0	-0.0	-0.0	-3.0	-0.0	-2.0	-2.0	-0.0	-3.0	-0.0	-0.0	-3.0
YPL058C	-0.0	-0.0	-0.0	-1.0	-0.0	-0.0	-0.0	-0.0	-0.0	-0.0	-0.0	-0.0
YPL065W	-0.0	-0.0	-0.0	-2.0	-0.0	-0.0	-0.0	-0.0	-0.0	-0.0	-0.0	-0.0
YPL069C	-0.0	-0.0	-0.0	-0.0	-0.0	-2.0	-2.0	-0.0	-0.0	-0.0	-0.0	-0.0
YPL077C	-0.0	-0.0	-1.0	-0.0	-0.0	-0.0	-0.0	-0.0	-0.0	-0.0	-0.0	-0.0
YPL079W	-0.0	-0.0	-0.0	-1.0	-0.0	-0.0	-0.0	-0.0	-0.0	-0.0	-0.0	-0.0
YPL084W	-0.0	-0.0	-0.0	-0.0	-2.0	-0.0	-0.0	-0.0	-0.0	-0.0	-0.0	-0.0
YPL089C	-0.0	-0.0	-0.0	-0.0	-0.0	-0.0	-0.0	-0.0	-0.0	-0.0	-1.0	-0.0
YPL120W	-0.0	-0.0	-0.0	-0.0	-0.0	-0.0	-0.0	-0.0	-1.0	-0.0	-0.0	-0.0
YPL144W	-0.0	-0.0	-0.0	-0.0	-0.0	-0.0	-0.0	-0.0	-1.0	-0.0	-0.0	-0.0
YPL165C	-0.0	-0.0	-3.0	-0.0	-0.0	-0.0	-0.0	-0.0	-0.0	-0.0	-0.0	-0.0
YPL170W	-0.0	-0.0	-0.0	-0.0	-0.0	-0.0	-0.0	-2.0	-0.0	-0.0	-0.0	-0.0
YPL172C	-0.0	-0.0	-0.0	-0.0	-0.0	-0.0	-0.0	-0.0	-0.0	-1.0	-0.0	-0.0
YPL174C	-0.0	-0.0	-0.0	-0.0	-0.0	-0.0	-0.0	-0.0	-0.0	-2.0	-0.0	-0.0
YPL180W	-0.0	-0.0	-0.0	-1.0	-0.0	-0.0	-0.0	-0.0	-3.0	-0.0	-0.0	-0.0
YPL188W	-0.0	-0.0	-0.0	-0.0	-0.0	-0.0	-0.0	-0.0	-1.0	-0.0	-0.0	-1.0
YPL189W	-0.0	-0.0	-1.0	-0.0	-0.0	-0.0	-0.0	-0.0	-0.0	-0.0	-0.0	-0.0
YPL194W	-3.0	-1.0	-0.0	-0.0	-0.0	-0.0	-0.0	-0.0	-0.0	-0.0	-0.0	-0.0
YPL213W	-0.0	-0.0	-1.0	-0.0	-0.0	-0.0	-0.0	-0.0	-0.0	-0.0	-0.0	-2.0
YPL234C	-0.0	-0.0	-0.0	-0.0	-0.0	-2.0	-3.0	-3.0	-2.0	-0.0	-3.0	-2.0
YPL236C	-0.0	-0.0	-0.0	-0.0	-0.0	-0.0	-0.0	-0.0	-1.0	-0.0	-0.0	-0.0
YPL241C	-0.0	-0.0	-3.0	-0.0	-0.0	-0.0	-0.0	-0.0	-0.0	-0.0	-0.0	-0.0
YPL259C	-0.0	-0.0	-0.0	-0.0	-0.0	-0.0	-0.0	-0.0	-1.0	-0.0	-0.0	-0.0
YPL262W	-0.0	-0.0	-0.0	-0.0	-0.0	-0.0	-0.0	-0.0	-1.0	-0.0	-0.0	-1.0
YPL268W	-0.0	-0.0	-0.0	-3.0	-0.0	-0.0	-0.0	-0.0	-0.0	-0.0	-0.0	-0.0
YPL271W	-0.0	-0.0	-0.0	-0.0	-0.0	-0.0	-0.0	-0.0	-2.0	-0.0	-0.0	-0.0
YPR007C	-0.0	-0.0	-0.0	-0.0	-0.0	-0.0	-0.0	-0.0	-1.0	-0.0	-0.0	-0.0
YPR013C	-0.0	-0.0	-0.0	-0.0	-0.0	-0.0	-0.0	-0.0	-1.0	-0.0	-0.0	-0.0
YPR031W	-0.0	-0.0	-0.0	-2.0	-0.0	-0.0	-0.0	-0.0	-0.0	-0.0	-0.0	-0.0
YPR032W	-0.0	-0.0	-0.0	-0.0	-0.0	-0.0	-0.0	-0.0	-1.0	-0.0	-0.0	-1.0
YPR036W	-0.0	-0.0	-0.0	-0.0	-0.0	-3.0	-3.0	-1.0	-0.0	-2.0	-3.0	-0.0
YPR049C	-0.0	-0.0	-2.0	-2.0	-0.0	-0.0	-0.0	-0.0	-0.0	-2.0	-0.0	-0.0
YPR057W	-0.0	-0.0	-0.0	-0.0	-0.0	-0.0	-0.0	-0.0	-1.0	-0.0	-0.0	-2.0
YPR084W	-0.0	-0.0	-0.0	-0.0	-0.0	-0.0	-0.0	-0.0	-2.0	-0.0	-0.0	-0.0
YPR101W	-0.0	-0.0	-2.0	-0.0	-0.0	-0.0	-0.0	-0.0	-0.0	-0.0	-0.0	-0.0
YPR131C	-2.0	-1.0	-0.0	-2.0	-0.0	-0.0	-0.0	-0.0	-0.0	-0.0	-0.0	-0.0
YPR135W	-3.0	-2.0	-0.0	-0.0	-0.0	-0.0	-0.0	-0.0	-0.0	-0.0	-0.0	-0.0
YPR141C	-0.0	-1.0	-0.0	-0.0	-0.0	-0.0	-0.0	-0.0	-0.0	-0.0	-0.0	-0.0
YPR159W	-0.0	-0.0	-0.0	-1.0	-0.0	-0.0	-0.0	-0.0	-0.0	-0.0	-0.0	-0.0
YPR160W	-0.0	-0.0	-0.0	-2.0	-0.0	-0.0	-0.0	-2.0	-1.0	-0.0	-1.0	-0.0
YPR163C	-1.0	-2.0	-0.0	-3.0	-0.0	-0.0	-0.0	-0.0	-3.0	-0.0	-0.0	-0.0
YPR164W	-3.0	-2.0	-0.0	-0.0	-0.0	-0.0	-0.0	-0.0	-0.0	-0.0	-0.0	-0.0
YPR170C	-0.0	-0.0	-0.0	-0.0	-0.0	-0.0	-0.0	-0.0	-0.0	-0.0	-1.0	-0.0
YPR173C	-0.0	-0.0	-0.0	-1.0	-0.0	-0.0	-0.0	-0.0	-1.0	-0.0	-0.0	-0.0
YPR188C	-0.0	-0.0	-0.0	-0.0	-0.0	-0.0	-0.0	-0.0	-1.0	-0.0	-0.0	-0.0
YPR194C	-0.0	-0.0	-0.0	-1.0	-0.0	-0.0	-0.0	-0.0	-2.0	-0.0	-0.0	-0.0
