orf	hap a | growth (CFU) | temperature [30ºC - 62ºC], time [20 min] | YPD | Teng X~Hardwick JM, 2011
0	0.0
1	0.5
2	0.5
3	0.5
4	0.5
5	0.5
6	0.75
7	1.0
8	1.0
9	1.0
10	1.0
11	1.25
12	1.25
13	1.25
14	1.25
15	1.25
16	1.5
17	1.5
18	1.5
19	1.5
20	1.75
21	1.75
22	1.75
23	1.75
24	1.75
25	2.0
26	2.0
27	2.0
28	2.0
29	2.125
30	2.25
31	2.25
32	2.25
33	2.25
34	2.25
35	2.25
36	2.25
37	2.25
38	2.25
39	2.5
40	2.5
41	2.5
42	2.5
43	2.5
44	2.5
45	2.5
46	2.5
47	2.5
48	2.625
49	2.625
50	2.75
51	2.75
52	2.75
53	2.75
54	2.75
55	2.75
56	2.75
57	3.25
58	3.25
59	3.25
60	3.25
61	3.25
62	3.25
63	3.25
64	3.25
65	3.25
66	3.25
67	3.25
68	3.25
69	3.375
70	3.5
71	3.5
72	3.5
73	3.5
74	3.5
75	3.5
76	3.5
77	3.5
78	3.5
79	3.625
80	3.75
81	3.75
82	3.75
83	3.75
84	3.75
85	3.75
86	3.75
87	3.75
88	3.75
89	3.75
90	3.75
91	3.75
92	3.75
93	3.875
94	3.875
95	4.0
96	4.0
97	4.0
98	4.0
99	4.0
100	4.125
101	4.142857142857143
102	4.25
103	4.25
104	4.25
105	4.25
106	4.375
107	4.5
108	4.5
109	4.5
110	4.5
111	4.5
112	4.5
113	4.75
114	4.75
115	4.75
116	4.75
117	4.75
118	4.875
119	5.0
120	5.0
121	5.0
122	5.0
123	5.0
124	5.0
125	5.0
126	5.0
127	5.0
128	5.0
129	5.0
130	5.0
131	5.0
132	5.0
133	5.0
134	5.0
135	5.0
136	5.125
137	5.125
138	5.25
139	5.25
140	5.25
141	5.25
142	5.25
143	5.25
144	5.25
145	5.375
146	5.5
147	5.5
148	5.5
149	5.5
150	5.625
151	5.75
152	5.75
153	5.75
154	5.75
155	5.75
156	5.875
157	6.0
158	6.0
159	6.0
160	6.0
161	6.0
162	6.0
163	6.0
164	6.0
165	6.125
166	6.125
167	6.25
168	6.25
169	6.25
170	6.25
171	6.25
172	6.25
173	6.25
174	6.25
175	6.25
176	6.25
177	6.25
178	6.25
179	6.25
180	6.375
181	6.375
182	6.5
183	6.5
184	6.5
185	6.5
186	6.5
187	6.6
188	6.625
189	6.75
190	6.875
191	7.0
192	7.0
193	7.0
194	7.0
195	7.0
196	7.0
197	7.0
198	7.0
199	7.125
200	7.25
201	7.25
202	7.25
203	7.25
204	7.25
205	7.25
206	7.25
207	7.25
208	7.5
209	7.5
210	7.5
211	7.5
212	7.5
213	7.5
214	7.5
215	7.5
216	7.5
217	7.5
218	7.625
219	7.75
220	8.0
221	8.0
222	8.25
223	8.25
224	8.25
225	8.25
226	8.375
227	8.375
228	8.375
229	8.428571428571429
230	8.5
231	8.5
232	8.5
233	8.571428571428571
234	8.75
235	8.75
236	8.75
237	8.75
238	8.75
239	8.75
240	8.75
241	8.75
242	8.75
243	8.75
244	8.75
245	8.75
246	8.875
247	9.0
248	9.0
249	9.0
250	9.0
251	9.125
252	9.125
253	9.25
254	9.25
255	9.25
256	9.25
257	9.375
258	9.5
259	9.5
260	9.5
261	9.5
262	9.5
263	9.5
264	9.75
265	9.875
266	10.0
267	10.0
268	10.0
269	10.0
270	10.0
271	10.0
272	10.0
273	10.0
274	10.0
275	10.0
276	10.25
277	10.25
278	10.375
279	10.5
280	10.5
281	10.5
282	10.5
283	10.5
284	10.5
285	10.75
286	10.75
287	10.75
288	10.75
289	10.875
290	10.875
291	11.0
292	11.0
293	11.0
294	11.125
295	11.25
296	11.25
297	11.25
298	11.25
299	11.25
300	11.25
301	11.25
302	11.25
303	11.25
304	11.5
305	11.75
306	11.75
307	11.75
308	11.75
309	11.857142857142858
310	11.875
311	12.0
312	12.0
313	12.0
314	12.125
315	12.125
316	12.125
317	12.25
318	12.25
319	12.25
320	12.5
321	12.5
322	12.5
323	12.5
324	12.5
325	12.5
326	12.75
327	12.75
328	12.75
329	12.75
330	13.0
331	13.0
332	13.0
333	13.0
334	13.125
335	13.125
336	13.25
337	13.25
338	13.25
339	13.375
340	13.375
341	13.428571428571429
342	13.5
343	13.625
344	13.625
345	13.625
346	13.625
347	13.75
348	13.75
349	13.75
350	13.75
351	13.75
352	13.75
353	13.75
354	13.75
355	13.75
356	13.875
357	13.875
358	13.875
359	14.0
360	14.0
361	14.0
362	14.125
363	14.25
364	14.25
365	14.375
366	14.375
367	14.5
368	14.5
369	14.5
370	14.5
371	14.75
372	14.75
373	14.75
374	14.75
375	14.875
376	15.0
377	15.0
378	15.0
379	15.0
380	15.125
381	15.25
382	15.25
383	15.25
384	15.25
385	15.375
386	15.375
387	15.375
388	15.375
389	15.375
390	15.5
391	15.5
392	15.75
393	15.75
394	15.875
395	15.875
396	16.0
397	16.0
398	16.0
399	16.0
400	16.0
401	16.125
402	16.125
403	16.125
404	16.25
405	16.25
406	16.25
407	16.25
408	16.25
409	16.25
410	16.25
411	16.375
412	16.375
413	16.375
414	16.5
415	16.5
416	16.5
417	16.625
418	16.625
419	16.625
420	16.75
421	16.75
422	16.75
423	16.875
424	17.0
425	17.0
426	17.0
427	17.0
428	17.125
429	17.125
430	17.125
431	17.25
432	17.25
433	17.25
434	17.25
435	17.25
436	17.25
437	17.25
438	17.25
439	17.375
440	17.375
441	17.375
442	17.5
443	17.5
444	17.5
445	17.625
446	17.625
447	17.75
448	17.75
449	17.75
450	17.75
451	17.75
452	17.75
453	17.875
454	17.875
455	18.0
456	18.0
457	18.125
458	18.25
459	18.25
460	18.25
461	18.375
462	18.5
463	18.5
464	18.5
465	18.5
466	18.625
467	18.75
468	18.75
469	18.75
470	18.75
471	18.75
472	18.875
473	18.875
474	19.0
475	19.0
476	19.0
477	19.125
478	19.125
479	19.125
480	19.125
481	19.125
482	19.25
483	19.25
484	19.25
485	19.25
486	19.25
487	19.375
488	19.5
489	19.625
490	19.75
491	19.75
492	19.75
493	19.75
494	19.75
495	19.75
496	20.0
497	20.0
498	20.0
499	20.0
500	20.0
501	20.0
502	20.0
503	20.0
504	20.0
505	20.0
506	20.0
507	20.0
508	20.0
509	20.125
510	20.125
511	20.25
512	20.25
513	20.25
514	20.375
515	20.5
516	20.625
517	20.625
518	20.75
519	20.875
520	20.875
521	20.875
522	21.0
523	21.0
524	21.125
525	21.125
526	21.125
527	21.25
528	21.25
529	21.25
530	21.25
531	21.25
532	21.375
533	21.5
534	21.5
535	21.5
536	21.5
537	21.625
538	21.75
539	21.75
540	21.75
541	21.875
542	21.875
543	22.0
544	22.0
545	22.0
546	22.125
547	22.125
548	22.125
549	22.25
550	22.25
551	22.25
552	22.25
553	22.25
554	22.375
555	22.375
556	22.5
557	22.5
558	22.5
559	22.5
560	22.5
561	22.5
562	22.5
563	22.5
564	22.5
565	22.625
566	22.625
567	22.75
568	22.75
569	22.75
570	22.75
571	23.0
572	23.0
573	23.0
574	23.0
575	23.0
576	23.125
577	23.125
578	23.25
579	23.25
580	23.25
581	23.375
582	23.375
583	23.375
584	23.5
585	23.5
586	23.5
587	23.625
588	23.625
589	23.75
590	23.75
591	23.75
592	23.75
593	23.75
594	23.75
595	23.75
596	23.875
597	24.0
598	24.0
599	24.0
600	24.0
601	24.5
602	24.5
603	24.5
604	24.5
605	24.75
606	24.75
607	24.75
608	24.875
609	25.0
610	25.0
611	25.0
612	25.125
613	25.125
614	25.125
615	25.25
616	25.25
617	25.25
618	25.25
619	25.375
620	25.375
621	25.5
622	25.5
623	25.5
624	25.571428571428573
625	25.875
626	25.875
627	25.875
628	25.875
629	26.0
630	26.0
631	26.125
632	26.125
633	26.125
634	26.125
635	26.25
636	26.25
637	26.25
638	26.25
639	26.375
640	26.5
641	26.5
642	26.625
643	26.625
644	26.625
645	26.75
646	26.75
647	26.75
648	26.875
649	26.875
650	26.875
651	27.0
652	27.0
653	27.0
654	27.0
655	27.0
656	27.0
657	27.25
658	27.25
659	27.25
660	27.25
661	27.375
662	27.375
663	27.5
664	27.5
665	27.5
666	27.5
667	27.5
668	27.625
669	27.75
670	27.75
671	27.75
672	27.75
673	27.75
674	27.875
675	27.875
676	27.875
677	27.875
678	28.0
679	28.0
680	28.25
681	28.25
682	28.25
683	28.25
684	28.5
685	28.625
686	28.625
687	28.75
688	28.75
689	28.75
690	28.75
691	28.75
692	29.0
693	29.0
694	29.125
695	29.125
696	29.125
697	29.125
698	29.125
699	29.125
700	29.25
701	29.25
702	29.375
703	29.375
704	29.5
705	29.5
706	29.5
707	29.5
708	29.625
709	29.625
710	29.75
711	29.875
712	29.875
713	30.0
714	30.0
715	30.0
716	30.0
717	30.0
718	30.125
719	30.125
720	30.125
721	30.25
722	30.375
723	30.5
724	30.5
725	30.5
726	30.5
727	30.5
728	30.625
729	30.625
730	30.75
731	30.75
732	30.75
733	30.75
734	30.875
735	30.875
736	31.0
737	31.0
738	31.0
739	31.0
740	31.25
741	31.25
742	31.25
743	31.25
744	31.25
745	31.25
746	31.375
747	31.5
748	31.625
749	31.625
750	31.625
751	31.625
752	31.75
753	31.75
754	31.75
755	31.75
756	31.875
757	31.875
758	32.0
759	32.0
760	32.125
761	32.125
762	32.125
763	32.125
764	32.25
765	32.25
766	32.25
767	32.25
768	32.375
769	32.5
770	32.625
771	32.75
772	32.875
773	33.0
774	33.0
775	33.125
776	33.125
777	33.25
778	33.25
779	33.25
780	33.625
781	33.625
782	33.625
783	33.75
784	34.0
785	34.25
786	34.375
787	34.375
788	34.5
789	34.5
790	34.5
791	34.5
792	34.5
793	34.625
794	34.625
795	34.75
796	34.75
797	34.75
798	34.875
799	35.0
800	35.0
801	35.0
802	35.0
803	35.0
804	35.25
805	35.25
806	35.25
807	35.25
808	35.375
809	35.375
810	35.5
811	35.5
812	35.625
813	35.625
814	35.625
815	35.625
816	35.75
817	35.75
818	35.875
819	35.875
820	35.875
821	35.875
822	36.0
823	36.125
824	36.125
825	36.25
826	36.25
827	36.25
828	36.375
829	36.375
830	36.5
831	36.5
832	36.625
833	36.75
834	36.75
835	36.75
836	36.75
837	36.75
838	36.75
839	36.75
840	36.875
841	36.875
842	36.875
843	37.0
844	37.0
845	37.0
846	37.125
847	37.125
848	37.25
849	37.25
850	37.25
851	37.375
852	37.375
853	37.375
854	37.5
855	37.5
856	37.5
857	37.5
858	37.5
859	37.625
860	37.625
861	37.625
862	37.75
863	37.75
864	37.75
865	37.75
866	37.75
867	37.875
868	37.875
869	37.875
870	37.875
871	37.875
872	38.0
873	38.0
874	38.0
875	38.0
876	38.125
877	38.375
878	38.375
879	38.375
880	38.375
881	38.5
882	38.625
883	38.625
884	38.75
885	38.75
886	38.75
887	38.75
888	38.75
889	38.75
890	38.75
891	38.75
892	39.0
893	39.0
894	39.0
895	39.125
896	39.125
897	39.125
898	39.125
899	39.25
900	39.25
901	39.25
902	39.375
903	39.5
904	39.5
905	39.625
906	39.625
907	39.75
908	39.75
909	39.75
910	39.75
911	39.875
912	40.0
913	40.0
914	40.0
915	40.0
916	40.0
917	40.0
918	40.125
919	40.125
920	40.125
921	40.25
922	40.25
923	40.25
924	40.25
925	40.25
926	40.5
927	40.5
928	40.625
929	40.625
930	40.625
931	40.75
932	40.75
933	40.75
934	40.75
935	40.875
936	40.875
937	40.875
938	41.0
939	41.0
940	41.0
941	41.25
942	41.25
943	41.25
944	41.25
945	41.25
946	41.375
947	41.375
948	41.5
949	41.5
950	41.5
951	41.5
952	41.5
953	41.625
954	41.75
955	41.75
956	41.875
957	42.0
958	42.0
959	42.0
960	42.125
961	42.25
962	42.375
963	42.5
964	42.5
965	42.5
966	42.5
967	42.5
968	42.75
969	42.75
970	42.875
971	42.875
972	43.0
973	43.125
974	43.25
975	43.375
976	43.375
977	43.5
978	43.5
979	43.5
980	43.625
981	43.625
982	43.625
983	43.75
984	43.75
985	43.875
986	43.875
987	43.875
988	44.0
989	44.0
990	44.0
991	44.0
992	44.0
993	44.125
994	44.125
995	44.125
996	44.25
997	44.375
998	44.375
999	44.625
1000	44.625
1001	44.75
1002	44.75
1003	44.75
1004	44.75
1005	44.875
1006	45.0
1007	45.0
1008	45.0
1009	45.0
1010	45.25
1011	45.25
1012	45.375
1013	45.5
1014	45.625
1015	45.625
1016	45.625
1017	45.625
1018	45.625
1019	45.75
1020	45.75
1021	45.875
1022	46.0
1023	46.0
1024	46.125
1025	46.25
1026	46.375
1027	46.375
1028	46.5
1029	46.5
1030	46.625
1031	46.625
1032	46.75
1033	46.75
1034	46.875
1035	47.0
1036	47.0
1037	47.0
1038	47.0
1039	47.125
1040	47.125
1041	47.125
1042	47.125
1043	47.125
1044	47.125
1045	47.25
1046	47.25
1047	47.375
1048	47.5
1049	47.5
1050	47.625
1051	47.75
1052	47.75
1053	47.75
1054	47.75
1055	47.75
1056	47.75
1057	47.875
1058	47.875
1059	47.875
1060	48.0
1061	48.0
1062	48.25
1063	48.25
1064	48.25
1065	48.375
1066	48.5
1067	48.5
1068	48.5
1069	48.625
1070	48.625
1071	48.625
1072	48.625
1073	48.625
1074	48.625
1075	48.75
1076	48.75
1077	48.75
1078	48.75
1079	48.875
1080	48.875
1081	49.125
1082	49.125
1083	49.25
1084	49.25
1085	49.5
1086	49.5
1087	49.5
1088	49.625
1089	49.75
1090	49.75
1091	49.875
1092	49.875
1093	49.875
1094	50.0
1095	50.0
1096	50.0
1097	50.125
1098	50.125
1099	50.125
1100	50.375
1101	50.375
1102	50.375
1103	50.375
1104	50.5
1105	50.5
1106	50.5
1107	50.5
1108	50.625
1109	50.625
1110	50.625
1111	50.625
1112	50.625
1113	50.625
1114	50.875
1115	50.875
1116	51.0
1117	51.0
1118	51.0
1119	51.125
1120	51.25
1121	51.25
1122	51.375
1123	51.375
1124	51.375
1125	51.375
1126	51.375
1127	51.5
1128	51.5
1129	51.75
1130	51.875
1131	51.875
1132	51.875
1133	52.0
1134	52.0
1135	52.125
1136	52.125
1137	52.25
1138	52.25
1139	52.25
1140	52.25
1141	52.25
1142	52.25
1143	52.25
1144	52.375
1145	52.375
1146	52.5
1147	52.5
1148	52.5
1149	52.75
1150	52.75
1151	53.0
1152	53.0
1153	53.0
1154	53.0
1155	53.0
1156	53.125
1157	53.125
1158	53.25
1159	53.25
1160	53.25
1161	53.25
1162	53.25
1163	53.375
1164	53.375
1165	53.375
1166	53.5
1167	53.5
1168	53.75
1169	53.75
1170	53.75
1171	53.75
1172	53.75
1173	53.75
1174	53.875
1175	54.0
1176	54.0
1177	54.0
1178	54.0
1179	54.125
1180	54.125
1181	54.125
1182	54.125
1183	54.125
1184	54.125
1185	54.25
1186	54.25
1187	54.25
1188	54.375
1189	54.375
1190	54.625
1191	54.625
1192	54.625
1193	54.625
1194	54.75
1195	54.75
1196	54.875
1197	55.0
1198	55.0
1199	55.0
1200	55.0
1201	55.125
1202	55.25
1203	55.25
1204	55.375
1205	55.375
1206	55.5
1207	55.5
1208	55.5
1209	55.5
1210	55.625
1211	55.625
1212	55.625
1213	55.625
1214	55.75
1215	55.75
1216	55.875
1217	55.875
1218	55.875
1219	56.0
1220	56.125
1221	56.25
1222	56.25
1223	56.25
1224	56.25
1225	56.25
1226	56.375
1227	56.375
1228	56.375
1229	56.375
1230	56.5
1231	56.5
1232	56.5
1233	56.5
1234	56.875
1235	56.875
1236	57.0
1237	57.0
1238	57.0
1239	57.0
1240	57.0
1241	57.0
1242	57.0
1243	57.125
1244	57.25
1245	57.375
1246	57.375
1247	57.375
1248	57.375
1249	57.375
1250	57.375
1251	57.5
1252	57.5
1253	57.625
1254	57.625
1255	57.625
1256	57.625
1257	57.625
1258	57.75
1259	57.875
1260	57.875
1261	58.0
1262	58.0
1263	58.0
1264	58.0
1265	58.125
1266	58.125
1267	58.25
1268	58.25
1269	58.25
1270	58.5
1271	58.5
1272	58.625
1273	58.625
1274	58.625
1275	58.75
1276	58.75
1277	58.75
1278	58.875
1279	58.875
1280	58.875
1281	58.875
1282	59.0
1283	59.0
1284	59.0
1285	59.0
1286	59.0
1287	59.0
1288	59.0
1289	59.125
1290	59.125
1291	59.125
1292	59.25
1293	59.25
1294	59.25
1295	59.375
1296	59.375
1297	59.5
1298	59.5
1299	59.5
1300	59.5
1301	59.5
1302	59.625
1303	59.625
1304	59.75
1305	59.75
1306	59.875
1307	59.875
1308	60.0
1309	60.0
1310	60.125
1311	60.125
1312	60.25
1313	60.25
1314	60.25
1315	60.25
1316	60.285714285714285
1317	60.375
1318	60.375
1319	60.375
1320	60.375
1321	60.5
1322	60.5
1323	60.75
1324	60.75
1325	60.75
1326	60.75
1327	60.875
1328	60.875
1329	60.875
1330	61.0
1331	61.0
1332	61.0
1333	61.125
1334	61.125
1335	61.25
1336	61.25
1337	61.25
1338	61.25
1339	61.25
1340	61.25
1341	61.375
1342	61.375
1343	61.5
1344	61.5
1345	61.5
1346	61.5
1347	61.625
1348	61.75
1349	61.75
1350	61.875
1351	61.875
1352	61.875
1353	61.875
1354	62.0
1355	62.0
1356	62.0
1357	62.125
1358	62.125
1359	62.25
1360	62.25
1361	62.375
1362	62.375
1363	62.375
1364	62.5
1365	62.5
1366	62.5
1367	62.5
1368	62.5
1369	62.625
1370	62.75
1371	62.75
1372	62.75
1373	62.75
1374	62.75
1375	62.75
1376	62.75
1377	62.875
1378	62.875
1379	63.0
1380	63.0
1381	63.125
1382	63.125
1383	63.125
1384	63.125
1385	63.25
1386	63.25
1387	63.25
1388	63.375
1389	63.375
1390	63.375
1391	63.375
1392	63.375
1393	63.5
1394	63.5
1395	63.5
1396	63.625
1397	63.625
1398	63.625
1399	63.625
1400	63.75
1401	63.75
1402	63.75
1403	63.75
1404	63.75
1405	64.0
1406	64.0
1407	64.0
1408	64.125
1409	64.125
1410	64.125
1411	64.25
1412	64.25
1413	64.25
1414	64.375
1415	64.375
1416	64.625
1417	64.625
1418	64.625
1419	64.625
1420	64.75
1421	64.75
1422	64.75
1423	64.75
1424	64.875
1425	65.0
1426	65.0
1427	65.0
1428	65.125
1429	65.125
1430	65.125
1431	65.125
1432	65.25
1433	65.375
1434	65.5
1435	65.5
1436	65.625
1437	65.625
1438	65.8
1439	65.875
1440	65.875
1441	65.875
1442	66.0
1443	66.0
1444	66.0
1445	66.0
1446	66.0
1447	66.0
1448	66.0
1449	66.125
1450	66.125
1451	66.25
1452	66.25
1453	66.25
1454	66.25
1455	66.375
1456	66.375
1457	66.375
1458	66.375
1459	66.5
1460	66.5
1461	66.75
1462	66.75
1463	66.75
1464	66.75
1465	67.0
1466	67.125
1467	67.125
1468	67.125
1469	67.25
1470	67.25
1471	67.375
1472	67.375
1473	67.375
1474	67.5
1475	67.5
1476	67.5
1477	67.625
1478	67.625
1479	67.625
1480	67.75
1481	67.75
1482	67.75
1483	67.875
1484	67.875
1485	68.125
1486	68.25
1487	68.25
1488	68.25
1489	68.375
1490	68.5
1491	68.5
1492	68.625
1493	68.75
1494	68.75
1495	68.875
1496	68.875
1497	68.875
1498	69.0
1499	69.0
1500	69.125
1501	69.125
1502	69.125
1503	69.25
1504	69.25
1505	69.25
1506	69.25
1507	69.25
1508	69.375
1509	69.375
1510	69.375
1511	69.5
1512	69.625
1513	69.75
1514	69.75
1515	69.75
1516	69.875
1517	69.875
1518	70.0
1519	70.0
1520	70.125
1521	70.125
1522	70.25
1523	70.25
1524	70.375
1525	70.375
1526	70.375
1527	70.375
1528	70.375
1529	70.5
1530	70.5
1531	70.5
1532	70.5
1533	70.625
1534	70.625
1535	70.625
1536	70.625
1537	70.625
1538	70.625
1539	70.75
1540	70.75
1541	70.75
1542	70.75
1543	70.75
1544	70.875
1545	70.875
1546	71.0
1547	71.0
1548	71.25
1549	71.25
1550	71.375
1551	71.375
1552	71.375
1553	71.375
1554	71.375
1555	71.375
1556	71.375
1557	71.5
1558	71.5
1559	71.5
1560	71.625
1561	71.625
1562	71.625
1563	71.625
1564	71.625
1565	71.625
1566	71.625
1567	71.625
1568	71.75
1569	71.875
1570	71.875
1571	71.875
1572	71.875
1573	71.875
1574	71.875
1575	72.0
1576	72.0
1577	72.0
1578	72.125
1579	72.125
1580	72.125
1581	72.25
1582	72.25
1583	72.25
1584	72.25
1585	72.25
1586	72.5
1587	72.5
1588	72.5
1589	72.625
1590	72.625
1591	72.625
1592	72.75
1593	72.75
1594	72.875
1595	72.875
1596	73.0
1597	73.125
1598	73.125
1599	73.125
1600	73.125
1601	73.25
1602	73.25
1603	73.25
1604	73.25
1605	73.25
1606	73.25
1607	73.375
1608	73.5
1609	73.5
1610	73.625
1611	73.625
1612	73.625
1613	73.625
1614	73.625
1615	73.75
1616	73.75
1617	73.75
1618	73.75
1619	73.75
1620	73.875
1621	73.875
1622	74.0
1623	74.0
1624	74.0
1625	74.0
1626	74.0
1627	74.0
1628	74.0
1629	74.0
1630	74.0
1631	74.0
1632	74.125
1633	74.125
1634	74.125
1635	74.125
1636	74.25
1637	74.25
1638	74.375
1639	74.375
1640	74.5
1641	74.5
1642	74.5
1643	74.5
1644	74.625
1645	74.625
1646	74.625
1647	74.75
1648	74.75
1649	74.75
1650	74.875
1651	74.875
1652	74.875
1653	74.875
1654	75.0
1655	75.0
1656	75.125
1657	75.125
1658	75.125
1659	75.125
1660	75.25
1661	75.25
1662	75.25
1663	75.375
1664	75.375
1665	75.5
1666	75.5
1667	75.5
1668	75.5
1669	75.625
1670	75.625
1671	75.625
1672	75.625
1673	75.75
1674	75.75
1675	75.875
1676	75.875
1677	76.0
1678	76.0
1679	76.0
1680	76.125
1681	76.125
1682	76.125
1683	76.25
1684	76.25
1685	76.25
1686	76.25
1687	76.25
1688	76.375
1689	76.5
1690	76.5
1691	76.5
1692	76.5
1693	76.625
1694	76.625
1695	76.625
1696	76.625
1697	76.625
1698	76.625
1699	76.75
1700	76.75
1701	76.875
1702	76.875
1703	76.875
1704	77.0
1705	77.0
1706	77.0
1707	77.0
1708	77.125
1709	77.125
1710	77.125
1711	77.125
1712	77.25
1713	77.25
1714	77.25
1715	77.25
1716	77.5
1717	77.625
1718	77.625
1719	77.625
1720	77.75
1721	77.75
1722	77.75
1723	77.75
1724	77.875
1725	77.875
1726	77.875
1727	78.0
1728	78.0
1729	78.125
1730	78.125
1731	78.125
1732	78.25
1733	78.25
1734	78.375
1735	78.375
1736	78.625
1737	78.625
1738	78.75
1739	78.75
1740	78.75
1741	78.75
1742	78.875
1743	78.875
1744	78.875
1745	78.875
1746	79.0
1747	79.0
1748	79.0
1749	79.0
1750	79.0
1751	79.0
1752	79.0
1753	79.0
1754	79.125
1755	79.125
1756	79.25
1757	79.375
1758	79.375
1759	79.5
1760	79.625
1761	79.625
1762	79.625
1763	79.625
1764	79.75
1765	79.75
1766	79.875
1767	79.875
1768	79.875
1769	79.875
1770	80.0
1771	80.0
1772	80.0
1773	80.0
1774	80.125
1775	80.25
1776	80.25
1777	80.25
1778	80.25
1779	80.375
1780	80.375
1781	80.5
1782	80.5
1783	80.75
1784	80.75
1785	80.875
1786	80.875
1787	80.875
1788	80.875
1789	80.875
1790	80.875
1791	80.875
1792	81.0
1793	81.0
1794	81.0
1795	81.125
1796	81.125
1797	81.25
1798	81.25
1799	81.25
1800	81.25
1801	81.25
1802	81.375
1803	81.375
1804	81.5
1805	81.5
1806	81.5
1807	81.625
1808	81.625
1809	81.75
1810	81.75
1811	81.875
1812	81.875
1813	82.0
1814	82.0
1815	82.0
1816	82.0
1817	82.0
1818	82.0
1819	82.0
1820	82.125
1821	82.125
1822	82.25
1823	82.25
1824	82.375
1825	82.375
1826	82.375
1827	82.375
1828	82.375
1829	82.5
1830	82.5
1831	82.5
1832	82.5
1833	82.5
1834	82.625
1835	82.625
1836	82.625
1837	82.75
1838	82.75
1839	83.0
1840	83.0
1841	83.0
1842	83.0
1843	83.0
1844	83.125
1845	83.125
1846	83.125
1847	83.125
1848	83.125
1849	83.25
1850	83.25
1851	83.25
1852	83.25
1853	83.375
1854	83.375
1855	83.375
1856	83.375
1857	83.5
1858	83.5
1859	83.625
1860	83.625
1861	83.625
1862	83.75
1863	83.75
1864	83.75
1865	83.75
1866	83.75
1867	83.875
1868	83.875
1869	83.875
1870	84.0
1871	84.0
1872	84.0
1873	84.125
1874	84.25
1875	84.25
1876	84.25
1877	84.25
1878	84.25
1879	84.25
1880	84.5
1881	84.5
1882	84.5
1883	84.625
1884	84.625
1885	84.75
1886	84.75
1887	84.75
1888	84.75
1889	84.875
1890	85.0
1891	85.0
1892	85.25
1893	85.25
1894	85.25
1895	85.375
1896	85.375
1897	85.375
1898	85.375
1899	85.375
1900	85.5
1901	85.5
1902	85.5
1903	85.5
1904	85.5
1905	85.5
1906	85.625
1907	85.75
1908	85.75
1909	85.75
1910	85.75
1911	86.0
1912	86.0
1913	86.0
1914	86.0
1915	86.0
1916	86.125
1917	86.125
1918	86.125
1919	86.25
1920	86.25
1921	86.25
1922	86.25
1923	86.25
1924	86.25
1925	86.375
1926	86.375
1927	86.375
1928	86.5
1929	86.625
1930	86.625
1931	86.625
1932	86.75
1933	86.75
1934	86.75
1935	86.75
1936	87.0
1937	87.0
1938	87.125
1939	87.25
1940	87.25
1941	87.375
1942	87.5
1943	87.5
1944	87.5
1945	87.5
1946	87.5
1947	87.5
1948	87.625
1949	87.75
1950	87.75
1951	87.875
1952	88.0
1953	88.0
1954	88.0
1955	88.125
1956	88.25
1957	88.25
1958	88.25
1959	88.25
1960	88.375
1961	88.375
1962	88.625
1963	88.75
1964	88.75
1965	88.75
1966	88.875
1967	89.0
1968	89.0
1969	89.0
1970	89.125
1971	89.125
1972	89.25
1973	89.25
1974	89.5
1975	89.5
1976	89.5
1977	89.5
1978	89.5
1979	89.625
1980	89.625
1981	89.625
1982	89.625
1983	89.75
1984	89.875
1985	89.875
1986	89.875
1987	89.875
1988	89.875
1989	89.875
1990	90.0
1991	90.0
1992	90.25
1993	90.25
1994	90.25
1995	90.25
1996	90.25
1997	90.25
1998	90.375
1999	90.375
2000	90.375
2001	90.625
2002	90.875
2003	91.0
2004	91.0
2005	91.0
2006	91.125
2007	91.25
2008	91.25
2009	91.375
2010	91.5
2011	91.5
2012	91.5
2013	91.5
2014	91.625
2015	91.625
2016	91.625
2017	91.625
2018	91.75
2019	91.75
2020	91.875
2021	91.875
2022	92.0
2023	92.0
2024	92.125
2025	92.125
2026	92.25
2027	92.25
2028	92.25
2029	92.5
2030	92.5
2031	92.5
2032	92.625
2033	92.625
2034	92.75
2035	92.75
2036	92.75
2037	92.75
2038	92.75
2039	92.75
2040	92.75
2041	93.0
2042	93.0
2043	93.0
2044	93.0
2045	93.125
2046	93.125
2047	93.25
2048	93.25
2049	93.25
2050	93.25
2051	93.375
2052	93.375
2053	93.5
2054	93.5
2055	93.625
2056	93.625
2057	93.625
2058	93.625
2059	93.625
2060	93.75
2061	93.75
2062	93.75
2063	93.75
2064	93.875
2065	93.875
2066	94.125
2067	94.125
2068	94.125
2069	94.125
2070	94.25
2071	94.25
2072	94.375
2073	94.375
2074	94.375
2075	94.625
2076	94.75
2077	94.875
2078	94.875
2079	94.875
2080	95.0
2081	95.0
2082	95.0
2083	95.25
2084	95.25
2085	95.25
2086	95.25
2087	95.375
2088	95.375
2089	95.375
2090	95.5
2091	95.5
2092	95.625
2093	95.625
2094	95.625
2095	95.75
2096	95.875
2097	95.875
2098	95.875
2099	95.875
2100	95.875
2101	96.0
2102	96.0
2103	96.0
2104	96.0
2105	96.0
2106	96.0
2107	96.125
2108	96.25
2109	96.25
2110	96.375
2111	96.375
2112	96.5
2113	96.5
2114	96.5
2115	96.625
2116	96.625
2117	96.625
2118	96.75
2119	96.75
2120	96.75
2121	96.875
2122	96.875
2123	97.0
2124	97.0
2125	97.125
2126	97.125
2127	97.125
2128	97.25
2129	97.375
2130	97.375
2131	97.375
2132	97.375
2133	97.375
2134	97.375
2135	97.5
2136	97.5
2137	97.5
2138	97.5
2139	97.5
2140	97.5
2141	97.5
2142	97.625
2143	97.625
2144	97.625
2145	97.75
2146	97.75
2147	97.75
2148	97.875
2149	97.875
2150	98.0
2151	98.0
2152	98.125
2153	98.25
2154	98.25
2155	98.25
2156	98.25
2157	98.25
2158	98.25
2159	98.375
2160	98.375
2161	98.5
2162	98.5
2163	98.625
2164	99.0
2165	99.0
2166	99.125
2167	99.25
2168	99.25
2169	99.375
2170	99.375
2171	99.375
2172	99.375
2173	99.375
2174	99.5
2175	99.5
2176	99.625
2177	99.75
2178	99.875
2179	100.0
2180	100.0
2181	100.125
2182	100.25
2183	100.25
2184	100.375
2185	100.375
2186	100.5
2187	100.5
2188	100.5
2189	100.625
2190	100.625
2191	100.75
2192	100.75
2193	100.875
2194	101.0
2195	101.0
2196	101.125
2197	101.25
2198	101.25
2199	101.25
2200	101.375
2201	101.375
2202	101.375
2203	101.5
2204	101.5
2205	101.625
2206	101.625
2207	101.625
2208	101.75
2209	101.75
2210	101.75
2211	101.75
2212	102.0
2213	102.0
2214	102.0
2215	102.0
2216	102.0
2217	102.125
2218	102.125
2219	102.25
2220	102.25
2221	102.25
2222	102.5
2223	102.5
2224	102.5
2225	102.5
2226	102.625
2227	102.625
2228	102.625
2229	102.625
2230	102.75
2231	102.75
2232	102.75
2233	102.75
2234	102.875
2235	102.875
2236	102.875
2237	103.0
2238	103.125
2239	103.25
2240	103.25
2241	103.375
2242	103.375
2243	103.375
2244	103.375
2245	103.375
2246	103.375
2247	103.625
2248	103.625
2249	103.625
2250	103.75
2251	103.75
2252	103.75
2253	103.875
2254	103.875
2255	104.125
2256	104.125
2257	104.125
2258	104.25
2259	104.25
2260	104.25
2261	104.375
2262	104.375
2263	104.5
2264	104.5
2265	104.625
2266	104.625
2267	104.875
2268	104.875
2269	104.875
2270	104.875
2271	105.0
2272	105.0
2273	105.125
2274	105.125
2275	105.25
2276	105.25
2277	105.25
2278	105.375
2279	105.375
2280	105.5
2281	105.5
2282	105.5
2283	105.75
2284	105.75
2285	105.75
2286	105.875
2287	105.875
2288	105.875
2289	106.0
2290	106.125
2291	106.25
2292	106.25
2293	106.25
2294	106.25
2295	106.375
2296	106.375
2297	106.5
2298	106.5
2299	106.5
2300	106.625
2301	106.625
2302	106.625
2303	106.75
2304	106.75
2305	106.75
2306	106.75
2307	106.875
2308	106.875
2309	106.875
2310	107.0
2311	107.125
2312	107.25
2313	107.25
2314	107.25
2315	107.25
2316	107.25
2317	107.375
2318	107.5
2319	107.5
2320	107.625
2321	107.75
2322	107.75
2323	107.875
2324	107.875
2325	107.875
2326	108.0
2327	108.0
2328	108.0
2329	108.125
2330	108.125
2331	108.125
2332	108.25
2333	108.25
2334	108.25
2335	108.25
2336	108.25
2337	108.375
2338	108.5
2339	108.5
2340	108.5
2341	108.625
2342	108.625
2343	108.75
2344	108.75
2345	108.875
2346	108.875
2347	108.875
2348	108.875
2349	109.0
2350	109.0
2351	109.0
2352	109.125
2353	109.125
2354	109.125
2355	109.125
2356	109.25
2357	109.25
2358	109.25
2359	109.25
2360	109.375
2361	109.375
2362	109.375
2363	109.375
2364	109.5
2365	109.5
2366	109.625
2367	109.75
2368	109.75
2369	109.75
2370	109.75
2371	109.875
2372	109.875
2373	109.875
2374	109.875
2375	109.875
2376	109.875
2377	110.0
2378	110.0
2379	110.0
2380	110.125
2381	110.125
2382	110.125
2383	110.25
2384	110.25
2385	110.25
2386	110.25
2387	110.25
2388	110.5
2389	110.625
2390	110.625
2391	110.625
2392	110.625
2393	110.625
2394	110.75
2395	110.875
2396	110.875
2397	111.0
2398	111.0
2399	111.0
2400	111.125
2401	111.125
2402	111.125
2403	111.125
2404	111.375
2405	111.5
2406	111.5
2407	111.5
2408	111.5
2409	111.5
2410	111.5
2411	111.5
2412	111.5
2413	111.75
2414	111.75
2415	111.75
2416	111.75
2417	111.875
2418	111.875
2419	111.875
2420	111.875
2421	111.875
2422	111.875
2423	112.0
2424	112.0
2425	112.125
2426	112.25
2427	112.5
2428	112.5
2429	112.5
2430	112.5
2431	112.5
2432	112.5
2433	112.5
2434	112.625
2435	112.625
2436	112.625
2437	112.75
2438	112.75
2439	112.75
2440	112.75
2441	112.75
2442	112.75
2443	112.875
2444	112.875
2445	112.875
2446	113.0
2447	113.0
2448	113.0
2449	113.0
2450	113.0
2451	113.125
2452	113.125
2453	113.125
2454	113.125
2455	113.25
2456	113.375
2457	113.5
2458	113.5
2459	113.625
2460	113.625
2461	113.625
2462	113.625
2463	113.625
2464	113.75
2465	113.75
2466	113.75
2467	113.875
2468	114.0
2469	114.0
2470	114.125
2471	114.125
2472	114.25
2473	114.25
2474	114.375
2475	114.375
2476	114.5
2477	114.5
2478	114.5
2479	114.625
2480	114.625
2481	114.75
2482	114.75
2483	114.875
2484	114.875
2485	114.875
2486	114.875
2487	115.0
2488	115.0
2489	115.0
2490	115.0
2491	115.125
2492	115.125
2493	115.25
2494	115.25
2495	115.25
2496	115.25
2497	115.25
2498	115.25
2499	115.375
2500	115.5
2501	115.625
2502	115.625
2503	115.75
2504	115.75
2505	115.875
2506	115.875
2507	116.0
2508	116.0
2509	116.0
2510	116.125
2511	116.375
2512	116.375
2513	116.375
2514	116.375
2515	116.5
2516	116.625
2517	116.625
2518	116.625
2519	116.75
2520	116.875
2521	116.875
2522	116.875
2523	116.875
2524	117.0
2525	117.125
2526	117.25
2527	117.25
2528	117.375
2529	117.375
2530	117.5
2531	117.5
2532	117.625
2533	117.625
2534	117.625
2535	117.75
2536	117.75
2537	117.75
2538	117.75
2539	117.75
2540	117.875
2541	117.875
2542	117.875
2543	118.0
2544	118.25
2545	118.25
2546	118.5
2547	118.5
2548	118.625
2549	118.75
2550	118.75
2551	118.875
2552	118.875
2553	118.875
2554	118.875
2555	118.875
2556	118.875
2557	118.875
2558	119.0
2559	119.0
2560	119.0
2561	119.0
2562	119.0
2563	119.0
2564	119.125
2565	119.25
2566	119.25
2567	119.375
2568	119.5
2569	119.5
2570	119.625
2571	119.625
2572	119.625
2573	119.75
2574	119.75
2575	119.875
2576	119.875
2577	119.875
2578	120.0
2579	120.0
2580	120.0
2581	120.0
2582	120.0
2583	120.0
2584	120.25
2585	120.25
2586	120.375
2587	120.375
2588	120.5
2589	120.5
2590	120.625
2591	120.625
2592	120.75
2593	120.75
2594	120.75
2595	120.875
2596	120.875
2597	120.875
2598	120.875
2599	121.0
2600	121.125
2601	121.125
2602	121.25
2603	121.25
2604	121.375
2605	121.375
2606	121.5
2607	121.5
2608	121.5
2609	121.5
2610	121.5
2611	121.75
2612	121.875
2613	121.875
2614	121.875
2615	122.0
2616	122.0
2617	122.0
2618	122.125
2619	122.25
2620	122.25
2621	122.25
2622	122.25
2623	122.375
2624	122.5
2625	122.5
2626	122.5
2627	122.5
2628	122.625
2629	122.625
2630	122.625
2631	122.75
2632	122.75
2633	122.75
2634	122.75
2635	122.875
2636	122.875
2637	122.875
2638	122.875
2639	123.0
2640	123.0
2641	123.0
2642	123.0
2643	123.0
2644	123.125
2645	123.125
2646	123.125
2647	123.125
2648	123.125
2649	123.125
2650	123.25
2651	123.25
2652	123.375
2653	123.375
2654	123.375
2655	123.375
2656	123.5
2657	123.5
2658	123.625
2659	123.625
2660	123.75
2661	123.75
2662	123.75
2663	123.75
2664	123.875
2665	123.875
2666	123.875
2667	123.875
2668	123.875
2669	124.0
2670	124.125
2671	124.125
2672	124.25
2673	124.375
2674	124.375
2675	124.375
2676	124.5
2677	124.5
2678	124.5
2679	124.5
2680	124.625
2681	124.625
2682	124.75
2683	124.75
2684	124.875
2685	124.875
2686	125.0
2687	125.0
2688	125.0
2689	125.0
2690	125.125
2691	125.125
2692	125.25
2693	125.5
2694	125.5
2695	125.5
2696	125.625
2697	125.625
2698	125.75
2699	125.875
2700	125.875
2701	126.0
2702	126.0
2703	126.0
2704	126.0
2705	126.0
2706	126.125
2707	126.25
2708	126.25
2709	126.375
2710	126.5
2711	126.625
2712	126.625
2713	126.625
2714	126.75
2715	126.75
2716	126.75
2717	126.75
2718	126.875
2719	126.875
2720	126.875
2721	126.875
2722	126.875
2723	127.0
2724	127.0
2725	127.0
2726	127.125
2727	127.125
2728	127.125
2729	127.25
2730	127.25
2731	127.375
2732	127.375
2733	127.375
2734	127.375
2735	127.5
2736	127.5
2737	127.625
2738	127.625
2739	127.625
2740	127.625
2741	127.625
2742	127.75
2743	127.75
2744	127.75
2745	127.875
2746	127.875
2747	127.875
2748	128.0
2749	128.0
2750	128.0
2751	128.25
2752	128.25
2753	128.25
2754	128.375
2755	128.375
2756	128.375
2757	128.375
2758	128.5
2759	128.5
2760	128.75
2761	128.875
2762	128.875
2763	129.0
2764	129.125
2765	129.125
2766	129.125
2767	129.125
2768	129.25
2769	129.25
2770	129.25
2771	129.375
2772	129.375
2773	129.5
2774	129.5
2775	129.625
2776	129.625
2777	129.75
2778	129.75
2779	129.75
2780	129.75
2781	129.75
2782	130.125
2783	130.125
2784	130.25
2785	130.375
2786	130.375
2787	130.375
2788	130.375
2789	130.375
2790	130.5
2791	130.5
2792	130.625
2793	130.625
2794	130.75
2795	130.875
2796	130.875
2797	131.0
2798	131.125
2799	131.125
2800	131.25
2801	131.25
2802	131.25
2803	131.25
2804	131.375
2805	131.375
2806	131.375
2807	131.5
2808	131.5
2809	131.5
2810	131.625
2811	131.625
2812	131.625
2813	131.625
2814	131.75
2815	131.75
2816	132.0
2817	132.0
2818	132.125
2819	132.25
2820	132.375
2821	132.375
2822	132.375
2823	132.5
2824	132.5
2825	132.5
2826	132.5
2827	132.75
2828	132.75
2829	132.75
2830	133.0
2831	133.0
2832	133.125
2833	133.25
2834	133.25
2835	133.25
2836	133.25
2837	133.25
2838	133.25
2839	133.5
2840	133.5
2841	133.625
2842	133.625
2843	133.625
2844	133.75
2845	133.75
2846	133.75
2847	133.875
2848	134.0
2849	134.0
2850	134.0
2851	134.0
2852	134.0
2853	134.0
2854	134.125
2855	134.125
2856	134.125
2857	134.125
2858	134.25
2859	134.25
2860	134.25
2861	134.25
2862	134.375
2863	134.5
2864	134.625
2865	134.75
2866	134.75
2867	134.75
2868	134.875
2869	134.875
2870	135.0
2871	135.125
2872	135.125
2873	135.25
2874	135.375
2875	135.5
2876	135.5
2877	135.5
2878	135.625
2879	135.625
2880	135.625
2881	135.75
2882	135.75
2883	135.75
2884	135.875
2885	136.125
2886	136.125
2887	136.25
2888	136.25
2889	136.25
2890	136.25
2891	136.25
2892	136.25
2893	136.25
2894	136.25
2895	136.375
2896	136.375
2897	136.375
2898	136.375
2899	136.375
2900	136.5
2901	136.5
2902	136.625
2903	136.625
2904	136.625
2905	136.625
2906	136.625
2907	136.75
2908	136.875
2909	137.0
2910	137.0
2911	137.0
2912	137.0
2913	137.0
2914	137.125
2915	137.25
2916	137.25
2917	137.25
2918	137.375
2919	137.375
2920	137.375
2921	137.375
2922	137.375
2923	137.375
2924	137.375
2925	137.5
2926	137.5
2927	137.5
2928	137.5
2929	137.875
2930	138.0
2931	138.0
2932	138.0
2933	138.125
2934	138.125
2935	138.125
2936	138.25
2937	138.25
2938	138.375
2939	138.375
2940	138.375
2941	138.375
2942	138.375
2943	138.375
2944	138.375
2945	138.5
2946	138.5
2947	138.5
2948	138.625
2949	138.75
2950	138.75
2951	138.875
2952	138.875
2953	138.875
2954	138.875
2955	138.875
2956	138.875
2957	139.125
2958	139.25
2959	139.25
2960	139.25
2961	139.25
2962	139.25
2963	139.25
2964	139.25
2965	139.28571428571428
2966	139.375
2967	139.375
2968	139.5
2969	139.5
2970	139.5
2971	139.625
2972	139.75
2973	139.75
2974	139.75
2975	139.75
2976	139.875
2977	139.875
2978	139.875
2979	140.0
2980	140.0
2981	140.0
2982	140.0
2983	140.0
2984	140.0
2985	140.0
2986	140.0
2987	140.25
2988	140.25
2989	140.25
2990	140.375
2991	140.375
2992	140.625
2993	140.625
2994	140.625
2995	140.625
2996	140.75
2997	140.75
2998	140.875
2999	141.0
3000	141.0
3001	141.125
3002	141.125
3003	141.125
3004	141.125
3005	141.25
3006	141.25
3007	141.25
3008	141.25
3009	141.25
3010	141.25
3011	141.25
3012	141.375
3013	141.375
3014	141.5
3015	141.5
3016	141.625
3017	141.625
3018	141.625
3019	141.75
3020	141.875
3021	141.875
3022	141.875
3023	142.0
3024	142.0
3025	142.0
3026	142.0
3027	142.0
3028	142.0
3029	142.0
3030	142.125
3031	142.125
3032	142.125
3033	142.25
3034	142.25
3035	142.25
3036	142.375
3037	142.375
3038	142.375
3039	142.375
3040	142.5
3041	142.5
3042	142.5
3043	142.625
3044	142.625
3045	142.625
3046	142.75
3047	142.75
3048	142.875
3049	142.875
3050	142.875
3051	142.875
3052	142.875
3053	143.0
3054	143.0
3055	143.125
3056	143.125
3057	143.25
3058	143.25
3059	143.25
3060	143.25
3061	143.25
3062	143.25
3063	143.375
3064	143.5
3065	143.625
3066	143.625
3067	143.625
3068	143.625
3069	143.75
3070	143.875
3071	143.875
3072	144.0
3073	144.0
3074	144.0
3075	144.0
3076	144.125
3077	144.25
3078	144.25
3079	144.25
3080	144.375
3081	144.375
3082	144.375
3083	144.375
3084	144.625
3085	144.75
3086	144.75
3087	144.75
3088	144.875
3089	144.875
3090	144.875
3091	145.0
3092	145.0
3093	145.0
3094	145.0
3095	145.0
3096	145.125
3097	145.125
3098	145.125
3099	145.125
3100	145.25
3101	145.25
3102	145.375
3103	145.375
3104	145.5
3105	145.5
3106	145.75
3107	145.75
3108	145.875
3109	146.0
3110	146.125
3111	146.125
3112	146.125
3113	146.25
3114	146.25
3115	146.25
3116	146.25
3117	146.25
3118	146.375
3119	146.5
3120	146.625
3121	146.625
3122	146.875
3123	146.875
3124	147.0
3125	147.0
3126	147.0
3127	147.125
3128	147.125
3129	147.125
3130	147.25
3131	147.25
3132	147.25
3133	147.375
3134	147.375
3135	147.375
3136	147.5
3137	147.625
3138	147.625
3139	147.625
3140	147.625
3141	147.75
3142	147.75
3143	147.75
3144	147.875
3145	147.875
3146	147.875
3147	147.875
3148	148.0
3149	148.0
3150	148.125
3151	148.25
3152	148.25
3153	148.25
3154	148.25
3155	148.375
3156	148.375
3157	148.5
3158	148.5
3159	148.5
3160	148.625
3161	148.625
3162	148.625
3163	148.625
3164	148.75
3165	148.75
3166	148.75
3167	148.875
3168	148.875
3169	149.0
3170	149.125
3171	149.125
3172	149.125
3173	149.125
3174	149.375
3175	149.5
3176	149.625
3177	149.75
3178	149.75
3179	149.875
3180	149.875
3181	150.0
3182	150.0
3183	150.0
3184	150.0
3185	150.125
3186	150.125
3187	150.125
3188	150.125
3189	150.25
3190	150.25
3191	150.25
3192	150.25
3193	150.25
3194	150.375
3195	150.375
3196	150.375
3197	150.625
3198	150.625
3199	150.75
3200	150.75
3201	150.75
3202	150.875
3203	150.875
3204	150.875
3205	151.0
3206	151.0
3207	151.0
3208	151.125
3209	151.25
3210	151.25
3211	151.25
3212	151.25
3213	151.25
3214	151.375
3215	151.375
3216	151.375
3217	151.375
3218	151.375
3219	151.375
3220	151.5
3221	151.625
3222	151.75
3223	151.75
3224	151.75
3225	151.875
3226	151.875
3227	151.875
3228	152.125
3229	152.125
3230	152.25
3231	152.375
3232	152.375
3233	152.5
3234	152.5
3235	152.5
3236	152.5
3237	152.5
3238	152.5
3239	152.5
3240	152.5
3241	152.625
3242	152.625
3243	152.75
3244	152.75
3245	152.875
3246	152.875
3247	152.875
3248	153.0
3249	153.25
3250	153.375
3251	153.375
3252	153.375
3253	153.375
3254	153.375
3255	153.375
3256	153.375
3257	153.5
3258	153.5
3259	153.625
3260	153.625
3261	153.75
3262	153.75
3263	153.75
3264	153.875
3265	153.875
3266	153.875
3267	154.0
3268	154.125
3269	154.25
3270	154.25
3271	154.25
3272	154.375
3273	154.375
3274	154.375
3275	154.375
3276	154.5
3277	154.75
3278	154.75
3279	154.75
3280	154.75
3281	154.75
3282	154.75
3283	155.0
3284	155.0
3285	155.125
3286	155.25
3287	155.25
3288	155.25
3289	155.375
3290	155.375
3291	155.375
3292	155.375
3293	155.375
3294	155.375
3295	155.5
3296	155.625
3297	155.625
3298	155.75
3299	155.75
3300	155.75
3301	155.875
3302	155.875
3303	156.0
3304	156.0
3305	156.0
3306	156.125
3307	156.375
3308	156.5
3309	156.5
3310	156.625
3311	156.625
3312	156.75
3313	156.75
3314	156.875
3315	156.875
3316	156.875
3317	157.0
3318	157.125
3319	157.125
3320	157.125
3321	157.25
3322	157.25
3323	157.25
3324	157.25
3325	157.375
3326	157.5
3327	157.625
3328	157.625
3329	157.75
3330	157.875
3331	157.875
3332	158.0
3333	158.125
3334	158.125
3335	158.25
3336	158.375
3337	158.5
3338	158.5
3339	158.5
3340	158.75
3341	158.75
3342	158.75
3343	158.75
3344	158.875
3345	158.875
3346	158.875
3347	158.875
3348	159.0
3349	159.125
3350	159.125
3351	159.125
3352	159.25
3353	159.25
3354	159.25
3355	159.25
3356	159.375
3357	159.375
3358	159.375
3359	159.42857142857142
3360	159.5
3361	159.5
3362	159.625
3363	159.625
3364	159.625
3365	159.75
3366	159.75
3367	159.875
3368	159.875
3369	160.0
3370	160.0
3371	160.0
3372	160.0
3373	160.0
3374	160.0
3375	160.0
3376	160.25
3377	160.375
3378	160.375
3379	160.5
3380	160.5
3381	160.5
3382	160.625
3383	160.75
3384	160.75
3385	160.75
3386	160.875
3387	160.875
3388	160.875
3389	160.875
3390	161.0
3391	161.125
3392	161.125
3393	161.375
3394	161.375
3395	161.5
3396	161.5
3397	161.5
3398	161.625
3399	161.625
3400	161.625
3401	161.625
3402	161.625
3403	161.625
3404	161.625
3405	161.875
3406	161.875
3407	161.875
3408	162.0
3409	162.0
3410	162.125
3411	162.25
3412	162.25
3413	162.375
3414	162.375
3415	162.5
3416	162.5
3417	162.5
3418	162.5
3419	162.5
3420	162.5
3421	162.625
3422	162.625
3423	162.625
3424	162.875
3425	162.875
3426	162.875
3427	162.875
3428	163.0
3429	163.125
3430	163.125
3431	163.375
3432	163.5
3433	163.625
3434	163.625
3435	163.625
3436	163.625
3437	163.625
3438	163.75
3439	163.75
3440	163.75
3441	164.0
3442	164.0
3443	164.0
3444	164.25
3445	164.375
3446	164.5
3447	164.75
3448	164.75
3449	164.75
3450	164.875
3451	164.875
3452	164.875
3453	164.875
3454	164.875
3455	165.0
3456	165.0
3457	165.125
3458	165.125
3459	165.25
3460	165.25
3461	165.25
3462	165.25
3463	165.375
3464	165.5
3465	165.5
3466	165.5
3467	165.5
3468	165.625
3469	165.625
3470	165.875
3471	166.0
3472	166.0
3473	166.125
3474	166.125
3475	166.125
3476	166.25
3477	166.375
3478	166.5
3479	166.625
3480	166.625
3481	166.625
3482	166.75
3483	166.75
3484	166.875
3485	166.875
3486	167.0
3487	167.0
3488	167.0
3489	167.125
3490	167.25
3491	167.375
3492	167.5
3493	167.5
3494	167.5
3495	167.5
3496	167.625
3497	167.625
3498	167.625
3499	167.75
3500	167.875
3501	168.0
3502	168.0
3503	168.0
3504	168.0
3505	168.125
3506	168.125
3507	168.25
3508	168.25
3509	168.25
3510	168.375
3511	168.375
3512	168.375
3513	168.375
3514	168.5
3515	168.75
3516	168.75
3517	168.75
3518	168.75
3519	169.0
3520	169.0
3521	169.0
3522	169.0
3523	169.125
3524	169.125
3525	169.125
3526	169.25
3527	169.25
3528	169.25
3529	169.25
3530	169.375
3531	169.375
3532	169.375
3533	169.5
3534	169.5
3535	169.625
3536	169.625
3537	169.625
3538	169.875
3539	170.125
3540	170.25
3541	170.25
3542	170.375
3543	170.375
3544	170.5
3545	170.5
3546	170.625
3547	170.75
3548	170.75
3549	170.75
3550	170.75
3551	170.75
3552	170.875
3553	170.875
3554	170.875
3555	170.875
3556	171.0
3557	171.0
3558	171.25
3559	171.25
3560	171.25
3561	171.375
3562	171.375
3563	171.375
3564	171.5
3565	171.5
3566	171.625
3567	171.625
3568	171.75
3569	171.75
3570	171.75
3571	171.875
3572	171.875
3573	172.0
3574	172.125
3575	172.125
3576	172.25
3577	172.375
3578	172.375
3579	172.375
3580	172.375
3581	172.375
3582	172.5
3583	172.625
3584	172.625
3585	172.625
3586	172.625
3587	172.625
3588	172.75
3589	172.75
3590	172.75
3591	173.0
3592	173.125
3593	173.125
3594	173.125
3595	173.25
3596	173.25
3597	173.375
3598	173.5
3599	173.625
3600	173.625
3601	173.75
3602	173.875
3603	173.875
3604	174.125
3605	174.125
3606	174.25
3607	174.375
3608	174.5
3609	174.5
3610	174.625
3611	174.625
3612	174.75
3613	174.75
3614	174.75
3615	174.875
3616	174.875
3617	175.125
3618	175.125
3619	175.25
3620	175.375
3621	175.375
3622	175.5
3623	175.5
3624	175.625
3625	175.625
3626	175.75
3627	175.75
3628	175.75
3629	176.125
3630	176.125
3631	176.25
3632	176.25
3633	176.25
3634	176.375
3635	176.375
3636	176.5
3637	176.5
3638	176.5
3639	176.5
3640	176.625
3641	176.625
3642	176.625
3643	176.625
3644	176.625
3645	176.75
3646	176.75
3647	176.75
3648	176.875
3649	176.875
3650	177.125
3651	177.375
3652	177.5
3653	177.5
3654	177.5
3655	177.5
3656	177.625
3657	177.75
3658	177.75
3659	177.75
3660	177.875
3661	177.875
3662	177.875
3663	178.25
3664	178.375
3665	178.5
3666	178.5
3667	178.625
3668	178.625
3669	178.625
3670	178.625
3671	178.75
3672	178.75
3673	179.0
3674	179.0
3675	179.0
3676	179.125
3677	179.25
3678	179.25
3679	179.25
3680	179.25
3681	179.375
3682	179.5
3683	179.625
3684	179.625
3685	179.875
3686	179.875
3687	179.875
3688	179.875
3689	180.0
3690	180.0
3691	180.25
3692	180.25
3693	180.375
3694	180.625
3695	180.625
3696	180.625
3697	180.875
3698	181.0
3699	181.125
3700	181.125
3701	181.125
3702	181.25
3703	181.375
3704	181.5
3705	181.5
3706	181.5
3707	181.625
3708	181.625
3709	181.625
3710	181.75
3711	181.75
3712	182.0
3713	182.125
3714	182.125
3715	182.25
3716	182.375
3717	182.375
3718	182.375
3719	182.5
3720	182.5
3721	182.625
3722	182.75
3723	182.75
3724	182.75
3725	182.875
3726	183.0
3727	183.0
3728	183.0
3729	183.125
3730	183.125
3731	183.25
3732	183.5
3733	183.625
3734	183.625
3735	183.75
3736	183.875
3737	183.875
3738	183.875
3739	184.0
3740	184.0
3741	184.0
3742	184.0
3743	184.25
3744	184.25
3745	184.25
3746	184.375
3747	184.5
3748	184.5
3749	184.5
3750	184.625
3751	184.625
3752	184.875
3753	184.875
3754	185.0
3755	185.0
3756	185.0
3757	185.0
3758	185.125
3759	185.25
3760	185.25
3761	185.25
3762	185.25
3763	185.25
3764	185.375
3765	185.375
3766	185.375
3767	185.375
3768	185.375
3769	185.5
3770	185.5
3771	185.625
3772	185.625
3773	185.75
3774	185.875
3775	186.0
3776	186.125
3777	186.25
3778	186.25
3779	186.25
3780	186.25
3781	186.375
3782	186.375
3783	186.375
3784	186.375
3785	186.375
3786	186.5
3787	186.625
3788	186.625
3789	186.625
3790	186.75
3791	186.75
3792	186.875
3793	187.25
3794	187.25
3795	187.375
3796	187.5
3797	187.5
3798	187.5
3799	187.5
3800	187.625
3801	187.75
3802	187.75
3803	187.875
3804	187.875
3805	188.0
3806	188.125
3807	188.125
3808	188.5
3809	188.5
3810	188.5
3811	188.625
3812	188.625
3813	188.625
3814	188.75
3815	188.75
3816	188.875
3817	188.875
3818	189.0
3819	189.0
3820	189.125
3821	189.125
3822	189.25
3823	189.25
3824	189.375
3825	189.5
3826	189.625
3827	190.0
3828	190.25
3829	190.25
3830	190.25
3831	190.375
3832	190.375
3833	190.375
3834	190.5
3835	190.5
3836	190.5
3837	190.75
3838	190.75
3839	190.75
3840	190.875
3841	191.0
3842	191.0
3843	191.125
3844	191.125
3845	191.25
3846	191.25
3847	191.5
3848	191.625
3849	191.75
3850	191.75
3851	191.75
3852	191.875
3853	192.0
3854	192.0
3855	192.125
3856	192.25
3857	192.25
3858	192.5
3859	192.5
3860	192.625
3861	192.625
3862	192.625
3863	192.75
3864	192.75
3865	192.875
3866	192.875
3867	193.0
3868	193.0
3869	193.125
3870	193.125
3871	193.25
3872	193.25
3873	193.375
3874	193.375
3875	193.5
3876	193.5
3877	193.5
3878	193.75
3879	193.75
3880	193.875
3881	194.0
3882	194.125
3883	194.125
3884	194.25
3885	194.25
3886	194.375
3887	194.5
3888	194.5
3889	194.625
3890	194.625
3891	194.875
3892	194.875
3893	195.0
3894	195.125
3895	195.375
3896	195.375
3897	195.375
3898	195.5
3899	195.5
3900	195.5
3901	195.625
3902	195.75
3903	195.75
3904	195.875
3905	196.0
3906	196.125
3907	196.375
3908	196.375
3909	196.375
3910	196.5
3911	196.625
3912	196.75
3913	196.75
3914	196.875
3915	197.0
3916	197.0
3917	197.0
3918	197.0
3919	197.0
3920	197.125
3921	197.125
3922	197.25
3923	197.5
3924	197.5
3925	197.5
3926	197.625
3927	197.625
3928	197.75
3929	197.75
3930	197.875
3931	198.0
3932	198.125
3933	198.25
3934	198.5
3935	198.5
3936	198.625
3937	198.625
3938	198.625
3939	198.875
3940	199.0
3941	199.125
3942	199.125
3943	199.25
3944	199.5
3945	199.5
3946	199.625
3947	199.625
3948	199.75
3949	200.0
3950	200.0
3951	200.0
3952	200.25
3953	200.25
3954	200.25
3955	200.25
3956	200.25
3957	200.375
3958	200.5
3959	200.5
3960	200.75
3961	200.75
3962	200.75
3963	201.0
3964	201.0
3965	201.0
3966	201.0
3967	201.125
3968	201.25
3969	201.25
3970	201.25
3971	201.375
3972	201.375
3973	201.375
3974	201.75
3975	201.85714285714286
3976	201.875
3977	201.875
3978	201.875
3979	201.875
3980	202.0
3981	202.25
3982	202.25
3983	202.25
3984	202.25
3985	202.375
3986	202.375
3987	202.375
3988	202.5
3989	202.75
3990	202.875
3991	202.875
3992	203.25
3993	203.25
3994	203.25
3995	203.25
3996	203.25
3997	203.375
3998	203.5
3999	203.5
4000	203.75
4001	204.125
4002	204.125
4003	204.25
4004	204.25
4005	204.375
4006	204.375
4007	204.5
4008	204.625
4009	204.625
4010	204.625
4011	204.625
4012	204.75
4013	204.875
4014	205.0
4015	205.0
4016	205.125
4017	205.125
4018	205.125
4019	205.25
4020	205.5
4021	205.6
4022	205.75
4023	205.75
4024	205.75
4025	205.875
4026	205.875
4027	205.875
4028	206.0
4029	206.0
4030	206.0
4031	206.0
4032	206.125
4033	206.25
4034	206.25
4035	206.25
4036	206.25
4037	206.25
4038	206.625
4039	206.75
4040	206.75
4041	206.875
4042	206.875
4043	207.0
4044	207.0
4045	207.0
4046	207.0
4047	207.0
4048	207.125
4049	207.125
4050	207.5
4051	207.5
4052	207.625
4053	207.625
4054	207.75
4055	207.75
4056	207.75
4057	207.875
4058	207.875
4059	207.875
4060	207.875
4061	207.875
4062	208.125
4063	208.16666666666666
4064	208.25
4065	208.25
4066	208.25
4067	208.25
4068	208.5
4069	208.625
4070	208.625
4071	208.875
4072	208.875
4073	209.0
4074	209.0
4075	209.25
4076	209.25
4077	209.375
4078	209.5
4079	209.5
4080	209.625
4081	209.75
4082	209.875
4083	210.0
4084	210.0
4085	210.0
4086	210.125
4087	210.25
4088	210.25
4089	210.25
4090	210.375
4091	210.375
4092	210.5
4093	210.5
4094	210.625
4095	210.625
4096	210.75
4097	210.75
4098	210.875
4099	211.0
4100	211.125
4101	211.125
4102	211.25
4103	211.25
4104	211.25
4105	211.25
4106	211.25
4107	211.375
4108	211.375
4109	211.375
4110	211.375
4111	211.375
4112	211.75
4113	211.75
4114	211.875
4115	211.875
4116	211.875
4117	212.0
4118	212.125
4119	212.125
4120	212.125
4121	212.25
4122	212.375
4123	212.42857142857142
4124	212.5
4125	212.5
4126	212.625
4127	212.75
4128	212.875
4129	212.875
4130	212.875
4131	213.0
4132	213.0
4133	213.0
4134	213.0
4135	213.125
4136	213.25
4137	213.375
4138	213.5
4139	213.625
4140	213.75
4141	213.75
4142	213.75
4143	213.875
4144	214.0
4145	214.25
4146	214.375
4147	214.375
4148	214.5
4149	214.5
4150	214.5
4151	215.0
4152	215.0
4153	215.25
4154	215.375
4155	215.5
4156	215.5
4157	216.125
4158	216.25
4159	216.375
4160	216.375
4161	216.5
4162	216.75
4163	216.75
4164	216.875
4165	216.875
4166	217.0
4167	217.125
4168	217.125
4169	217.25
4170	217.375
4171	217.625
4172	217.625
4173	217.625
4174	217.75
4175	217.75
4176	217.875
4177	218.0
4178	218.5
4179	218.5
4180	218.5
4181	218.5
4182	218.625
4183	218.875
4184	219.0
4185	219.0
4186	219.0
4187	219.0
4188	219.0
4189	219.75
4190	220.0
4191	220.125
4192	220.125
4193	220.125
4194	220.25
4195	220.5
4196	220.5
4197	220.5
4198	220.625
4199	221.0
4200	221.0
4201	221.0
4202	221.25
4203	221.25
4204	221.25
4205	221.25
4206	221.375
4207	221.375
4208	221.375
4209	221.5
4210	221.5
4211	221.625
4212	221.625
4213	222.125
4214	222.125
4215	222.25
4216	222.5
4217	222.5
4218	222.625
4219	222.875
4220	223.375
4221	223.625
4222	223.75
4223	223.75
4224	224.0
4225	224.0
4226	224.0
4227	224.0
4228	224.125
4229	224.25
4230	224.375
4231	224.625
4232	224.875
4233	224.875
4234	225.125
4235	225.125
4236	225.25
4237	225.25
4238	225.375
4239	225.4
4240	225.5
4241	225.75
4242	225.875
4243	226.125
4244	226.25
4245	226.25
4246	226.375
4247	226.375
4248	226.625
4249	226.75
4250	227.0
4251	227.0
4252	227.125
4253	227.25
4254	227.375
4255	227.375
4256	227.5
4257	227.625
4258	227.75
4259	228.125
4260	228.25
4261	228.375
4262	228.375
4263	228.375
4264	228.375
4265	228.5
4266	228.625
4267	228.625
4268	228.75
4269	228.75
4270	228.75
4271	229.0
4272	229.0
4273	229.875
4274	229.875
4275	229.875
4276	230.0
4277	230.125
4278	230.25
4279	230.25
4280	230.625
4281	230.75
4282	230.875
4283	231.0
4284	231.25
4285	231.25
4286	231.25
4287	231.375
4288	231.5
4289	231.75
4290	231.875
4291	232.125
4292	232.25
4293	232.375
4294	232.5
4295	232.625
4296	232.625
4297	232.75
4298	233.125
4299	233.125
4300	233.25
4301	233.25
4302	233.375
4303	233.75
4304	233.875
4305	234.0
4306	234.25
4307	234.25
4308	234.375
4309	234.5
4310	234.5
4311	234.625
4312	234.75
4313	234.875
4314	234.875
4315	235.0
4316	235.125
4317	235.25
4318	235.375
4319	235.625
4320	235.75
4321	235.75
4322	236.125
4323	236.625
4324	236.75
4325	236.75
4326	236.875
4327	236.875
4328	237.0
4329	237.25
4330	237.25
4331	237.25
4332	237.375
4333	237.5
4334	237.75
4335	238.0
4336	238.125
4337	238.5
4338	238.5
4339	238.625
4340	239.0
4341	239.25
4342	239.375
4343	239.5
4344	239.625
4345	239.75
4346	240.75
4347	240.75
4348	240.75
4349	241.125
4350	241.125
4351	241.5
4352	241.625
4353	241.75
4354	241.75
4355	241.875
4356	242.0
4357	242.0
4358	242.125
4359	242.125
4360	242.25
4361	242.5
4362	242.5
4363	242.75
4364	242.75
4365	242.875
4366	243.0
4367	243.0
4368	243.125
4369	243.375
4370	243.375
4371	243.5
4372	243.75
4373	244.0
4374	244.125
4375	244.125
4376	244.375
4377	244.625
4378	245.0
4379	245.0
4380	245.0
4381	245.125
4382	245.375
4383	245.75
4384	246.25
4385	246.375
4386	247.375
4387	247.625
4388	247.625
4389	247.75
4390	248.0
4391	248.0
4392	248.125
4393	248.125
4394	248.25
4395	248.25
4396	248.25
4397	248.5
4398	248.625
4399	248.75
4400	249.0
4401	249.125
4402	249.375
4403	249.5
4404	249.875
4405	250.125
4406	250.25
4407	250.375
4408	250.5
4409	250.75
4410	251.25
4411	251.375
4412	251.375
4413	251.625
4414	252.125
4415	252.125
4416	252.25
4417	252.25
4418	252.75
4419	252.875
4420	252.875
4421	253.0
4422	253.0
4423	253.375
4424	253.375
4425	253.375
4426	253.875
4427	253.875
4428	254.25
4429	254.25
4430	254.375
4431	254.375
4432	254.5
4433	254.75
4434	254.875
4435	255.0
4436	255.0
4437	255.0
4438	255.25
4439	255.25
4440	255.375
4441	255.75
4442	256.0
4443	256.125
4444	256.125
4445	256.125
4446	256.25
4447	256.25
4448	256.375
4449	256.375
4450	256.5
4451	256.75
4452	257.125
4453	257.5
4454	258.5
4455	259.0
4456	259.0
4457	259.25
4458	259.875
4459	259.875
4460	260.0
4461	260.25
4462	260.25
4463	260.375
4464	260.375
4465	260.75
4466	261.125
4467	261.125
4468	261.25
4469	261.25
4470	261.375
4471	261.5
4472	261.5
4473	261.5
4474	261.75
4475	261.75
4476	261.75
4477	262.125
4478	262.125
4479	262.25
4480	262.25
4481	262.5
4482	263.0
4483	263.0
4484	263.375
4485	263.5
4486	263.625
4487	263.75
4488	264.125
4489	264.375
4490	264.75
4491	265.0
4492	265.125
4493	265.125
4494	265.25
4495	265.375
4496	265.375
4497	266.5
4498	266.625
4499	266.625
4500	266.75
4501	267.125
4502	267.25
4503	267.375
4504	267.375
4505	267.375
4506	267.875
4507	268.25
4508	268.625
4509	268.75
4510	269.0
4511	269.25
4512	269.5
4513	269.625
4514	269.625
4515	269.875
4516	270.0
4517	270.0
4518	270.0
4519	270.125
4520	270.875
4521	270.875
4522	271.125
4523	271.125
4524	271.375
4525	271.625
4526	272.75
4527	272.75
4528	272.875
4529	272.875
4530	273.0
4531	273.25
4532	273.375
4533	273.625
4534	274.0
4535	274.375
4536	274.375
4537	274.75
4538	274.75
4539	275.0
4540	275.0
4541	275.25
4542	275.375
4543	275.5
4544	275.625
4545	275.75
4546	275.875
4547	276.5
4548	277.125
4549	277.25
4550	277.875
4551	278.5
4552	278.75
4553	279.125
4554	279.25
4555	279.375
4556	279.375
4557	279.375
4558	279.625
4559	279.625
4560	280.375
4561	280.375
4562	280.5
4563	280.875
4564	281.25
4565	281.25
4566	282.75
4567	282.875
4568	283.375
4569	284.75
4570	284.75
4571	285.125
4572	285.75
4573	285.75
4574	286.25
4575	286.375
4576	286.75
4577	287.375
4578	287.625
4579	288.0
4580	288.0
4581	288.375
4582	288.75
4583	289.375
4584	289.875
4585	290.0
4586	290.0
4587	290.125
4588	290.875
4589	290.875
4590	291.125
4591	291.375
4592	291.5
4593	292.25
4594	293.375
4595	293.375
4596	293.5
4597	294.125
4598	294.75
4599	295.0
4600	295.875
4601	296.0
4602	296.25
4603	296.625
4604	296.875
4605	297.125
4606	297.375
4607	298.5
4608	298.625
4609	299.125
4610	299.125
4611	299.875
4612	300.875
4613	301.0
4614	301.25
4615	301.25
4616	301.25
4617	302.25
4618	302.375
4619	302.5
4620	302.75
4621	303.3333333333333
4622	303.75
4623	304.25
4624	305.75
4625	305.875
4626	307.25
4627	309.0
4628	309.5
4629	309.5
4630	309.75
4631	309.875
4632	310.0
4633	310.125
4634	310.125
4635	310.25
4636	310.5
4637	310.5
4638	311.125
4639	311.25
4640	313.25
4641	313.375
4642	313.5
4643	313.75
4644	314.5
4645	314.625
4646	315.75
4647	316.5
4648	316.625
4649	319.125
4650	319.5
4651	319.875
4652	320.625
4653	321.125
4654	321.5
4655	322.0
4656	323.625
4657	324.25
4658	325.0
4659	325.25
4660	327.75
4661	328.125
4662	328.625
4663	328.75
4664	329.0
4665	330.0
4666	330.125
4667	331.875
4668	332.5
4669	332.625
4670	333.125
4671	333.75
4672	333.75
4673	334.125
4674	335.25
4675	335.375
4676	337.5
4677	337.75
4678	338.125
4679	339.0
4680	341.875
4681	347.25
4682	349.85714285714283
4683	350.0
4684	350.5
4685	351.0
4686	351.0
4687	351.75
4688	352.25
4689	352.5
4690	353.125
4691	354.25
4692	356.0
4693	356.25
4694	356.25
4695	356.25
4696	356.75
4697	356.75
4698	357.875
4699	359.625
4700	360.0
4701	360.5
4702	363.5
4703	363.875
4704	364.75
4705	365.0
4706	365.0
4707	366.25
4708	367.0
4709	368.75
4710	369.0
4711	370.0
4712	372.0
4713	375.25
4714	376.25
4715	376.25
4716	376.625
4717	376.875
4718	376.875
4719	377.125
4720	378.75
4721	383.875
4722	386.0
4723	388.5
4724	389.0
4725	389.5
4726	390.25
4727	391.0
4728	391.375
4729	392.25
4730	394.0
4731	396.25
4732	398.5
4733	399.5
4734	401.25
4735	402.0
4736	402.375
4737	403.75
4738	404.625
4739	405.375
4740	405.5
4741	405.5
4742	405.625
4743	406.5
4744	408.75
4745	408.75
4746	413.75
4747	413.75
4748	418.75
4749	419.5
4750	421.625
4751	422.875
4752	423.75
4753	424.0
4754	425.25
4755	428.875
4756	434.375
4757	437.5
4758	445.0
4759	447.5
4760	449.875
4761	450.0
4762	450.25
4763	458.0
4764	470.0
4765	470.875
4766	472.5
4767	478.875
4768	482.5
4769	483.875
4770	486.25
4771	492.0
4772	497.5
4773	505.375
4774	507.125
4775	510.0
4776	515.0
4777	516.25
4778	516.75
4779	516.875
4780	523.75
4781	561.25
4782	573.75
4783	575.0
4784	582.5
4785	631.25
4786	640.0
4787	
4788	
4789	
4790	
4791	
4792	
4793	
4794	
4795	
4796	
4797	
4798	
