orf	hom | growth (pooled culture, microarray) | monomethylarsonous acid [37.5 uM], time [5 gen] | YPD | Jo WJ~Vulpe CD, 2009	hom | growth (pooled culture, microarray) | monomethylarsonous acid [75 uM], time [5 gen] | YPD | Jo WJ~Vulpe CD, 2009	hom | growth (pooled culture, microarray) | monomethylarsonous acid [150 uM], time [5 gen] | YPD | Jo WJ~Vulpe CD, 2009	hom | growth (pooled culture, microarray) | monomethylarsonous acid [37.5 uM], time [15 gen] | YPD | Jo WJ~Vulpe CD, 2009	hom | growth (pooled culture, microarray) | monomethylarsonous acid [75 uM], time [15 gen] | YPD | Jo WJ~Vulpe CD, 2009	hom | growth (pooled culture, microarray) | monomethylarsonous acid [150 uM], time [15 gen] | YPD | Jo WJ~Vulpe CD, 2009	hom | growth (pooled culture, microarray) | sodium arsenite [75 uM], time [5 gen] | YPD | Jo WJ~Vulpe CD, 2009	hom | growth (pooled culture, microarray) | sodium arsenite [150 uM], time [5 gen] | YPD | Jo WJ~Vulpe CD, 2009	hom | growth (pooled culture, microarray) | sodium arsenite [300 uM], time [5 gen] | YPD | Jo WJ~Vulpe CD, 2009	hom | growth (pooled culture, microarray) | sodium arsenite [75 uM], time [15 gen] | YPD | Jo WJ~Vulpe CD, 2009	hom | growth (pooled culture, microarray) | sodium arsenite [150 uM], time [15 gen] | YPD | Jo WJ~Vulpe CD, 2009	hom | growth (pooled culture, microarray) | sodium arsenite [300 uM], time [15 gen] | YPD | Jo WJ~Vulpe CD, 2009
YAL002W	0.0	0.0	0.0	0.0	0.0	0.0	0.0	0.0	0.0	0.0	-1.5	0.0
YAL011W	0.0	0.0	-1.3	0.0	-3.2	-2.6	0.0	0.0	-2.2	-1.5	-1.6	-5.0
YAL013W	0.0	0.0	0.0	0.0	1.7	3.0	0.0	0.0	0.0	0.0	0.0	0.0
YAL019W	0.0	0.0	0.0	0.0	0.0	0.0	0.0	0.0	-1.4	0.0	0.0	-1.5
YAL020C	0.0	0.8	0.0	0.0	1.1	1.3	0.0	0.0	0.0	0.0	0.0	1.5
YAL023C	0.0	0.0	0.0	1.3	2.2	4.3	0.0	0.0	0.0	0.0	0.0	1.9
YAL024C	0.0	0.0	-1.7	0.0	-1.55	-2.85	0.0	0.0	0.0	0.0	0.0	0.0
YAL026C	0.0	0.0	0.0	0.0	0.0	0.0	0.0	0.0	0.0	0.0	-1.1	0.0
YAL037W	0.0	0.0	0.0	0.0	0.0	0.0	0.0	0.0	0.0	0.0	-0.6	0.0
YAL040C	0.0	0.0	0.0	0.0	0.0	0.0	0.0	0.0	0.0	0.0	0.0	-1.6
YAL055W	0.0	0.0	0.0	0.0	0.0	-1.5	0.0	0.0	0.0	0.0	0.0	-1.2
YAL058W	0.0	0.0	0.0	0.0	0.0	1.1	0.0	0.0	0.0	0.0	0.0	0.0
YAL066W	0.0	0.0	0.0	0.0	0.0	0.0	0.0	0.0	0.0	0.0	0.0	1.5
YBL009W	0.0	0.0	0.0	0.0	0.0	-1.0	0.0	0.0	0.0	0.0	0.0	0.0
YBL010C	-1.2	0.0	0.0	0.0	0.0	0.0	0.0	0.0	0.0	0.0	0.0	0.0
YBL017C	0.0	0.0	0.0	0.0	0.0	-1.4	0.0	0.0	0.0	0.0	0.0	0.0
YBL022C	0.0	0.0	0.0	-2.1	-2.0	-2.5	0.0	-1.1	-1.95	0.0	-1.9	-2.55
YBL024W	0.0	0.0	0.0	-1.5	-2.6	-2.5	0.0	-1.15	-3.1	0.0	-2.0	-4.5
YBL031W	0.0	0.0	-1.3	-1.1	-2.15	-2.5	0.0	0.0	-1.6	0.0	-1.2	-2.75
YBL038W	0.0	0.0	0.0	1.9	0.0	0.0	0.0	0.0	0.0	1.6	1.7	2.1
YBL043W	0.0	0.0	0.0	0.0	0.0	-0.9	0.0	0.0	0.0	0.0	0.0	0.0
YBL046W	0.0	0.0	0.0	0.0	0.0	-2.0	0.0	-0.9	-1.7	0.0	-2.05	-2.1
YBL047C	0.0	0.0	0.0	0.0	0.0	1.4	0.0	0.0	0.0	0.0	0.0	0.0
YBL051C	0.0	0.0	0.0	0.0	0.0	0.0	0.0	0.0	0.0	0.0	0.0	-1.3
YBL054W	0.0	0.0	0.0	0.0	0.0	0.0	0.0	0.0	0.0	0.0	0.0	-0.9
YBL056W	0.0	0.0	0.0	0.0	0.0	-1.35	0.0	0.0	0.0	0.0	0.0	0.0
YBL061C	0.0	0.0	0.0	0.0	0.0	0.0	0.0	0.0	0.0	0.0	-1.2	0.0
YBL065W	0.0	0.0	0.0	0.0	0.0	0.0	0.0	0.0	0.0	0.0	5.0	0.0
YBL067C	0.0	0.0	0.0	0.0	0.0	-1.85	0.0	0.0	0.0	0.0	0.0	-1.2
YBL071C	0.0	0.0	0.0	0.0	1.35	1.65	0.0	0.0	0.0	0.0	0.8	1.45
YBL072C	0.0	0.0	0.0	0.0	0.0	-1.5	0.0	0.0	0.0	0.0	0.0	0.0
YBL078C	0.0	0.0	0.0	0.0	0.0	-0.9	0.0	0.0	0.0	0.0	0.0	0.0
YBL079W	0.0	0.0	0.0	0.0	0.0	1.8	0.0	0.0	0.0	0.0	0.0	0.0
YBL081W	0.0	0.0	0.0	0.0	0.0	0.8	0.0	0.0	0.0	0.0	0.0	0.0
YBL082C	0.0	0.0	0.0	1.0	1.4	1.5	0.0	0.0	0.0	0.0	0.8	0.0
YBL083C	0.0	0.0	0.0	0.0	0.0	0.0	0.0	0.0	-1.0	0.0	0.0	-1.9
YBL087C	0.0	0.0	0.0	0.0	-1.3	-2.0	0.0	0.0	0.0	0.0	0.0	0.0
YBL090W	0.0	0.0	0.0	2.15	0.0	3.0	0.0	0.0	0.0	0.0	0.0	0.0
YBR006W	0.0	0.0	0.0	0.0	-1.45	0.0	0.0	0.0	0.0	0.0	0.0	-1.35
YBR015C	0.0	0.0	1.3	1.3	0.0	0.0	0.0	0.0	0.0	0.0	0.0	1.3
YBR020W	0.0	0.0	0.0	0.0	1.1	1.4	0.0	0.0	0.0	0.0	0.0	0.0
YBR026C	0.0	0.0	0.0	1.9	2.05	3.1	0.0	0.0	0.0	0.0	0.0	0.0
YBR027C	0.0	0.0	0.0	0.0	-1.25	-2.0	0.0	0.0	0.0	0.0	0.0	-1.6
YBR031W	0.0	0.0	0.0	0.9	1.45	1.55	0.0	0.7	0.0	0.0	0.0	1.6
YBR035C	0.0	0.0	0.0	0.0	0.0	0.0	-2.6	0.0	0.0	0.0	-1.4	0.0
YBR037C	-1.6	0.0	0.0	0.0	0.0	0.0	0.0	0.0	0.0	0.0	0.0	0.0
YBR048W	0.0	0.0	0.0	0.0	2.05	3.4	0.0	0.0	0.0	0.0	0.0	1.55
YBR058C	0.0	0.0	0.0	0.0	1.1	1.95	0.0	0.0	0.0	0.0	0.0	1.3
YBR068C	0.0	0.0	0.0	0.0	0.0	-2.5	0.0	0.0	0.0	0.0	0.0	0.0
YBR069C	0.0	0.0	0.0	0.0	0.0	0.0	0.0	0.0	0.0	0.0	1.5	0.0
YBR074W	0.0	0.0	0.0	0.0	0.0	0.0	0.0	0.0	0.0	0.0	1.9	0.0
YBR077C	0.0	0.0	0.0	-1.3	-2.95	-3.05	0.0	0.0	0.0	-1.1	-1.0	-2.8
YBR099C	0.0	0.0	0.0	0.0	1.1	-1.5	0.0	0.0	0.0	0.0	0.0	1.25
YBR106W	0.0	0.0	0.0	0.0	0.0	1.8	0.0	0.0	0.0	0.0	0.0	0.0
YBR119W	0.0	0.0	0.0	0.0	-2.0	-3.4	0.0	0.0	0.0	0.0	0.0	0.0
YBR129C	0.0	0.0	0.0	0.0	0.0	0.0	0.0	0.0	0.0	0.0	1.1	0.0
YBR131W	0.0	0.0	0.0	0.0	0.0	1.6	0.0	0.0	0.0	0.0	0.0	0.0
YBR134W	0.0	0.0	0.0	0.0	0.0	-1.5	0.0	0.0	0.0	0.0	2.0	0.0
YBR138C	0.0	0.0	0.0	0.0	0.0	0.0	0.0	0.0	0.0	0.0	3.7	0.0
YBR149W	0.0	0.0	0.0	0.0	0.0	0.0	0.0	0.0	0.0	0.0	2.1	0.0
YBR156C	0.0	0.0	0.0	1.3	0.0	1.9	0.0	0.0	0.0	1.2	0.0	2.2
YBR162C	0.0	0.0	1.2	2.0	2.5	0.0	0.0	0.0	0.0	1.3	1.3	2.4
YBR163W	0.0	0.0	0.0	1.3	0.0	2.4	0.0	0.0	0.0	0.0	0.0	0.0
YBR168W	-1.1	0.0	0.0	0.0	2.1	2.85	0.0	0.0	0.0	0.0	0.9	1.6
YBR175W	-1.3	0.0	0.0	0.0	0.0	0.0	0.0	0.0	0.0	0.0	0.0	-1.5
YBR181C	0.0	0.0	0.0	0.0	2.05	3.15	0.0	0.0	0.0	0.0	0.0	1.65
YBR184W	0.0	0.0	0.0	0.0	0.0	0.0	0.0	0.0	1.4	0.0	0.0	0.0
YBR187W	0.0	0.0	0.0	0.0	0.0	0.0	0.0	0.0	0.0	0.0	0.0	-2.3
YBR208C	0.0	0.0	0.0	0.0	0.0	-1.5	0.0	0.0	0.0	0.0	0.0	0.0
YBR213W	0.0	0.0	0.0	0.0	0.0	-3.9	0.0	0.0	0.0	0.0	0.0	0.0
YBR215W	0.0	0.0	0.0	0.0	0.0	-1.2	0.0	0.0	0.0	0.0	0.0	0.0
YBR221C	0.0	0.0	0.0	0.0	0.0	0.0	0.0	-0.7	-1.6	0.0	0.0	-1.35
YBR225W	0.0	0.0	0.0	0.0	0.0	0.0	0.0	0.0	-1.6	0.0	0.0	0.0
YBR230C	0.0	0.0	0.0	0.0	0.0	0.0	0.0	0.0	-1.9	0.0	0.0	0.0
YBR231C	0.0	0.0	0.0	0.0	-1.5	-2.55	0.0	-0.8	-1.95	0.0	0.0	-2.3
YBR233W	0.0	0.0	0.0	0.0	0.0	-1.0	0.0	0.0	0.0	0.0	0.0	0.0
YBR238C	0.0	0.0	0.0	0.0	0.0	1.1	0.0	0.0	0.0	0.0	0.0	0.0
YBR246W	0.0	0.0	0.0	0.0	0.0	0.9	0.0	0.0	0.0	0.0	0.0	0.0
YBR251W	0.0	0.0	0.0	1.8	1.5	2.85	0.0	0.0	0.0	0.0	0.0	0.0
YBR255W	0.0	0.0	0.0	0.0	0.0	-3.5	0.0	0.0	0.0	0.0	0.0	0.0
YBR259W	0.0	0.0	0.0	0.0	0.0	0.0	0.0	0.0	0.0	0.0	1.2	0.0
YBR260C	0.0	0.0	0.0	0.0	0.0	0.0	0.0	0.8	0.0	0.0	0.0	0.0
YBR268W	0.0	0.0	0.0	0.0	0.0	2.55	0.0	0.0	0.0	0.0	0.0	0.0
YBR269C	0.0	0.0	0.0	0.0	-1.6	-2.1	0.0	0.0	0.0	0.0	0.0	-1.9
YBR277C	0.0	0.0	0.0	0.0	0.0	0.0	0.0	0.0	0.0	0.0	0.0	-1.5
YBR281C	0.0	0.0	0.0	0.0	-1.3	-1.45	0.0	0.0	0.0	0.0	0.0	-1.25
YBR284W	0.0	0.0	0.0	0.0	-0.9	-1.0	0.0	0.0	0.0	0.0	0.0	0.0
YBR286W	0.0	0.0	0.0	0.0	-1.3	-1.35	0.0	0.0	0.0	0.0	-0.9	-1.25
YBR288C	0.0	0.0	0.0	0.0	0.0	1.3	0.0	0.0	0.0	0.0	0.0	0.0
YBR290W	0.0	0.0	0.0	0.0	0.0	-1.1	0.0	0.0	0.0	0.0	0.0	0.0
YBR291C	0.0	0.0	0.0	-1.9	-2.55	-3.2	0.0	0.0	-1.3	0.0	-1.2	-2.45
YBR292C	0.0	0.0	0.0	-1.0	-1.1	-1.9	0.0	0.0	0.0	0.0	0.0	-1.3
YBR295W	0.0	0.0	0.0	0.0	-1.5	-1.8	0.0	0.0	0.0	0.0	0.0	-1.5
YBR296C	0.0	0.0	0.0	-1.2	-1.65	-2.2	0.0	0.0	-1.2	0.0	0.0	-1.65
YBR297W	0.0	0.0	0.0	0.0	-1.15	-1.4	0.0	0.0	-1.1	0.0	0.0	-1.75
YBR298C	0.0	0.0	0.0	-1.6	-1.95	-2.65	0.0	-1.0	-2.1	0.0	-1.8	-2.85
YBR300C	0.0	0.0	0.0	-0.8	-1.5	-1.65	-1.3	0.0	-1.3	0.0	0.0	-1.45
YCL001W-A	0.0	0.0	0.0	-1.7	-2.55	-2.5	0.0	0.0	-2.0	0.0	-1.6	-2.25
YCL005W	0.0	0.0	0.0	0.0	-1.4	-2.3	0.0	0.0	-1.55	0.0	2.4	-2.3
YCL009C	0.0	0.0	0.0	0.0	0.0	-1.2	0.0	0.0	0.0	0.0	0.0	0.0
YCL010C	0.0	0.0	0.0	-1.65	-1.95	-2.8	0.0	-1.1	-2.05	-1.3	-1.95	-2.9
YCL016C	0.0	0.0	0.0	0.0	0.0	2.2	0.0	0.0	0.0	0.0	0.0	0.0
YCL037C	0.0	0.0	0.0	0.7	0.9	0.0	0.0	0.0	0.0	0.0	0.0	0.0
YCL045C	0.0	0.0	0.0	0.0	0.0	0.0	0.0	0.0	-1.5	0.0	0.0	0.0
YCL055W	0.0	0.0	0.0	-1.0	-1.0	-1.85	0.0	0.0	-1.35	0.0	0.0	-1.45
YCL058C	0.0	0.0	0.0	0.0	2.35	2.6	0.0	0.0	0.0	0.0	0.0	1.7
YCL063W	0.0	0.0	0.0	0.0	-1.1	-1.775	0.0	0.0	0.0	0.0	0.0	0.0
YCR007C	0.0	0.0	0.0	0.0	0.0	0.0	0.0	0.0	0.0	0.0	4.0	0.0
YCR009C	0.0	0.0	0.0	0.0	0.0	-3.4	0.0	0.0	0.0	0.0	0.0	-2.25
YCR017C	0.0	0.0	0.0	0.0	0.0	0.0	0.0	0.0	-1.3	0.0	0.0	-1.1
YCR020C-A	0.0	0.0	0.0	0.0	-1.45	-1.9	0.0	0.0	-1.0	0.0	0.0	-1.55
YCR020W-B	0.0	0.0	0.0	0.0	2.8	3.1	0.0	0.0	0.0	0.0	0.0	0.0
YCR024C	0.0	0.0	-1.0	0.0	-1.3	-1.5	0.0	-0.7	-1.55	0.0	-1.0	-1.75
YCR025C	0.0	0.0	0.0	-1.2	0.0	-1.5	0.0	0.0	0.0	0.0	0.0	-1.7
YCR026C	0.0	0.0	0.0	-1.9	-2.3	-3.2	0.0	0.0	-2.0	0.0	-1.8	-3.1
YCR027C	0.0	0.0	0.0	-1.2	-1.5	0.0	0.0	0.0	0.0	0.0	0.0	-1.9
YCR028C	0.0	0.0	0.0	0.0	1.8	0.0	0.0	0.0	0.0	0.0	1.35	0.0
YCR028C-A	0.0	0.0	0.0	0.0	0.0	2.55	0.0	0.0	0.0	0.0	0.0	1.3
YCR031C	0.0	0.0	0.0	0.0	1.1	1.45	0.0	0.0	0.0	0.0	0.7	0.95
YCR034W	0.0	0.0	0.0	0.0	0.0	-2.0	0.0	0.0	0.0	0.0	0.0	0.0
YCR036W	0.0	0.0	0.0	-1.8	-2.5	-3.15	0.0	0.0	-1.7	0.0	-1.6	-3.4
YCR045C	0.0	0.0	-1.2	-1.45	-1.65	-2.0	0.0	0.0	-1.75	0.0	-0.8	-2.05
YCR049C	0.0	0.0	0.0	-1.4	-1.55	-1.9	0.0	0.0	-1.2	0.0	0.0	-2.0
YCR050C	0.0	0.0	-1.9	-2.6	-2.6	-3.05	0.0	0.0	-1.9	0.0	-1.4	-2.45
YCR053W	0.0	0.0	0.0	0.0	-3.5	-2.8	0.0	0.0	0.0	0.0	0.0	0.0
YCR059C	0.0	0.0	0.0	-1.1	-1.2	-1.6	0.0	0.0	0.0	0.0	0.0	-1.8
YCR060W	0.0	0.0	0.0	0.0	0.0	0.0	0.0	0.0	-1.2	0.0	0.0	0.0
YCR063W	0.0	0.0	1.2	1.9	3.1	5.9	0.0	0.0	0.0	0.0	0.0	0.0
YCR065W	0.0	0.0	0.0	0.0	0.0	0.0	0.0	0.0	0.0	0.0	0.0	-1.7
YCR067C	0.0	0.0	0.0	0.0	0.0	0.0	0.0	0.0	0.0	0.0	-0.8	0.0
YCR068W	0.0	-1.05	-1.75	-1.75	-3.05	-3.8	0.0	-1.0	-2.3	-1.3	-2.05	-3.35
YCR071C	0.0	0.0	0.0	-1.7	0.0	-2.5	0.0	0.0	-1.9	0.0	0.0	-2.2
YCR073W-A	0.0	0.0	0.0	0.0	0.0	0.0	-1.9	0.0	0.0	0.0	0.0	0.0
YCR077C	0.0	0.0	0.0	0.0	0.0	2.75	0.0	0.0	0.0	0.0	0.0	0.0
YCR079W	0.0	0.0	0.0	0.0	0.0	0.0	0.0	0.0	0.0	0.0	0.0	-0.9
YCR081W	0.0	0.0	0.0	0.0	-2.4	-2.55	0.0	-1.3	-2.85	-1.5	-2.25	-2.6
YCR082W	0.0	0.0	0.0	0.0	0.0	-2.7	0.0	0.0	0.0	0.0	0.0	-1.2
YCR084C	0.0	0.0	-2.6	-2.2	0.0	0.0	-1.95	-3.0	-3.05	0.0	0.0	-2.2
YCR085W	0.0	0.0	0.0	0.0	-1.25	-1.45	0.0	0.0	0.0	0.0	0.0	-1.4
YCR086W	0.0	0.0	0.0	-1.1	-1.85	-3.0	0.0	0.0	-1.7	-1.5	-1.6	-2.7
YCR087C-A	0.0	0.0	0.0	-1.2	-2.0	-2.4	0.0	0.0	-1.7	0.0	-1.3	-2.15
YCR087W	0.0	0.0	0.0	-1.3	-1.8	-2.25	0.0	-0.7	-1.0	0.0	-1.1	-1.7
YCR094W	0.0	0.0	0.0	0.0	0.0	-1.9	0.0	0.0	0.0	0.0	0.0	0.0
YCR095C	0.0	0.0	0.0	0.0	0.0	0.0	0.0	0.0	0.0	0.0	0.0	-1.85
YCR098C	0.0	0.0	0.0	0.0	0.0	1.9	0.0	0.0	0.0	0.0	0.0	0.0
YCR101C	0.0	0.0	0.0	0.0	0.0	0.0	0.0	0.0	0.0	0.0	2.0	0.0
YCR102C	-1.1	0.0	0.0	0.0	0.0	0.0	0.0	0.0	0.0	0.0	0.0	0.0
YDL002C	0.0	0.0	0.0	0.0	0.0	1.5	0.0	0.0	0.0	0.0	0.0	0.0
YDL010W	0.0	0.0	0.0	0.0	0.0	0.0	0.0	0.0	0.0	0.0	4.2	0.0
YDL013W	0.0	0.0	0.0	0.0	0.0	0.0	0.0	-1.35	-1.5	0.0	0.0	0.0
YDL020C	0.0	0.0	-1.55	0.0	-3.2	-3.45	0.0	0.0	-1.5	0.0	-1.4	-3.95
YDL021W	0.0	0.0	0.0	0.0	-0.9	-1.7	0.0	0.0	0.0	0.0	0.0	-0.9
YDL023C	0.0	0.0	0.0	0.0	0.7	1.15	0.0	0.0	0.0	0.0	0.0	0.0
YDL025C	0.0	0.0	0.0	-1.2	-1.4	-1.8	0.0	0.0	0.0	0.0	0.0	-2.3
YDL040C	0.0	0.0	0.0	-2.0	0.0	-2.6	0.0	-0.9	0.0	-1.55	-2.8	-2.75
YDL041W	0.0	0.0	0.0	0.0	1.6	0.0	0.0	0.0	0.0	0.0	0.0	0.0
YDL044C	0.0	0.0	0.0	1.9	1.4	3.1	0.0	0.0	0.0	0.0	0.0	0.0
YDL048C	0.0	0.0	0.0	0.0	1.3	1.25	0.0	0.0	0.0	0.0	0.0	0.0
YDL056W	0.0	0.0	0.0	1.75	1.75	3.85	0.0	0.0	0.0	0.0	0.0	1.85
YDL062W	0.0	0.0	0.0	0.0	0.0	0.0	0.0	0.0	0.0	0.0	0.0	1.2
YDL065C	0.0	0.0	-0.9	0.0	-1.35	-2.0	0.0	0.0	0.0	0.0	0.0	0.0
YDL066W	0.0	0.0	0.0	0.0	-1.75	-2.7	0.0	0.0	0.0	0.0	0.0	-1.85
YDL070W	0.0	0.0	0.0	0.0	0.0	0.0	0.0	0.0	0.0	0.0	2.1	0.0
YDL074C	0.0	0.0	0.0	0.0	0.0	1.5	0.0	0.0	0.0	0.0	0.0	0.0
YDL081C	0.0	0.0	1.15	0.0	1.9	3.7	0.0	0.0	0.0	0.0	0.0	0.0
YDL082W	0.0	0.0	0.0	0.0	1.4	2.8	0.0	0.7	1.3	1.3	1.7	2.2
YDL083C	0.0	0.0	0.0	0.0	0.0	2.15	0.0	0.0	0.0	0.0	0.0	0.0
YDL090C	0.0	0.0	0.0	0.0	0.0	1.95	0.0	0.0	0.0	0.0	0.0	0.0
YDL094C	0.0	0.0	0.0	0.0	0.0	0.8	0.0	0.0	0.0	0.0	0.0	0.0
YDL095W	0.0	0.0	0.0	0.0	0.0	1.8	0.0	0.0	0.0	0.0	0.0	0.0
YDL096C	0.0	0.0	0.0	0.0	1.45	2.4	0.0	0.0	0.0	0.0	0.0	1.9
YDL117W	0.0	0.0	0.0	1.4	1.95	3.3	0.0	0.0	0.0	0.0	0.0	1.6
YDL118W	0.0	0.0	0.0	0.0	-2.5	-3.5	0.0	0.0	0.0	0.0	0.0	0.0
YDL122W	0.0	0.0	0.0	0.0	0.0	1.25	0.0	0.0	0.0	0.0	0.0	0.0
YDL130W	0.0	0.0	0.0	0.0	1.3	1.6	0.0	0.0	0.0	0.0	0.0	0.0
YDL133W	0.0	0.0	0.0	-1.85	-2.15	-2.8	0.0	0.0	0.0	-1.3	-2.15	-3.8
YDL136W	0.0	0.0	0.0	0.0	1.2	1.6	0.0	0.0	0.0	0.0	0.0	1.3
YDL142C	0.0	0.0	0.0	0.0	0.0	1.0	0.0	0.0	0.0	0.0	0.0	0.0
YDL160C	0.0	0.0	-2.2	0.0	0.0	0.0	0.0	0.0	0.0	0.0	0.0	0.0
YDL172C	-0.9	0.0	0.0	0.0	0.0	-2.8	0.0	0.0	0.0	0.0	0.0	0.0
YDL173W	0.0	0.0	0.0	-1.25	-1.1	-2.15	0.0	0.0	0.0	0.0	0.0	0.0
YDL182W	0.0	0.0	0.0	0.0	0.0	0.0	0.0	0.0	-3.0	0.0	0.0	0.0
YDL188C	0.0	0.0	0.0	0.0	0.0	0.0	0.0	0.0	0.0	0.0	0.8	0.0
YDL189W	0.0	0.0	0.0	0.0	0.0	-1.0	0.0	0.0	0.0	0.0	0.0	0.0
YDL190C	0.0	0.0	0.0	0.0	0.0	-1.9	0.0	0.0	0.0	0.0	0.0	0.0
YDL191W	0.0	0.0	1.5	0.0	2.45	3.65	0.0	0.0	0.0	0.0	0.0	0.0
YDL192W	0.0	0.0	0.0	0.0	0.0	1.7	0.0	0.0	0.0	0.0	0.0	1.3
YDL194W	0.0	0.0	0.0	0.0	1.55	1.9	0.0	0.0	0.0	0.0	0.0	0.0
YDL198C	0.0	0.0	0.0	0.0	0.0	1.9	0.0	0.0	0.0	0.0	1.2	0.0
YDL202W	0.0	0.0	0.0	1.5	0.0	3.05	0.0	0.0	0.0	0.0	0.0	0.0
YDL203C	0.0	0.0	0.0	0.0	0.0	-1.3	0.0	0.0	-1.35	0.0	0.0	-1.7
YDL213C	0.0	0.0	0.0	0.0	0.0	-1.9	0.0	0.0	0.0	0.0	0.0	-1.45
YDL223C	-1.8	0.0	0.0	0.0	0.0	0.0	0.0	0.0	0.0	0.0	0.0	0.0
YDL225W	0.0	0.0	0.0	1.2	0.0	0.1	0.0	0.0	0.0	0.0	0.0	0.0
YDL226C	-1.0	0.0	0.0	0.0	0.0	1.0	0.0	0.0	0.0	0.0	0.0	0.0
YDL236W	0.0	0.0	0.0	0.0	-0.9	-1.2	0.0	0.0	0.0	0.0	0.0	-0.7
YDL240W	0.0	0.0	0.0	0.0	0.0	0.0	0.0	0.0	0.0	0.0	0.0	0.7
YDR001C	0.0	0.0	0.0	0.0	0.0	0.0	0.0	0.0	-2.0	0.0	0.0	-1.95
YDR005C	0.0	0.0	0.0	0.0	0.0	1.0	0.0	0.0	0.0	0.0	0.0	0.0
YDR006C	0.0	0.0	0.0	0.0	-0.7	-2.1	0.0	0.0	0.0	0.0	0.0	0.0
YDR007W	0.0	0.0	0.0	0.0	0.0	-1.2	0.0	0.0	0.0	0.0	0.0	0.0
YDR008C	0.0	0.0	0.0	0.0	-2.1	-2.5	0.0	0.0	0.0	0.0	-1.2	-1.7
YDR011W	0.0	0.0	0.0	0.0	-1.0	-1.8	0.0	0.0	0.0	0.0	0.0	0.0
YDR017C	0.0	0.0	0.0	0.0	0.0	-3.7	0.0	0.0	0.0	0.0	0.0	0.0
YDR024W	0.0	0.0	0.0	0.0	1.3	1.7	0.0	0.0	0.0	0.0	0.0	1.4
YDR025W	0.0	0.0	0.0	0.0	0.0	1.6	0.0	0.0	2.7	0.0	0.0	0.0
YDR028C	-1.7	-1.85	-3.3	0.0	0.0	0.0	0.0	-0.7	-1.8	0.0	0.0	0.0
YDR032C	0.0	0.0	0.0	0.0	0.0	0.0	0.0	0.0	0.0	0.0	0.0	0.7
YDR035W	0.0	0.0	0.0	0.0	-0.8	0.0	0.0	0.0	0.0	0.0	0.0	0.0
YDR048C	0.0	0.0	0.0	0.0	0.0	1.6	0.0	0.0	0.0	0.0	0.0	1.2
YDR049W	0.0	0.0	1.1	1.0	1.4	2.05	0.0	0.0	0.0	0.0	0.0	1.2
YDR065W	0.0	0.0	0.0	1.9	0.0	2.85	0.0	0.0	0.0	0.0	0.0	0.0
YDR071C	0.0	0.0	0.0	0.0	-1.15	-2.35	0.0	0.0	0.0	0.0	0.0	0.0
YDR072C	0.0	0.0	0.0	-0.7	0.0	0.0	0.0	0.0	0.0	0.0	0.0	0.0
YDR073W	0.0	0.0	0.0	0.0	-1.5	-2.8	0.0	0.0	0.0	0.0	0.0	0.0
YDR074W	0.0	0.0	0.0	0.0	0.0	0.0	0.0	0.0	0.0	0.0	0.0	-1.9
YDR080W	0.0	0.0	0.0	0.0	0.0	1.5	0.0	0.0	0.0	0.0	0.0	1.7
YDR083W	0.0	0.0	0.0	0.0	1.8	2.7	0.0	0.0	0.0	0.0	0.0	1.6
YDR098C	0.0	0.0	0.0	0.0	0.0	-1.6	0.0	0.0	0.0	0.0	0.0	0.0
YDR101C	0.0	0.0	0.0	0.0	0.0	1.95	0.0	0.0	0.0	0.0	0.0	1.75
YDR114C	0.0	0.0	0.0	1.8	0.0	2.6	0.0	0.0	0.0	0.0	0.0	0.0
YDR115W	0.0	0.0	0.0	0.0	0.0	2.75	0.0	0.0	0.0	0.0	0.0	0.0
YDR121W	0.0	0.0	0.0	1.0	1.1	1.2	0.0	0.0	0.0	0.0	0.8	1.2
YDR124W	0.0	0.0	0.0	0.0	0.0	0.0	0.0	0.0	0.0	0.0	1.4	0.0
YDR126W	0.0	0.0	0.0	0.0	0.0	0.0	0.0	0.0	0.0	-2.4	-2.7	-2.8
YDR135C	-0.8	0.0	-1.4	-2.85	-4.8	-4.2	0.0	0.0	-0.8	0.0	-0.7	-2.35
YDR136C	0.0	0.0	0.0	-3.0	-3.5	-5.1	0.0	0.0	0.0	0.0	0.0	-2.15
YDR140W	0.0	0.0	0.0	0.0	0.0	2.8	0.0	0.8	1.55	0.0	0.0	1.4
YDR144C	0.0	0.0	0.0	0.0	1.0	1.1	0.0	0.0	0.0	0.0	0.0	1.1
YDR146C	0.0	0.0	0.0	0.0	-1.9	-2.5	0.0	0.0	0.0	0.0	0.0	0.0
YDR149C	0.0	0.0	-1.7	0.0	-2.55	-2.65	0.0	-0.8	-2.2	0.0	-1.25	-2.75
YDR150W	0.0	0.0	0.0	0.0	-1.2	-1.85	0.0	0.0	0.0	0.0	0.0	0.0
YDR151C	-1.1	0.0	0.0	0.0	0.0	0.0	0.0	0.0	0.0	0.0	0.0	0.0
YDR153C	-1.6	0.0	0.0	0.0	0.0	0.0	0.0	0.0	0.0	0.0	0.0	0.0
YDR154C	0.0	0.0	0.0	0.0	0.0	0.0	0.0	-0.7	0.0	0.0	0.0	0.0
YDR156W	0.0	0.0	0.0	0.0	1.15	0.0	0.0	0.0	0.0	0.0	0.0	0.0
YDR159W	0.0	0.0	0.0	1.9	0.0	2.0	0.0	0.0	0.0	0.0	0.0	0.0
YDR173C	0.0	0.0	0.0	1.4	2.0	0.0	0.0	-1.0	-1.8	0.0	0.0	0.0
YDR174W	0.0	0.0	0.0	0.0	0.0	2.35	0.0	0.0	1.6	0.0	0.0	0.0
YDR175C	0.0	0.0	0.0	0.0	0.0	2.8	0.0	0.0	0.0	0.0	2.9	0.0
YDR176W	0.0	0.0	0.0	0.0	0.0	0.0	0.0	0.0	-2.2	0.0	0.0	0.0
YDR181C	0.0	0.0	0.0	0.0	0.0	0.0	-1.9	-3.05	-4.0	-4.0	-4.5	-4.9
YDR194C	0.0	0.0	0.0	0.0	0.0	2.25	0.0	0.0	0.0	0.0	0.0	0.0
YDR218C	0.0	0.0	0.0	0.0	0.0	-0.8	0.0	0.0	0.0	0.0	0.0	0.0
YDR221W	0.0	0.0	0.0	0.0	0.0	0.0	0.0	0.0	0.0	0.0	1.8	0.0
YDR225W	0.0	0.0	0.0	0.0	0.0	1.3	0.0	0.0	0.0	0.0	0.0	0.0
YDR226W	0.0	0.0	-2.8	0.0	0.0	0.0	0.0	0.0	0.0	0.0	0.0	0.0
YDR237W	0.0	0.0	0.0	0.0	0.0	2.6	0.0	0.0	0.0	0.0	0.0	1.5
YDR253C	0.0	0.0	-1.1	0.0	-2.55	-4.15	0.0	0.0	0.0	0.0	0.0	-1.95
YDR255C	0.0	0.0	0.0	0.0	0.0	-1.7	0.0	0.0	0.0	0.0	0.0	0.0
YDR259C	0.0	0.0	0.0	0.0	0.0	0.85	0.0	0.0	0.0	0.0	0.0	0.0
YDR265W	0.0	0.0	0.0	-1.05	-1.2	-2.3	0.0	0.0	0.0	0.0	0.0	-1.25
YDR268W	0.0	0.0	0.0	0.0	0.0	2.7	0.0	0.0	0.0	0.0	0.0	0.0
YDR271C	0.0	0.0	0.0	0.0	0.0	0.0	0.0	0.0	0.0	0.0	0.0	1.1
YDR291W	0.0	0.0	0.0	0.0	0.0	0.0	0.0	0.0	0.0	0.0	4.1	0.0
YDR295C	0.0	0.0	0.0	0.0	0.0	1.4	0.0	0.0	0.0	0.0	0.0	0.0
YDR296W	0.0	0.0	0.0	1.7	0.0	1.9	0.0	0.0	0.0	0.0	0.0	0.0
YDR298C	0.0	0.0	0.0	0.0	0.0	2.85	0.0	0.0	0.0	0.0	0.0	0.0
YDR310C	0.0	0.0	0.0	0.0	0.0	0.0	0.0	0.0	0.0	0.0	0.0	-1.25
YDR312W	0.0	0.0	0.0	0.0	0.0	0.0	0.0	0.0	2.1	0.0	0.0	0.0
YDR317W	0.0	0.0	0.0	0.0	-1.2	0.0	0.0	0.0	0.0	0.0	0.0	0.0
YDR329C	0.0	0.0	0.0	-1.3	0.0	-2.35	0.0	0.0	0.0	0.0	0.0	-1.4
YDR334W	0.0	0.0	-2.1	0.0	-2.8	-3.35	0.0	0.0	0.0	0.0	-1.1	-2.85
YDR335W	0.0	0.0	0.0	0.0	2.0	2.25	0.0	0.0	0.0	0.0	0.0	0.0
YDR337W	0.0	0.0	0.0	0.0	0.0	2.2	0.0	0.0	0.0	0.0	0.0	0.0
YDR347W	0.0	0.0	0.0	2.0	1.6	3.15	0.0	0.0	0.0	0.0	0.0	0.0
YDR349C	0.0	0.0	1.8	1.35	1.9	2.85	0.0	0.0	1.6	0.0	0.0	1.7
YDR350C	0.0	0.0	0.0	0.0	0.0	1.85	0.0	0.0	0.0	0.0	0.0	0.0
YDR354W	0.0	0.0	0.0	0.0	-2.15	0.0	0.0	0.0	0.0	0.0	0.0	-1.5
YDR359C	0.0	0.0	0.0	1.5	0.0	0.0	0.0	-0.9	-1.5	0.0	-1.6	-2.2
YDR363W	0.0	0.0	0.0	0.0	0.0	1.8	0.0	0.0	0.0	0.0	0.0	0.0
YDR363W-A	0.0	0.0	0.0	2.1	2.65	3.95	0.0	0.0	0.0	1.6	0.0	1.5
YDR371W	-0.7	0.0	0.0	-1.5	-2.0	0.0	0.0	0.0	0.0	0.0	0.0	0.0
YDR377W	0.0	0.0	0.0	0.0	0.0	1.7	0.0	0.0	0.0	0.0	0.0	0.0
YDR378C	0.0	0.0	1.6	0.0	0.0	2.6	0.0	0.0	0.0	0.0	0.0	0.0
YDR384C	0.0	0.0	0.0	0.0	0.0	0.0	0.0	0.0	0.0	0.0	2.3	0.0
YDR385W	0.0	0.0	0.0	0.0	1.8	2.0	0.0	0.0	0.0	1.5	1.45	1.65
YDR388W	0.0	0.0	0.0	0.0	0.0	-2.5	0.0	0.0	0.0	0.0	0.0	0.0
YDR389W	0.0	0.0	1.9	0.0	1.7	0.0	0.0	1.5	2.2	0.0	0.0	0.0
YDR392W	0.0	0.0	0.0	1.6	2.0	3.2	0.0	0.0	0.0	0.0	0.0	1.4
YDR393W	0.0	0.0	0.0	0.0	0.0	2.15	0.0	0.0	0.0	0.0	0.0	0.0
YDR400W	0.0	0.0	0.0	0.0	0.0	0.0	0.0	0.0	0.0	0.0	1.5	0.0
YDR414C	0.0	0.0	1.65	2.0	2.7	3.45	0.0	0.0	0.0	0.0	1.5	2.45
YDR417C	0.0	0.0	0.0	0.0	0.0	0.0	0.0	0.0	0.0	0.0	0.0	1.4
YDR418W	0.0	0.0	0.0	1.4	0.0	0.0	0.0	0.0	0.0	0.0	0.0	2.0
YDR435C	0.0	0.0	0.0	0.0	0.0	0.0	0.0	0.0	0.0	0.0	-1.35	0.0
YDR442W	0.0	0.0	0.0	0.0	0.0	0.0	0.0	0.0	0.0	0.0	0.0	-1.9
YDR443C	0.0	0.0	1.0	0.8	1.0	1.3	0.0	0.0	0.0	0.0	0.0	0.0
YDR447C	0.0	0.0	0.0	0.0	1.5	2.0	0.0	0.0	0.0	0.0	0.0	0.0
YDR450W	0.0	0.0	0.0	0.0	2.4	4.2	0.0	0.0	1.4	0.0	0.0	1.55
YDR455C	0.0	0.0	0.0	0.0	0.0	-2.25	0.0	0.0	0.0	0.0	0.0	0.0
YDR456W	0.0	0.0	0.0	0.0	0.0	-1.6	0.0	0.0	0.0	0.0	2.2	0.0
YDR457W	0.0	0.0	0.0	0.0	1.0	1.15	0.0	0.0	0.0	0.0	0.0	0.0
YDR458C	0.0	0.0	0.0	0.0	0.0	0.0	0.0	0.0	0.0	0.0	-2.4	0.0
YDR462W	0.0	0.0	0.0	0.0	0.0	1.6	0.0	0.0	0.0	0.0	0.0	0.0
YDR463W	0.0	0.0	-1.9	-1.85	-3.4	-3.1	0.0	0.0	-1.9	0.0	0.0	-2.55
YDR471W	0.0	0.0	0.0	0.0	1.1	1.4	0.0	0.6	0.0	0.0	0.0	1.5
YDR477W	0.0	0.0	-1.7	0.0	0.0	0.0	0.0	0.0	0.0	0.0	-2.1	-1.9
YDR483W	0.0	0.0	0.0	0.0	-1.45	-1.7	0.0	0.0	0.0	0.0	0.0	0.0
YDR484W	0.0	0.0	0.0	0.0	-2.15	-2.4	0.0	0.0	0.0	0.0	0.0	-1.8
YDR497C	0.0	0.0	0.0	0.8	0.8	0.9	0.0	0.0	0.0	0.0	0.0	0.0
YDR500C	0.0	0.0	0.0	0.0	0.0	1.5	0.0	0.0	0.0	0.0	0.0	0.0
YDR506C	0.0	0.0	0.0	0.0	0.0	0.0	0.0	0.0	3.9	0.0	0.0	0.0
YDR507C	0.0	0.0	0.0	1.6	0.0	1.7	0.0	0.0	0.0	0.0	0.0	0.0
YDR512C	0.0	0.0	0.0	0.0	0.0	2.1	0.0	0.0	0.0	0.0	0.0	0.0
YDR516C	0.0	0.0	0.0	0.0	1.0	-2.9	0.0	0.0	1.1	0.0	0.0	1.15
YDR525W	0.0	0.0	0.0	0.0	0.0	0.0	0.0	0.0	0.0	0.0	0.0	-1.7
YDR539W	0.0	0.0	0.0	0.0	0.0	0.0	0.0	0.0	-1.6	0.0	0.0	0.0
YDR540C	0.0	0.0	0.8	0.95	1.25	1.8	0.0	0.0	0.0	0.0	0.0	1.1
YEL003W	0.0	0.0	0.0	0.0	0.0	-3.8	-2.0	-1.7	-2.3	-1.45	-2.1	-3.3
YEL005C	0.0	0.0	0.0	0.0	0.0	0.0	0.0	0.0	0.0	0.0	0.0	1.3
YEL028W	0.0	0.0	0.0	0.0	0.0	0.0	0.0	0.0	0.0	0.0	4.2	0.0
YEL046C	0.0	0.0	0.0	0.0	1.7	0.0	0.0	0.0	0.0	0.0	0.0	0.0
YEL050C	0.0	0.0	0.0	0.0	0.0	2.85	0.0	0.0	0.0	0.0	0.0	1.65
YEL053C	0.0	0.0	0.0	0.0	0.0	-1.1	0.0	0.0	0.0	0.0	0.0	-1.0
YEL054C	0.0	0.0	0.0	0.0	1.25	1.25	0.0	0.0	0.0	0.0	0.0	1.2
YEL060C	0.0	0.0	0.0	0.0	0.0	-2.4	0.0	0.0	0.0	0.0	0.0	0.0
YEL062W	0.0	0.0	1.2	1.1	2.1	3.55	0.0	0.0	0.0	0.0	0.0	1.55
YEL065W	0.0	0.0	0.0	0.0	0.0	0.0	0.0	0.0	-1.8	0.0	0.0	0.0
YEL067C	0.0	0.0	0.0	0.0	0.0	0.0	0.0	0.0	-2.0	0.0	0.0	0.0
YER002W	0.0	0.0	0.0	0.0	0.0	0.0	0.0	0.0	0.0	0.0	-1.8	0.0
YER007C-A	0.0	0.0	0.0	0.0	0.0	0.0	0.0	0.0	0.0	0.0	0.0	1.4
YER017C	0.0	0.0	0.0	2.7	0.0	3.1	0.0	0.0	0.0	0.0	0.0	0.0
YER040W	0.0	0.0	0.0	0.0	0.0	0.0	0.0	0.0	0.0	-1.3	-2.15	-2.35
YER050C	0.0	0.0	0.0	1.8	1.8	3.05	0.0	0.0	0.0	0.0	0.0	0.0
YER055C	0.0	0.0	0.0	0.0	0.0	0.0	0.0	0.0	-1.2	0.0	0.0	0.0
YER056C-A	0.0	0.0	0.0	0.0	-1.1	-2.25	0.0	0.0	0.0	0.0	0.0	0.0
YER065C	0.0	0.0	0.0	0.0	0.0	0.0	0.0	0.0	0.0	0.0	0.0	-0.9
YER074W	0.0	0.0	0.0	0.0	0.0	2.4	0.0	0.0	0.0	0.0	0.0	0.0
YER075C	0.0	0.0	0.0	0.0	0.8	1.0	0.0	0.0	0.0	0.0	0.0	0.0
YER077C	0.0	0.0	0.0	0.0	0.0	2.85	0.0	0.0	0.0	0.0	0.0	0.0
YER084W	0.0	0.0	0.0	0.0	0.0	0.0	0.0	0.0	-2.1	0.0	0.0	-1.5
YER087W	0.0	0.0	0.0	1.3	1.3	2.0	0.0	0.0	0.0	0.0	0.0	0.0
YER089C	0.0	0.0	0.0	0.0	0.0	-1.0	0.0	0.0	0.0	0.0	0.0	0.0
YER092W	0.0	0.0	0.0	0.0	0.0	1.3	0.0	0.0	0.0	0.0	0.0	0.0
YER110C	0.0	0.0	0.0	0.0	0.0	0.8	0.0	0.0	-1.2	-1.6	-2.0	-3.05
YER111C	0.0	0.0	1.5	1.6	2.35	2.4	0.0	0.0	0.0	0.0	0.0	0.0
YER119C-A	0.0	0.0	0.0	0.0	1.25	1.8	0.0	0.0	0.0	0.0	0.0	0.0
YER120W	0.0	0.0	0.0	0.0	0.8	1.0	0.0	0.0	0.0	0.0	0.0	0.0
YER122C	0.0	0.0	0.0	1.85	2.2	2.8	0.0	0.0	0.0	1.2	1.3	2.6
YER131W	0.0	0.0	0.0	1.1	1.45	1.75	0.0	0.0	0.0	0.0	0.0	1.0
YER139C	0.0	0.0	0.0	1.0	1.8	0.0	0.0	0.0	0.0	0.0	0.0	0.9
YER141W	0.0	0.0	0.0	0.0	0.0	0.0	0.0	0.0	-1.3	0.0	0.0	0.0
YER149C	0.0	0.0	0.0	-0.6	-1.25	-1.75	0.0	0.0	0.0	0.0	0.0	-0.9
YER151C	0.0	0.0	-2.15	-2.2	-2.1	-3.1	0.0	0.0	0.0	0.0	0.0	0.0
YER153C	0.0	0.0	0.0	0.0	0.0	0.0	0.0	0.0	-3.0	0.0	0.0	0.0
YER161C	0.0	0.0	1.1	0.0	0.9	1.8	0.0	0.0	0.0	0.0	0.0	0.0
YER167W	0.0	0.0	1.1	1.0	1.2	1.55	0.0	0.0	0.0	0.0	0.0	0.0
YER177W	0.0	0.0	0.0	-0.9	-1.3	-3.0	0.0	0.0	0.0	0.0	-1.65	-2.95
YFL016C	0.0	0.0	-2.2	0.0	-1.9	-2.0	0.0	0.0	0.0	0.0	0.0	0.0
YFL023W	0.0	0.0	0.0	0.0	0.0	0.0	0.0	0.0	0.0	-1.7	-1.6	-2.7
YFL025C	0.0	0.0	0.0	0.0	0.0	-2.4	0.0	0.0	0.0	0.0	0.0	0.0
YFL036W	0.0	0.0	0.0	0.0	0.0	4.4	0.0	0.0	0.0	0.0	0.0	2.2
YFL041W	0.0	0.0	0.0	0.0	0.0	0.0	0.0	0.0	0.0	0.0	1.8	0.0
YFR010W	0.0	0.0	0.0	0.0	0.0	0.0	2.1	0.0	-1.5	0.0	0.0	-1.9
YFR016C	0.0	0.0	0.0	0.0	0.0	0.0	0.0	0.0	0.0	0.0	1.1	0.0
YFR026C	0.0	0.0	0.0	0.0	0.0	0.0	0.0	0.0	0.0	0.0	1.4	0.0
YFR030W	0.0	0.0	0.0	0.0	0.0	-3.7	0.0	0.0	0.0	0.0	0.0	0.0
YFR031C-A	0.0	0.0	0.0	0.0	1.5	1.8	0.0	0.0	0.0	0.0	0.0	1.6
YFR034C	0.0	0.0	0.0	-2.1	0.0	0.0	0.0	0.0	0.0	-3.0	0.0	0.0
YFR036W	-1.7	0.0	-2.8	-4.15	-5.7	-3.9	0.0	-2.9	-4.5	-3.65	-4.35	-3.45
YFR040W	0.0	0.0	0.0	0.0	0.0	0.0	0.0	0.0	0.0	0.0	-1.5	-2.0
YFR045W	0.0	0.0	0.0	0.0	0.0	0.0	0.0	0.0	6.9	0.0	0.0	0.0
YFR049W	0.0	0.0	0.0	0.0	0.0	-1.3	0.0	0.0	0.0	0.0	0.0	0.0
YGL003C	0.0	0.0	0.0	0.0	0.0	1.5	0.0	0.0	0.0	0.0	0.0	0.0
YGL007W	0.0	0.0	0.0	0.0	0.0	1.2	0.0	0.0	0.0	0.0	0.0	0.0
YGL012W	0.0	0.0	0.0	0.0	0.0	-2.2	0.0	0.0	0.0	-1.7	-1.4	0.0
YGL014W	0.0	0.0	0.0	0.0	0.0	1.85	0.0	0.0	0.0	0.0	0.0	1.1
YGL019W	0.0	0.0	0.0	0.0	1.3	0.0	0.0	0.0	0.0	0.0	0.0	0.0
YGL020C	-1.5	0.0	0.0	0.0	0.0	0.0	0.0	0.0	0.0	0.0	0.0	0.0
YGL025C	0.0	0.0	0.0	1.3	0.0	0.0	0.0	0.0	0.0	0.0	0.0	0.0
YGL031C	0.0	0.0	0.0	0.0	0.0	0.0	0.0	0.0	0.0	0.0	0.0	1.15
YGL043W	0.0	0.0	0.0	0.0	0.0	1.1	0.0	0.0	-3.0	0.0	0.0	0.0
YGL045W	0.0	0.0	0.0	0.0	0.0	0.0	0.0	0.0	0.0	0.0	-1.95	-2.2
YGL054C	0.0	0.0	0.0	0.0	1.5	2.1	0.0	0.0	0.0	0.0	0.0	0.0
YGL062W	0.0	0.0	0.0	0.0	0.0	-1.2	0.0	0.0	0.0	0.0	0.0	0.0
YGL064C	0.0	0.0	0.0	0.0	0.0	2.9	0.0	0.0	0.0	0.0	0.0	0.0
YGL066W	0.0	0.0	0.0	0.0	0.0	0.0	0.0	0.0	0.0	0.0	0.0	1.4
YGL071W	0.0	0.0	-1.6	1.9	0.0	2.7	0.0	0.0	-1.2	0.0	0.0	0.0
YGL072C	0.0	0.0	0.0	0.0	0.0	1.7	0.0	0.0	0.0	0.0	0.0	0.0
YGL076C	0.0	0.0	0.0	0.0	0.0	0.0	0.0	0.9	1.75	0.0	0.0	1.7
YGL078C	0.0	0.0	0.0	0.0	0.0	1.55	0.0	0.0	0.0	0.0	0.0	1.5
YGL082W	0.0	0.0	0.0	0.0	0.0	0.0	0.0	0.0	-3.8	0.0	0.0	0.0
YGL086W	0.0	0.0	0.0	0.0	0.0	-1.6	0.0	0.0	0.0	0.0	0.0	0.0
YGL087C	0.0	0.0	0.0	0.0	0.0	1.0	0.0	0.0	0.0	0.0	0.0	0.0
YGL088W	0.0	0.0	0.0	0.0	1.95	3.2	0.0	0.0	0.0	0.0	0.0	2.0
YGL105W	0.0	0.0	0.0	0.0	1.6	2.2	0.0	0.0	0.0	0.0	0.0	0.0
YGL115W	0.0	0.0	0.0	0.0	-2.0	0.0	0.0	0.0	0.0	0.0	0.0	0.0
YGL118C	-1.9	0.0	0.0	0.0	0.0	0.0	0.0	0.0	0.0	0.0	0.0	0.0
YGL127C	0.0	1.3	0.0	0.0	1.55	0.0	0.0	0.0	0.0	0.0	0.0	0.0
YGL133W	0.0	0.0	0.0	-1.5	-2.05	-3.55	0.0	0.0	0.0	0.0	-1.0	-1.3
YGL136C	0.0	0.0	0.0	0.0	0.0	1.5	0.0	0.0	0.0	0.0	0.0	0.0
YGL147C	0.0	0.0	0.0	0.0	1.8	1.95	0.0	0.0	1.15	0.0	0.0	1.5
YGL148W	0.0	0.0	0.0	-2.35	-2.2	-2.65	0.0	0.0	0.0	-2.0	-2.65	-3.85
YGL149W	-1.2	0.0	0.0	-1.5	0.0	0.0	0.0	0.0	0.0	0.0	0.7	0.0
YGL152C	0.0	0.0	0.0	0.0	-1.8	-2.5	0.0	0.0	0.0	0.0	0.0	0.0
YGL153W	0.0	0.0	0.0	-0.8	-1.15	-1.8	0.0	0.0	0.0	0.0	0.0	-1.15
YGL163C	0.0	0.0	0.0	0.0	0.0	-2.3	0.0	0.0	0.0	0.0	0.0	0.0
YGL168W	0.0	0.0	0.0	-1.8	0.0	-1.6	0.0	0.0	0.0	0.0	0.0	0.0
YGL175C	0.0	0.0	0.0	0.0	0.0	0.0	0.0	0.0	0.0	0.0	-1.5	-2.4
YGL209W	0.0	0.0	0.0	0.0	0.0	-1.2	0.0	0.0	0.0	0.0	0.0	-0.8
YGL213C	0.0	0.0	0.0	0.0	0.9	1.35	0.0	0.0	0.0	0.0	0.0	1.1
YGL214W	0.0	0.0	0.0	0.0	0.7	1.1	0.0	0.0	1.3	0.0	0.0	1.35
YGL218W	0.0	0.0	0.0	0.0	0.0	2.6	0.0	0.0	0.0	0.0	0.0	0.0
YGL219C	0.0	0.0	0.0	0.0	3.3	4.5	0.0	0.0	0.0	0.0	0.0	0.0
YGL220W	0.0	0.0	0.0	0.0	0.0	-1.7	0.0	0.0	0.0	0.0	0.0	0.0
YGL227W	-1.1	0.0	0.0	0.0	0.0	0.0	0.0	0.0	0.0	0.0	0.0	0.0
YGL240W	0.0	0.0	0.0	2.2	2.2	3.9	0.0	0.0	0.0	0.0	0.0	0.0
YGL244W	0.0	0.0	1.4	0.0	0.0	2.9	0.0	0.0	0.0	0.0	0.0	0.0
YGL249W	0.0	0.0	0.0	0.0	-1.0	0.0	0.0	0.0	0.0	0.0	0.0	0.0
YGL250W	0.0	0.0	0.0	0.0	-1.5	-1.2	0.0	0.0	0.0	0.0	0.0	0.0
YGL252C	0.0	0.0	0.0	0.0	0.0	-1.3	0.0	0.0	0.0	0.0	0.0	0.0
YGL253W	0.0	0.0	0.0	0.0	-1.3	0.0	0.0	0.0	0.0	-1.0	-1.45	-1.8
YGR012W	0.0	0.0	0.0	0.0	0.0	1.1	0.0	0.0	0.0	0.0	0.0	0.0
YGR028W	-0.9	0.0	0.0	0.0	0.0	0.0	0.0	0.0	0.0	0.0	0.0	0.0
YGR034W	0.0	0.0	0.0	0.0	0.0	1.3	0.0	0.0	0.0	0.0	0.0	0.9
YGR035C	-1.2	0.0	0.0	0.0	0.0	0.0	0.0	0.0	0.0	0.0	0.0	0.0
YGR049W	0.0	0.0	0.0	0.0	0.0	0.0	0.0	0.0	0.0	0.0	1.6	0.0
YGR054W	0.0	0.0	0.0	0.0	0.0	-0.9	0.0	0.0	0.0	0.0	0.0	0.0
YGR056W	0.0	0.0	0.0	0.0	0.0	0.0	0.0	0.0	-1.8	0.0	0.0	0.0
YGR057C	0.0	0.0	-1.6	-2.7	-4.1	-3.55	0.0	-1.2	-2.5	-1.95	-2.8	-4.7
YGR063C	0.0	0.0	1.5	1.95	2.6	3.0	0.0	0.0	0.0	0.0	1.3	2.95
YGR064W	0.0	0.0	1.8	1.65	2.55	2.8	0.0	0.0	0.0	0.0	1.45	2.95
YGR072W	0.0	0.0	0.0	0.0	0.0	1.1	0.0	0.0	0.0	0.0	0.0	0.95
YGR077C	0.0	0.0	0.0	-0.9	-1.2	-1.95	0.0	0.0	0.0	0.0	-0.7	-1.1
YGR078C	0.0	0.0	0.0	0.0	0.0	0.0	0.0	-2.3	-2.4	0.0	0.0	0.0
YGR081C	0.0	0.0	0.0	1.2	1.9	2.15	0.0	0.0	0.0	0.0	0.0	1.5
YGR085C	0.0	0.0	0.0	0.0	0.0	0.0	0.0	0.0	0.0	0.0	0.0	1.6
YGR089W	0.0	0.0	0.0	0.0	0.0	0.0	0.0	0.0	0.0	0.0	0.0	0.6
YGR097W	0.0	0.0	0.0	0.0	1.5	3.0	0.0	0.0	0.0	0.0	0.0	1.4
YGR101W	0.0	0.0	0.0	1.9	0.0	2.5	0.0	0.0	0.0	0.0	0.0	0.0
YGR102C	0.0	0.0	0.0	1.55	1.5	3.25	0.0	0.0	0.0	0.0	1.4	1.45
YGR104C	0.0	0.0	1.5	0.0	2.15	2.45	0.0	0.0	0.0	0.0	0.0	0.0
YGR106C	0.0	0.0	0.0	0.0	-1.4	-1.75	0.0	0.0	0.0	0.0	0.0	-1.7
YGR118W	0.0	0.0	0.0	0.0	1.8	2.75	0.0	0.0	0.0	0.0	0.0	1.3
YGR122W	0.0	0.0	0.0	0.0	0.0	0.0	0.0	0.0	0.0	0.0	-2.05	-2.35
YGR123C	0.0	0.0	0.0	0.0	0.0	0.0	0.0	0.0	0.0	0.0	0.0	-0.8
YGR133W	0.0	0.0	-1.1	-1.0	-1.4	-2.3	0.0	-0.8	-1.4	-0.8	-1.0	-1.9
YGR134W	0.0	0.0	0.0	0.0	0.8	0.9	0.0	0.0	0.0	0.0	0.0	0.0
YGR138C	0.0	0.0	0.0	0.0	0.0	0.0	0.0	0.0	-1.3	0.0	0.0	0.0
YGR144W	0.0	0.0	0.0	0.0	0.0	1.2	0.0	0.0	0.0	0.0	0.0	0.0
YGR148C	0.0	0.0	0.0	0.0	0.0	0.0	0.0	0.0	0.0	0.0	0.0	1.4
YGR150C	0.0	0.0	0.0	1.1	0.0	1.75	0.0	0.0	0.0	0.0	0.0	0.0
YGR153W	0.0	0.0	0.0	0.0	0.0	0.0	0.0	0.0	0.0	0.0	-1.1	0.0
YGR157W	0.0	0.0	0.0	0.0	0.0	0.0	0.0	0.0	0.0	0.0	2.1	0.0
YGR159C	0.0	0.0	1.55	0.0	0.0	4.6	0.0	0.0	0.0	0.0	0.0	0.0
YGR160W	0.0	0.0	0.0	0.0	0.0	3.7	0.0	0.0	0.0	0.0	0.0	0.0
YGR161C	0.0	0.0	0.0	0.0	0.0	0.0	-1.4	0.0	0.0	0.0	0.0	0.0
YGR162W	0.0	0.0	0.0	0.0	0.0	2.05	0.0	0.0	0.0	0.0	0.0	0.0
YGR163W	0.0	0.0	0.0	0.0	-2.95	-3.55	0.0	0.0	0.0	0.0	0.0	-2.85
YGR170W	0.0	0.0	0.0	0.0	0.0	-1.65	0.0	0.0	0.0	0.0	0.0	0.0
YGR178C	0.0	0.0	0.0	0.0	-0.9	-1.3	0.0	0.0	0.0	0.0	0.0	0.0
YGR184C	0.0	0.0	0.0	0.0	-1.6	-1.8	0.0	0.0	0.0	0.0	0.0	0.0
YGR200C	0.0	0.0	0.0	0.0	1.7	2.0	0.0	0.0	0.0	0.0	0.0	0.0
YGR205W	0.0	0.0	0.0	0.0	0.0	0.0	0.0	0.0	0.0	0.0	-1.2	0.0
YGR208W	0.0	0.0	0.0	0.0	0.0	-4.1	0.0	0.0	0.0	0.0	0.0	0.0
YGR209C	0.0	0.0	0.0	0.0	0.0	-2.75	0.0	0.0	0.0	0.0	0.0	0.0
YGR214W	0.0	0.0	0.0	0.0	1.4	2.3	0.0	0.0	0.0	0.0	0.0	0.0
YGR215W	0.0	0.0	0.0	1.5	2.3	3.0	0.0	0.0	0.0	0.0	0.0	0.0
YGR219W	0.0	0.0	0.0	1.5	0.0	2.55	0.0	0.0	0.0	0.0	0.0	0.0
YGR220C	0.0	0.0	0.0	1.3	1.1	2.2	0.0	0.0	0.0	0.0	0.0	0.0
YGR221C	0.0	0.0	0.0	0.0	0.0	-1.1	0.0	0.0	0.0	0.0	0.0	0.0
YGR223C	0.0	0.0	0.0	0.0	0.0	0.0	0.0	0.0	0.0	0.0	0.0	1.1
YGR228W	0.0	0.0	0.0	-1.1	-1.6	-2.1	0.0	0.0	0.0	0.0	0.0	-1.5
YGR242W	0.0	0.0	0.0	0.0	0.0	0.0	0.0	0.0	0.0	0.0	2.4	0.0
YGR257C	0.0	0.0	0.0	1.0	0.0	1.5	0.0	0.0	0.0	0.0	0.0	0.0
YGR263C	-1.8	0.0	0.0	0.0	0.0	0.0	0.0	0.0	0.0	0.0	0.0	0.0
YGR271C-A	0.0	0.0	0.0	1.5	0.0	4.1	0.0	0.8	0.0	0.0	0.0	0.0
YGR285C	0.0	0.0	0.0	2.8	2.3	3.7	0.0	1.0	0.0	0.0	0.0	0.0
YHL002W	0.0	0.0	0.0	0.0	0.0	-1.3	0.0	0.0	0.0	0.0	0.0	0.0
YHL007C	0.0	0.0	0.0	-1.1	0.0	-1.85	0.0	0.0	0.0	0.0	0.0	0.0
YHL009C	0.0	0.0	0.0	-1.8	-1.6	-2.6	0.0	-0.9	-1.7	0.0	-2.25	-3.15
YHL011C	-1.6	0.0	0.0	0.0	0.0	0.0	0.0	0.9	1.7	0.0	0.0	0.0
YHL014C	0.0	0.0	0.0	0.0	0.0	0.0	0.0	0.0	-1.7	0.0	-0.9	0.0
YHL020C	0.0	0.0	0.0	0.0	0.0	-2.0	0.0	0.0	0.0	0.0	0.0	-2.65
YHL023C	0.0	0.0	0.0	0.0	1.65	3.6	0.0	0.0	0.0	0.0	0.0	1.4
YHL025W	0.0	0.0	0.0	0.0	0.0	-3.4	0.0	1.0	0.0	0.0	0.0	0.0
YHL027W	0.0	0.0	0.0	0.0	0.0	0.0	0.0	0.0	0.0	-1.8	-2.35	-2.8
YHL037C	0.0	0.0	-1.8	0.0	0.0	0.0	0.0	0.0	0.0	0.0	0.0	0.0
YHL039W	-1.0	0.0	0.0	0.0	0.0	0.0	0.0	0.0	0.0	0.0	0.0	0.0
YHL044W	0.0	0.0	0.0	0.0	0.0	-2.1	0.0	0.0	0.0	0.0	0.0	-2.4
YHR001W-A	0.0	0.0	0.0	0.0	0.0	-1.5	0.0	0.0	0.0	0.0	0.0	0.0
YHR008C	0.0	0.0	0.0	1.9	0.0	2.0	0.0	0.0	0.0	0.0	0.0	0.0
YHR010W	0.0	0.0	0.0	0.0	0.0	3.1	0.0	0.0	0.0	0.0	0.0	0.0
YHR011W	0.0	0.0	0.0	1.7	2.3	3.8	0.0	0.0	0.0	0.0	0.0	0.0
YHR012W	-1.1	0.0	0.0	0.0	0.0	-3.5	0.0	0.0	0.0	0.0	0.0	0.0
YHR013C	0.0	0.0	0.0	0.0	0.0	-1.7	0.0	0.0	0.0	0.0	0.0	0.0
YHR029C	0.0	0.0	0.0	0.0	0.0	-2.3	0.0	0.0	-1.3	0.0	3.2	0.0
YHR030C	0.0	0.0	0.0	0.0	0.0	-3.8	0.0	0.0	0.0	0.0	-3.5	-3.1
YHR031C	0.0	0.0	0.0	0.0	0.0	0.0	0.0	0.0	0.0	-1.5	-1.4	-1.7
YHR034C	0.0	0.0	0.0	1.9	2.6	3.4	0.0	0.0	0.0	0.0	0.0	2.0
YHR038W	0.0	0.0	0.0	0.0	1.8	2.9	0.0	0.0	0.0	0.0	0.0	0.0
YHR041C	0.0	0.0	1.8	0.0	2.75	2.75	0.0	0.0	0.0	0.0	0.0	0.0
YHR045W	0.0	0.0	0.0	0.0	-1.6	-4.8	0.0	0.0	0.0	0.0	0.0	0.0
YHR060W	0.0	0.0	0.0	0.0	0.0	0.0	0.0	0.9	0.0	-1.9	-2.6	0.0
YHR061C	0.0	0.0	0.0	0.0	0.0	-1.1	0.0	0.0	0.0	0.0	0.0	0.0
YHR064C	0.0	0.0	0.0	0.0	2.4	2.9	0.0	0.0	0.0	0.0	0.0	0.0
YHR066W	0.0	0.0	0.0	0.0	1.85	2.1	0.0	0.0	0.0	0.0	0.0	2.05
YHR073W	0.0	0.0	0.0	0.0	0.0	-0.9	0.0	0.0	0.0	0.0	0.0	0.0
YHR077C	0.0	0.0	0.0	0.0	0.8	1.1	0.0	0.0	0.0	0.0	0.0	1.0
YHR079C-A	0.0	0.0	0.0	0.0	0.0	0.0	0.0	0.0	0.0	0.0	1.6	0.0
YHR082C	0.0	0.0	0.0	0.0	0.0	0.9	0.0	0.0	0.0	0.0	0.0	0.0
YHR087W	0.0	0.0	0.0	0.0	0.0	-1.9	0.0	0.0	0.0	0.0	0.0	0.0
YHR092C	0.0	0.0	0.0	0.0	-1.0	-1.65	0.0	0.0	0.0	0.0	0.0	0.0
YHR100C	0.0	0.0	0.0	0.0	0.0	0.0	0.0	-1.2	0.0	0.0	0.0	0.0
YHR103W	0.0	0.0	0.0	0.0	0.0	0.0	0.0	0.0	-1.6	0.0	0.0	-1.65
YHR104W	0.0	0.0	0.0	0.0	0.0	-1.3	0.0	0.0	-1.15	0.0	0.0	-1.25
YHR108W	0.0	0.0	0.0	0.0	0.0	0.0	0.0	0.0	-1.4	0.0	-0.8	-0.9
YHR111W	0.0	0.0	1.0	1.6	2.05	1.95	0.0	0.0	0.0	0.0	0.0	1.8
YHR113W	0.0	0.0	0.0	0.0	0.0	0.0	0.0	0.0	-1.9	0.0	0.0	0.0
YHR115C	0.0	0.0	0.0	0.0	0.0	0.0	0.0	0.0	-1.7	0.0	0.0	0.0
YHR120W	0.0	0.0	0.0	1.7	0.0	3.1	0.0	0.0	0.0	0.0	0.0	1.5
YHR129C	0.0	0.0	-1.3	-1.3	-2.05	-2.9	0.0	-0.95	-2.4	0.0	-1.15	-3.05
YHR147C	0.0	0.0	0.0	0.0	0.0	1.2	0.0	0.0	0.0	0.0	0.0	0.0
YHR151C	0.0	0.0	0.0	0.0	0.0	-3.25	0.0	0.0	0.0	0.0	0.0	0.0
YHR153C	0.0	0.0	0.0	0.0	0.0	0.0	0.0	0.0	0.0	0.0	2.2	0.0
YHR167W	0.0	0.0	0.0	0.0	-1.6	0.0	0.0	0.0	0.0	0.0	0.0	0.0
YHR171W	0.0	0.0	0.0	0.0	0.0	0.0	0.0	0.0	0.0	0.0	1.0	0.0
YHR178W	0.0	0.0	0.0	-1.9	0.0	0.0	0.0	0.0	0.0	0.0	0.0	0.0
YHR193C	0.0	0.0	0.0	0.0	1.25	1.4	0.0	0.0	0.0	0.0	0.0	0.0
YHR202W	0.0	0.0	-1.4	0.0	0.0	-2.2	0.0	0.0	0.0	0.0	0.0	0.0
YHR203C	0.0	0.0	0.0	1.1	2.35	3.2	0.0	0.0	0.0	0.0	0.0	1.2
YHR206W	0.0	0.0	0.0	0.0	1.0	1.35	0.0	0.0	0.0	0.0	0.0	0.0
YHR207C	0.0	0.0	0.0	0.7	1.1	1.3	0.0	0.0	0.0	0.0	0.0	0.0
YIL005W	0.0	0.0	0.0	0.0	0.0	-2.05	0.0	0.0	0.0	0.0	0.0	0.0
YIL009C-A	0.0	0.0	0.0	0.0	0.0	0.0	0.0	0.0	0.0	0.0	2.2	0.0
YIL010W	0.0	0.0	0.0	0.0	0.0	0.0	0.0	0.0	-1.6	0.0	0.0	0.0
YIL011W	0.0	0.0	0.0	0.0	0.0	0.0	0.0	0.0	-1.4	0.0	0.0	0.0
YIL014W	0.0	0.0	0.0	0.0	0.0	-1.2	0.0	0.0	0.0	0.0	0.0	0.0
YIL015W	0.0	0.0	0.0	0.0	0.0	0.8	0.0	0.0	0.0	0.0	0.0	0.0
YIL018W	0.0	0.0	0.0	1.9	0.0	1.6	0.0	0.0	-1.5	0.0	0.0	0.0
YIL029C	0.0	0.0	0.0	0.0	0.0	1.8	0.0	0.0	0.0	0.0	0.0	0.0
YIL035C	0.0	0.0	0.0	0.0	1.2	1.55	0.0	0.0	0.0	0.0	0.0	0.0
YIL038C	0.0	0.0	0.0	0.0	0.0	0.0	0.0	0.0	0.0	0.0	0.0	1.7
YIL047C	0.0	0.0	0.0	0.0	0.0	2.2	0.0	0.0	0.0	0.0	0.0	0.0
YIL052C	0.0	0.0	0.0	-1.9	-4.4	-4.2	0.0	0.0	0.0	0.0	0.0	0.0
YIL053W	0.0	0.0	0.0	1.3	1.6	2.6	0.0	0.0	0.0	0.0	0.0	0.0
YIL060W	0.0	0.0	0.0	1.6	1.7	2.25	0.0	0.0	0.0	0.0	1.1	1.5
YIL065C	0.0	0.0	0.0	0.0	0.0	0.9	0.0	0.0	0.0	0.0	0.0	0.0
YIL067C	0.0	0.0	0.0	0.0	0.0	0.0	0.0	0.0	-1.4	-1.5	-2.8	-3.35
YIL069C	0.0	0.0	0.9	1.0	1.25	1.65	0.0	0.0	0.0	0.0	0.0	0.0
YIL074C	0.0	0.0	0.0	0.0	0.0	-1.3	0.0	0.0	0.0	0.0	0.0	0.0
YIL076W	0.0	0.0	0.0	0.0	0.0	0.8	0.0	0.0	0.0	0.0	0.0	0.0
YIL077C	0.0	0.0	0.0	0.7	1.1	1.25	0.0	0.0	0.0	0.0	0.0	0.0
YIL083C	0.0	0.0	0.0	0.0	0.0	0.0	0.0	-1.1	-2.0	0.0	0.0	-1.4
YIL090W	0.0	2.5	0.0	0.0	0.0	0.0	0.0	0.0	0.0	0.0	0.0	0.0
YIL092W	0.0	0.0	1.4	0.0	0.0	0.0	0.0	0.0	0.0	1.2	0.0	0.0
YIL093C	0.0	0.0	0.0	0.0	0.0	2.45	0.0	0.0	0.0	0.0	0.0	0.0
YIL098C	0.0	0.0	0.0	0.0	1.9	2.3	0.0	0.0	0.0	0.0	0.0	0.0
YIL110W	0.0	0.0	1.35	2.2	2.25	4.1	0.0	0.0	0.0	0.0	0.0	2.3
YIL112W	0.0	0.0	0.0	0.0	0.0	1.65	0.0	0.0	0.0	0.0	0.0	0.0
YIL133C	0.0	0.0	0.0	1.3	1.6	2.35	0.0	0.0	0.0	0.0	0.0	1.65
YIL134W	0.0	0.0	0.0	0.0	0.0	0.0	-2.3	0.0	0.0	0.0	0.0	0.0
YIL148W	0.0	0.0	0.0	-1.5	-2.2	-2.8	0.0	0.0	-1.7	0.0	-1.85	-2.85
YIL153W	0.0	0.0	0.0	0.0	0.0	0.0	0.0	0.0	0.0	0.0	-1.1	-2.0
YIL154C	0.0	0.0	0.0	0.0	-3.3	-4.8	0.0	0.0	0.0	0.0	0.0	-3.0
YIL156W	0.0	0.0	0.0	0.0	0.0	-1.6	0.0	0.0	0.0	0.0	0.0	0.0
YIR005W	0.0	0.0	0.0	1.4	1.3	0.0	0.0	0.0	0.0	0.0	0.0	0.0
YIR013C	0.0	0.0	0.0	0.0	0.0	0.0	0.0	0.0	-1.2	0.0	0.0	0.0
YIR017C	0.0	0.0	0.0	0.0	0.0	-3.1	0.0	0.0	0.0	0.0	0.0	0.0
YIR021W	0.0	0.0	0.0	0.0	0.0	0.0	0.0	0.0	-1.1	0.0	0.0	0.0
YIR023W	0.0	0.0	0.0	-2.5	0.0	-2.9	0.0	0.0	0.0	0.0	0.0	1.5
YJL013C	0.0	0.0	0.0	0.0	0.0	-1.6	0.0	0.0	0.0	0.0	0.0	0.0
YJL016W	0.0	0.0	0.0	0.0	0.0	0.0	0.0	0.0	7.5	0.0	0.0	0.0
YJL023C	0.0	0.0	0.0	0.0	0.0	1.6	0.0	0.0	0.0	0.0	0.0	0.0
YJL024C	0.0	0.0	0.0	0.0	0.0	1.3	0.0	0.0	0.0	0.0	0.0	0.0
YJL030W	0.0	0.0	0.0	0.0	-1.2	-2.1	0.0	0.0	0.0	0.0	0.0	-1.05
YJL047C	0.0	0.0	0.0	0.0	0.0	0.0	0.0	0.0	0.0	0.0	-1.6	-1.6
YJL052W	0.0	0.0	0.0	0.0	0.0	1.45	0.0	0.0	0.0	0.0	0.0	0.0
YJL053W	0.0	0.0	0.0	0.0	0.0	-3.0	0.0	0.0	0.0	0.0	0.0	0.0
YJL056C	0.0	1.4	1.9	0.0	0.0	3.1	0.0	0.0	0.0	0.0	0.0	0.0
YJL063C	0.0	0.0	0.0	0.0	0.0	1.8	0.0	0.0	0.0	0.0	0.0	0.0
YJL065C	0.0	0.0	0.0	0.0	0.0	0.0	0.0	0.0	0.0	0.0	0.0	1.0
YJL070C	0.0	0.0	0.0	0.0	0.0	0.0	0.0	0.0	0.0	0.0	-0.6	0.0
YJL073W	0.0	0.0	0.0	0.0	-1.2	-1.7	0.0	0.0	0.0	0.0	0.0	-1.1
YJL095W	0.0	0.0	0.0	2.05	3.65	2.75	0.0	1.2	0.0	0.0	0.0	0.0
YJL099W	0.0	0.0	0.0	0.0	0.0	0.0	0.0	0.0	0.0	0.0	0.0	-1.95
YJL101C	-3.45	-2.1	-4.45	-4.3	0.0	-4.9	0.0	0.0	0.0	0.0	0.0	0.0
YJL102W	0.0	0.0	0.0	1.7	1.8	3.3	0.0	0.0	0.0	0.0	0.0	1.9
YJL120W	0.0	-1.1	-2.8	-4.15	-3.4	-4.75	0.0	0.0	-1.6	0.0	0.0	-4.75
YJL121C	-2.0	0.0	-4.3	-3.2	-2.8	-2.6	0.0	0.0	-3.05	-2.1	-2.6	-3.8
YJL124C	0.0	0.0	0.0	0.0	1.85	2.9	0.0	0.0	0.0	0.0	0.0	0.0
YJL127C	0.0	0.0	0.0	1.8	2.6	3.5	0.0	0.0	0.0	0.0	0.0	2.0
YJL128C	0.0	0.0	-2.1	-1.5	-2.15	-4.55	0.0	-0.9	-3.0	-0.7	-1.4	-5.5
YJL129C	0.0	0.0	0.0	0.0	0.0	0.0	0.0	0.0	4.4	0.0	0.0	0.0
YJL136C	0.0	0.0	0.0	1.2	1.5	1.6	0.0	0.0	0.0	0.0	0.0	0.0
YJL141C	0.0	0.0	0.0	0.0	0.0	0.0	-1.3	0.0	0.0	0.0	0.0	0.0
YJL142C	0.0	0.0	0.0	0.0	0.0	-1.1	0.0	0.0	0.0	0.0	0.0	0.0
YJL154C	0.0	0.0	0.0	0.0	0.0	-3.2	0.0	0.0	0.0	0.0	0.0	0.0
YJL157C	0.0	0.0	0.0	0.0	0.0	-1.6	0.0	0.0	0.0	0.0	0.0	-1.4
YJL159W	0.0	0.0	0.0	0.0	-1.4	-1.7	0.0	0.0	0.0	0.0	0.0	0.0
YJL169W	0.0	0.0	0.0	0.8	0.0	0.9	0.0	0.0	0.0	0.0	0.0	0.0
YJL175W	0.0	0.0	0.0	-1.6	0.0	0.0	0.0	0.0	0.0	0.0	0.0	0.0
YJL177W	0.0	0.0	0.0	0.0	1.15	1.4	0.0	0.0	0.0	0.0	0.0	1.15
YJL178C	0.0	0.0	0.0	0.0	0.0	-1.4	0.0	0.0	0.0	0.0	0.0	0.0
YJL179W	0.0	-1.3	-2.0	-3.2	-4.5	-3.6	-2.6	-2.85	-4.05	-4.7	-5.65	-4.8
YJL180C	0.0	0.0	0.0	0.0	0.0	2.3	0.0	0.0	0.0	-2.0	0.0	0.0
YJL185C	0.0	0.0	0.0	0.0	0.0	-1.4	0.0	0.0	0.0	0.0	0.0	0.0
YJL192C	0.0	0.0	-1.5	-0.7	-1.35	-2.05	0.0	0.0	-1.3	0.0	-0.95	-1.85
YJL197W	0.0	0.0	-1.4	0.0	-2.2	-2.75	0.0	0.0	0.0	0.0	0.0	0.0
YJL204C	0.0	0.0	0.0	0.0	0.0	-1.45	0.0	0.0	0.0	0.0	-1.1	0.0
YJL206C	0.0	0.0	0.0	0.0	0.0	0.0	0.0	0.0	5.9	0.0	0.0	0.0
YJL210W	0.0	0.0	0.0	0.0	0.0	-1.4	0.0	0.0	0.0	0.0	0.0	0.0
YJL211C	0.0	0.0	0.0	0.0	-1.4	-2.0	0.0	0.0	-1.4	0.0	0.0	-1.8
YJL212C	0.0	0.0	0.0	-0.9	-0.8	-1.5	0.0	0.0	0.0	0.0	0.0	0.0
YJR006W	0.0	0.0	0.0	0.0	0.0	0.0	-1.4	0.0	0.0	0.0	0.0	0.0
YJR010W	0.0	0.0	0.0	0.0	-0.6	-4.25	0.0	0.0	0.0	0.0	0.0	0.0
YJR011C	0.0	0.0	0.0	0.0	0.0	0.0	0.0	0.6	0.0	0.0	0.0	0.0
YJR014W	0.0	0.0	0.0	0.0	0.0	0.0	0.0	0.0	0.0	0.0	0.0	1.7
YJR032W	0.0	0.0	1.8	1.65	2.65	3.8	0.0	0.0	0.0	0.0	0.0	2.7
YJR033C	0.0	0.0	0.0	0.0	0.0	1.4	0.0	0.0	1.7	0.0	0.0	0.0
YJR043C	0.0	0.0	0.0	0.0	0.0	0.0	0.0	0.0	0.0	-1.4	0.0	-1.6
YJR049C	0.0	0.0	0.0	1.0	1.55	2.4	0.0	0.0	0.0	0.0	0.0	0.0
YJR053W	0.0	0.0	0.0	0.0	0.0	-1.25	0.0	0.0	0.0	0.0	0.0	0.0
YJR054W	0.0	0.0	0.0	0.0	-0.9	-1.4	0.0	0.0	0.0	0.0	0.0	-1.4
YJR055W	0.0	0.0	0.0	1.6	1.9	3.6	0.0	0.0	1.1	0.0	0.0	2.4
YJR056C	0.0	0.0	0.0	0.0	0.0	0.8	0.0	0.0	0.0	0.0	0.0	0.0
YJR059W	0.0	0.0	0.0	0.0	0.0	0.0	0.0	0.0	0.0	0.0	1.1	1.3
YJR073C	0.0	0.0	-1.6	-1.8	-1.85	-3.45	0.0	0.0	-1.3	-1.3	-1.3	-2.35
YJR074W	0.0	0.0	0.0	0.0	0.0	-2.5	0.0	-0.7	-1.9	0.0	0.0	0.0
YJR075W	0.0	0.0	0.0	0.0	0.0	-1.9	0.0	0.0	0.0	0.0	0.0	0.0
YJR083C	0.0	0.0	0.0	0.0	0.0	0.0	0.0	0.0	0.0	0.0	-0.8	0.0
YJR097W	0.0	0.0	0.0	0.0	1.0	1.95	0.0	0.0	0.0	0.0	0.0	1.3
YJR105W	0.0	0.0	0.0	0.0	1.55	2.05	0.0	0.0	0.0	0.0	0.0	1.55
YJR111C	0.0	0.0	-1.9	0.0	-1.2	-2.15	0.0	0.0	0.0	0.0	0.0	-1.5
YJR113C	0.0	0.0	0.0	0.0	1.7	2.2	0.0	0.0	0.0	0.0	0.0	0.0
YJR121W	0.0	0.0	0.0	0.0	0.0	0.0	0.0	0.0	0.0	-2.6	0.0	0.0
YJR125C	0.0	0.0	0.0	0.0	0.0	0.9	0.0	0.0	0.0	0.0	0.0	0.0
YJR130C	0.0	0.0	0.0	0.0	0.0	-2.1	0.0	0.0	0.0	0.0	0.0	0.0
YJR137C	0.0	0.0	0.0	0.0	0.0	-3.75	0.0	0.0	0.0	0.0	0.0	0.0
YJR140C	0.0	0.0	0.0	0.0	0.0	-0.95	0.0	0.0	0.0	0.0	0.0	0.0
YJR142W	0.0	0.0	0.0	0.0	-1.2	-2.35	0.0	0.0	0.0	0.0	0.0	-1.4
YJR145C	0.0	0.0	0.0	0.0	1.5	2.15	0.0	0.0	0.0	0.0	0.0	0.0
YJR152W	0.0	0.0	0.0	0.0	0.0	-1.3	0.0	0.0	0.0	0.0	0.0	0.0
YJR154W	0.0	0.0	0.0	0.0	0.0	0.0	0.0	0.0	0.0	0.0	1.9	0.0
YKL001C	0.0	0.0	0.0	0.0	-0.9	-2.8	0.0	0.0	0.0	0.0	0.0	0.0
YKL003C	0.0	0.0	0.0	1.3	0.0	2.05	0.0	0.0	0.0	0.0	0.0	0.0
YKL016C	0.0	0.0	0.0	0.0	0.0	2.6	0.0	0.0	0.0	0.0	0.0	0.0
YKL023W	0.0	0.0	0.0	0.0	-1.35	-1.3	0.0	0.0	0.0	0.0	0.0	-1.5
YKL025C	0.0	0.0	0.0	0.0	0.0	-1.4	0.0	0.0	0.0	0.0	0.0	0.0
YKL027W	0.0	0.0	0.0	0.0	0.8	1.2	0.0	0.0	0.0	0.0	0.0	0.0
YKL032C	0.0	0.0	0.0	0.0	0.0	0.0	0.0	0.0	0.0	0.9	0.0	2.05
YKL037W	0.0	0.0	0.0	-3.0	-3.0	0.0	0.0	0.0	0.0	-2.0	-2.3	0.0
YKL040C	0.0	0.0	0.0	0.0	0.0	-1.0	0.0	0.0	0.0	0.0	0.0	0.0
YKL041W	0.0	0.0	1.2	0.9	1.4	2.15	0.0	0.0	0.0	0.0	0.0	1.3
YKL048C	0.0	0.0	0.0	0.0	2.65	3.05	0.0	0.0	0.0	0.0	0.0	0.0
YKL053C-A	0.0	0.0	0.0	0.0	0.0	1.8	0.0	0.0	0.0	0.0	0.0	0.0
YKL053W	0.0	0.0	0.0	0.0	-1.0	-1.2	0.0	0.0	0.0	0.0	0.0	-1.5
YKL054C	0.0	0.0	0.0	3.0	0.0	2.8	0.0	0.0	0.0	0.0	-1.9	-1.9
YKL070W	0.0	0.0	0.0	0.0	0.0	0.0	0.0	0.0	-1.9	0.0	0.0	0.0
YKL074C	0.0	0.0	0.0	-1.0	-0.9	-2.45	0.0	0.0	0.0	0.0	0.0	0.0
YKL076C	0.0	0.0	0.0	0.0	0.0	-1.4	0.0	0.0	0.0	0.0	0.0	-1.2
YKL077W	0.0	0.0	0.0	0.0	1.65	2.7	0.0	0.0	0.0	0.0	0.0	1.75
YKL079W	0.0	0.0	0.0	0.0	-1.2	-1.7	0.0	0.0	0.0	0.0	0.0	0.0
YKL096W-A	-2.0	0.0	0.0	0.0	0.0	0.0	0.0	0.0	0.0	0.0	0.0	0.0
YKL097C	0.0	0.0	0.0	0.0	0.0	0.0	0.0	0.0	-0.7	0.0	0.0	0.0
YKL098W	0.0	0.0	0.0	0.0	0.0	-3.65	0.0	0.0	0.0	0.0	0.0	-1.4
YKL101W	0.0	0.0	0.0	0.0	0.0	-1.6	0.0	0.0	0.0	0.0	0.0	0.0
YKL110C	0.0	0.0	0.0	0.0	1.45	0.0	0.0	0.0	0.0	0.0	0.0	0.0
YKL113C	0.0	0.0	-1.8	-1.7	-2.1	-2.7	0.0	0.0	0.0	-2.1	-2.9	-3.7
YKL115C	0.0	0.0	0.0	0.0	-1.5	-3.4	0.0	0.0	-1.9	0.0	0.0	-1.0
YKL117W	0.0	0.0	0.0	0.0	0.0	0.9	0.0	0.0	0.0	0.0	0.0	0.0
YKL119C	0.0	0.0	0.0	-2.5	-2.6	-2.6	0.0	0.9	0.0	0.0	0.0	0.0
YKL121W	0.0	0.0	0.0	0.0	0.0	-1.7	0.0	0.0	0.0	0.0	0.0	0.0
YKL131W	0.0	0.0	0.0	0.0	0.0	0.0	0.0	0.0	0.0	0.0	0.8	0.0
YKL133C	0.0	0.0	0.0	0.0	0.0	0.0	0.0	0.0	0.0	0.0	2.8	0.0
YKL134C	0.0	0.0	0.0	2.4	0.0	2.7	0.0	0.0	0.0	0.0	0.0	0.0
YKL135C	0.0	0.0	1.8	0.0	0.0	0.0	0.0	0.0	0.0	0.0	0.0	0.0
YKL138C	0.0	0.0	0.0	1.8	0.0	3.25	0.0	0.0	0.0	0.0	0.0	0.0
YKL147C	0.0	0.0	0.0	0.0	0.0	0.0	0.0	0.0	0.0	0.0	1.6	0.0
YKL160W	0.0	0.0	0.0	0.9	1.1	0.0	0.0	0.8	0.0	0.0	0.0	1.3
YKL169C	0.0	0.0	0.0	0.0	0.0	2.0	0.0	0.0	0.0	0.0	0.0	0.0
YKL170W	0.0	0.0	0.0	0.0	0.0	3.2	0.0	0.0	0.0	0.0	0.0	0.0
YKL174C	-1.7	0.0	0.0	0.0	0.0	0.0	0.0	0.0	0.0	0.0	3.2	0.0
YKL176C	0.0	0.0	-1.8	-2.75	-3.85	-3.85	0.0	0.0	-2.4	-2.05	-2.85	-4.05
YKL185W	0.0	0.0	0.0	0.0	0.0	-0.8	0.0	0.0	0.0	0.0	0.0	0.0
YKL191W	0.0	0.0	0.0	0.0	0.6	1.1	0.0	0.0	0.0	0.0	0.0	0.0
YKL197C	0.0	0.0	0.0	-0.9	-1.35	-2.35	0.0	0.0	0.0	0.0	0.0	-1.35
YKL213C	0.0	0.0	0.0	0.0	0.0	0.0	0.0	0.0	-2.0	0.0	0.0	-1.7
YKR006C	0.0	0.0	0.0	0.0	0.0	0.0	0.0	0.0	0.0	0.0	-1.3	-1.55
YKR007W	0.0	0.0	0.0	-1.25	-2.6	-3.65	0.0	0.0	0.0	0.0	-1.2	-3.0
YKR019C	0.0	0.0	0.0	0.0	-0.8	-1.25	0.0	0.0	0.0	0.0	0.0	-2.5
YKR020W	0.0	0.0	0.0	0.0	0.0	-2.4	0.0	0.0	0.0	0.0	0.0	0.0
YKR023W	0.0	0.0	0.0	0.0	0.0	-0.8	0.0	0.0	0.0	0.0	0.0	0.0
YKR024C	0.0	0.0	0.0	0.0	-1.9	0.0	0.0	0.0	0.0	-1.8	0.0	0.0
YKR032W	0.0	0.0	0.0	0.0	0.0	-0.8	0.0	0.0	0.0	0.0	0.0	0.0
YKR034W	0.0	0.0	0.0	0.0	0.0	0.0	0.0	0.0	-1.7	0.0	0.0	0.0
YKR035C	0.0	0.0	0.0	0.0	0.0	1.8	0.0	0.0	0.0	0.0	0.0	0.0
YKR035W-A	0.0	0.0	0.0	0.0	0.7	1.25	0.0	0.0	0.0	0.0	0.0	0.0
YKR040C	0.0	0.0	0.0	0.0	0.0	0.0	0.0	0.0	-1.3	0.0	0.0	0.0
YKR041W	0.0	0.0	0.0	0.0	0.0	0.0	0.0	0.0	0.0	0.0	4.1	0.0
YKR042W	0.0	1.2	1.35	0.0	2.0	2.5	0.0	0.0	0.0	0.0	0.0	1.7
YKR048C	0.0	0.0	0.0	0.0	0.0	-2.3	0.0	0.0	0.0	0.0	0.0	0.0
YKR052C	0.0	0.0	0.0	0.0	0.0	-1.9	0.0	0.0	0.0	0.0	0.0	-2.0
YKR057W	0.0	0.0	0.0	0.0	1.7	2.7	0.0	0.0	0.0	0.0	0.0	1.5
YKR061W	0.0	0.0	0.0	0.0	0.0	0.0	0.0	0.0	0.0	0.0	1.6	0.0
YKR069W	0.0	0.0	0.0	0.0	0.0	-3.3	0.0	0.0	0.0	0.0	0.0	0.0
YKR072C	0.0	0.0	0.0	0.0	0.8	0.0	0.0	0.0	0.0	0.0	0.0	0.7
YKR074W	0.0	0.0	0.0	0.0	1.7	3.05	0.0	0.0	0.0	0.0	0.0	0.0
YKR077W	0.0	0.0	0.0	0.0	0.0	0.0	0.0	0.0	0.0	0.0	1.1	0.0
YKR082W	0.0	0.0	0.0	1.5	2.0	3.0	0.0	0.0	0.0	0.0	0.0	0.0
YKR085C	0.0	0.0	0.0	1.5	1.3	2.55	0.0	0.0	0.0	0.0	0.0	0.0
YKR092C	0.0	0.0	0.0	0.0	0.9	1.3	0.0	0.0	0.0	0.0	0.0	1.3
YLL006W	0.0	0.0	0.0	0.0	0.0	3.3	0.0	0.0	0.0	0.0	0.0	0.0
YLL010C	0.0	0.0	0.0	0.0	0.0	1.1	0.0	0.0	0.0	0.0	0.0	0.0
YLL014W	0.0	3.7	0.0	0.0	0.0	0.0	0.0	0.0	0.0	0.0	0.0	0.0
YLL021W	0.0	0.0	0.0	-1.1	-1.65	-2.1	0.0	0.0	0.0	0.0	0.0	-1.35
YLL027W	0.0	0.0	0.0	0.0	0.0	-2.0	0.0	0.0	0.0	0.0	0.0	0.0
YLL032C	0.0	0.0	0.0	0.0	0.0	-1.2	0.0	0.0	0.0	0.0	0.0	0.0
YLL033W	0.0	0.0	0.0	2.2	1.7	3.0	0.0	0.0	0.0	0.0	0.0	0.0
YLL039C	0.0	0.0	0.0	0.0	0.0	0.0	0.0	-1.15	-2.1	0.0	0.0	-1.35
YLL040C	0.0	0.0	0.0	0.0	-1.3	-2.5	0.0	0.0	0.0	0.0	0.0	-1.3
YLL043W	0.0	1.5	2.65	0.0	0.0	0.0	0.0	1.4	0.0	0.0	0.0	0.0
YLL045C	0.0	0.0	0.0	1.2	1.35	2.3	0.0	0.0	0.0	1.0	0.0	1.8
YLL051C	0.0	0.0	0.0	0.9	1.35	2.3	0.0	0.0	0.0	0.0	0.0	0.0
YLR006C	0.0	0.0	-1.0	-1.4	-1.7	-3.5	0.0	-1.1	-2.8	-1.0	-1.35	-3.85
YLR017W	0.0	0.0	0.0	0.0	1.1	0.0	0.0	0.0	0.0	0.0	0.0	0.0
YLR024C	0.0	0.0	0.0	0.0	1.1	0.0	0.0	0.0	0.0	0.0	0.0	0.9
YLR025W	0.0	0.0	0.0	0.0	0.0	0.0	0.0	0.0	0.0	0.0	-1.55	-1.95
YLR036C	0.0	0.0	0.0	0.0	0.0	0.0	0.0	0.0	0.0	0.0	1.9	0.0
YLR038C	0.0	0.0	0.0	0.0	0.0	0.0	0.0	0.0	-2.5	0.0	0.0	0.0
YLR039C	0.0	0.0	1.0	1.9	1.8	2.3	0.0	0.0	0.9	1.7	1.4	0.0
YLR047C	0.0	0.0	0.0	-0.7	-1.25	-1.7	0.0	0.0	0.0	0.0	-0.7	-1.4
YLR048W	0.0	0.0	0.0	0.0	2.4	3.55	0.0	0.0	0.0	0.0	0.0	0.0
YLR052W	0.0	0.0	0.0	0.0	1.65	3.85	0.0	0.0	0.0	0.0	0.0	0.0
YLR055C	0.0	0.0	1.55	1.4	2.5	3.9	0.0	0.0	0.0	0.0	0.0	1.65
YLR062C	0.0	0.0	0.0	0.0	0.0	2.0	0.0	0.0	0.0	0.0	0.0	0.0
YLR068W	0.0	0.0	1.45	1.95	4.1	4.65	0.0	0.0	0.0	0.0	0.0	2.9
YLR069C	0.0	0.0	0.0	0.0	3.15	4.75	0.0	0.0	0.0	0.0	0.0	0.0
YLR074C	0.0	0.0	0.0	0.0	2.4	2.4	0.0	0.0	0.0	0.0	1.2	1.7
YLR079W	0.0	0.0	0.0	0.0	0.0	0.0	0.0	0.0	0.0	0.0	0.0	-1.6
YLR080W	0.0	0.0	0.0	0.0	0.7	0.0	0.0	0.0	0.0	0.0	0.0	0.9
YLR085C	0.0	-1.4	0.0	0.0	-2.4	-2.4	0.0	-1.1	-2.4	0.0	-1.6	-2.6
YLR087C	0.0	0.0	0.0	0.0	-1.75	-2.1	0.0	0.0	0.0	0.0	0.0	0.0
YLR091W	0.0	0.0	0.0	1.7	2.0	3.25	0.0	0.0	0.0	0.0	0.0	0.0
YLR107W	-0.6	0.0	0.0	0.0	0.0	0.0	0.0	0.0	0.0	0.0	0.0	0.0
YLR109W	0.0	0.0	0.0	0.0	0.0	0.0	0.0	0.0	0.0	0.0	-1.1	-2.25
YLR110C	0.0	0.0	0.0	0.0	1.2	0.0	0.0	0.0	0.0	0.0	0.0	1.5
YLR111W	0.0	0.0	0.0	0.0	0.9	0.0	0.0	0.0	0.0	0.0	1.0	1.2
YLR113W	0.0	0.0	-1.5	0.0	-1.7	-4.25	0.0	-0.85	-2.85	0.0	-1.25	-4.15
YLR119W	0.0	0.0	0.0	0.0	0.0	0.0	0.0	0.0	-1.3	0.0	-0.7	-1.5
YLR126C	0.0	0.0	0.0	0.0	0.0	0.0	0.0	0.0	-3.0	0.0	0.0	0.0
YLR131C	0.0	0.0	0.0	2.3	2.05	3.15	0.0	0.0	0.0	0.0	1.0	0.0
YLR143W	0.0	0.0	0.0	0.0	0.0	1.5	0.0	0.0	0.0	0.0	0.0	0.0
YLR144C	-0.9	0.0	0.0	0.0	0.0	0.0	0.0	0.0	0.0	0.0	0.0	0.0
YLR149C	0.0	0.0	0.0	2.2	1.4	2.2	0.0	0.0	0.0	0.0	0.0	0.0
YLR172C	0.0	0.0	0.0	0.0	0.0	1.1	0.0	0.0	0.0	0.0	0.0	0.0
YLR174W	-1.2	0.0	0.0	0.0	0.0	0.0	0.0	0.0	0.0	0.0	0.0	0.0
YLR178C	0.0	0.0	0.0	0.0	0.0	0.0	0.0	0.0	0.0	0.0	1.6	0.0
YLR180W	0.0	0.0	0.0	0.0	1.0	0.0	0.0	0.0	0.0	0.0	0.0	0.0
YLR181C	0.0	0.0	0.0	0.0	1.1	1.45	0.0	0.0	0.0	0.0	0.0	0.0
YLR185W	0.0	0.0	0.0	0.0	1.5	2.55	0.0	0.0	0.0	0.0	0.0	1.4
YLR190W	0.0	0.0	0.0	0.0	0.0	1.3	0.0	0.0	0.0	0.0	0.0	0.0
YLR191W	0.0	0.0	0.0	-1.1	-1.3	-1.9	0.0	0.0	0.0	0.0	0.0	-1.3
YLR192C	0.0	0.0	1.3	0.0	2.85	4.4	0.0	0.0	0.0	0.0	0.0	0.0
YLR193C	0.0	0.0	0.0	0.0	0.0	2.15	0.0	0.0	0.0	0.0	0.0	0.0
YLR199C	0.0	0.0	0.0	0.0	0.0	-1.4	0.0	0.0	0.0	0.0	0.0	-0.9
YLR200W	0.0	0.0	-1.75	0.0	-2.5	0.0	-2.3	-2.45	-3.05	0.0	-1.8	-3.6
YLR203C	0.0	0.0	0.0	0.0	0.0	0.0	0.0	0.0	0.0	0.0	3.0	0.0
YLR220W	0.0	0.0	0.0	0.0	0.0	0.0	0.0	0.0	0.0	0.0	2.0	0.0
YLR226W	0.0	0.0	1.4	-1.5	0.0	2.5	0.0	0.0	0.0	0.0	0.0	0.0
YLR231C	-1.4	0.0	0.0	0.0	0.0	0.0	0.0	0.0	0.0	0.0	0.0	0.0
YLR238W	0.0	0.0	-1.0	0.0	0.0	-1.9	0.0	0.0	0.0	0.0	0.0	0.0
YLR252W	0.0	0.0	0.0	0.0	0.0	-1.5	0.0	0.0	0.0	0.0	0.0	0.0
YLR261C	0.0	0.0	0.0	1.25	0.0	0.0	0.0	0.0	0.0	1.6	0.0	0.0
YLR262C	-1.4	0.0	0.0	1.4	0.0	0.0	0.0	0.0	0.0	1.1	1.1	0.0
YLR264W	0.0	0.0	0.0	1.0	1.7	2.8	0.0	0.0	0.0	0.0	0.0	1.6
YLR268W	0.0	0.0	0.0	0.0	0.0	0.0	0.0	-1.9	-2.2	0.0	0.0	0.0
YLR286C	0.0	0.0	0.0	0.0	0.0	0.0	0.0	0.0	0.0	0.0	1.2	0.0
YLR287C-A	0.0	0.0	0.0	0.0	2.3	2.9	0.0	0.0	0.0	0.0	0.0	0.0
YLR292C	0.0	0.0	0.0	0.0	0.0	1.1	0.0	0.0	0.0	0.0	0.0	0.0
YLR295C	0.0	0.0	0.0	1.5	0.0	2.0	0.0	0.0	0.0	0.0	0.0	0.0
YLR315W	0.0	0.0	0.0	0.0	1.65	2.25	0.0	0.0	0.0	0.0	0.0	0.0
YLR319C	0.0	0.0	0.0	0.0	-1.9	-2.5	0.0	0.0	0.0	0.0	0.0	-1.6
YLR326W	-1.2	0.0	0.0	0.0	0.0	0.0	0.0	0.0	0.0	0.0	0.0	0.0
YLR330W	0.0	0.0	0.0	0.0	0.0	0.0	0.0	0.0	0.0	0.0	-1.2	0.0
YLR334C	0.0	0.0	0.0	0.0	0.0	0.0	0.0	0.0	0.0	0.0	0.9	0.0
YLR341W	0.0	0.0	0.0	0.0	0.0	0.0	0.0	0.0	0.0	0.0	1.3	0.0
YLR354C	0.0	0.0	0.0	0.0	0.0	-1.9	1.6	0.0	0.0	0.0	0.0	0.0
YLR357W	0.0	0.0	0.0	0.0	0.0	0.0	0.0	0.0	-2.0	0.0	0.0	0.0
YLR358C	0.0	0.0	0.0	0.0	0.0	2.1	0.0	0.0	0.0	0.0	0.0	0.0
YLR367W	0.0	0.0	0.0	0.0	0.0	1.1	0.0	0.0	0.0	0.0	0.0	0.0
YLR368W	0.0	0.0	0.0	0.0	0.0	1.85	0.0	0.0	0.0	0.0	0.0	0.0
YLR369W	0.0	0.0	0.0	1.2	0.0	2.35	0.0	0.0	0.0	0.0	0.0	0.0
YLR374C	0.0	0.0	0.0	0.0	0.0	-1.6	0.0	0.0	0.0	0.0	0.0	-1.7
YLR375W	0.0	0.0	0.0	0.0	0.0	-1.4	0.0	0.0	0.0	0.0	0.0	0.0
YLR382C	0.0	0.0	0.0	1.5	3.1	4.85	0.0	0.0	0.0	0.0	0.0	2.1
YLR384C	0.0	0.0	0.0	0.0	2.2	2.1	0.0	0.0	0.0	0.0	0.0	0.0
YLR388W	0.0	0.0	0.0	0.0	1.7	2.5	0.0	0.0	0.0	0.0	0.0	0.0
YLR390W-A	0.0	0.0	0.0	0.0	0.0	-0.9	0.0	0.0	0.0	0.0	0.0	0.0
YLR398C	0.0	0.0	0.0	0.0	0.0	1.1	0.0	0.0	0.0	0.0	0.0	0.0
YLR402W	0.0	0.0	0.0	0.0	0.0	1.3	0.0	0.0	0.0	0.0	0.0	0.0
YLR407W	0.0	0.0	0.0	0.0	0.0	0.0	0.0	0.0	0.0	0.0	0.0	-0.9
YLR412W	0.0	0.0	0.0	0.0	0.0	1.4	0.0	0.0	0.0	0.0	0.0	0.0
YLR418C	0.0	0.0	0.0	0.0	1.9	2.55	0.0	0.0	0.0	0.0	0.0	0.0
YLR420W	0.0	0.0	0.0	0.0	0.0	0.0	0.0	0.0	-1.8	0.0	0.0	0.0
YLR423C	0.0	0.0	0.0	0.0	0.0	-2.0	0.0	0.0	0.0	0.0	0.0	0.0
YLR425W	0.0	0.0	0.0	0.0	-2.2	0.0	0.0	0.0	0.0	0.0	0.0	0.0
YLR432W	-1.0	0.0	0.0	0.0	0.0	0.0	0.0	0.0	0.0	0.0	0.0	0.0
YLR436C	0.0	0.0	0.0	0.0	0.0	-1.8	0.0	0.0	0.0	0.0	0.0	0.0
YLR439W	0.0	0.0	0.0	2.7	0.0	3.0	0.0	0.0	0.0	0.0	0.0	0.0
YLR441C	0.0	0.0	0.0	0.0	1.6	2.8	0.0	0.0	0.0	0.0	0.0	0.0
YLR448W	0.0	0.0	1.0	1.5	1.85	2.6	0.0	0.7	0.0	0.0	0.0	1.9
YML001W	0.0	0.0	0.0	0.0	0.0	1.5	0.0	0.0	0.0	0.0	0.0	1.0
YML007W	-1.4	0.0	0.0	0.0	0.0	0.0	0.0	0.0	-1.6	0.0	0.0	0.0
YML008C	0.0	-1.6	-1.9	0.0	0.0	0.0	0.0	0.0	0.0	0.0	0.0	0.0
YML009C	0.0	0.0	0.0	0.0	0.0	0.0	0.0	0.0	0.0	0.0	4.5	0.0
YML009C-A	0.0	0.0	1.8	1.4	2.5	3.75	0.0	0.0	1.5	0.0	1.1	2.4
YML009W-B	0.0	0.0	1.9	0.0	2.7	4.3	0.0	0.0	1.8	0.0	0.0	1.5
YML013W	0.0	0.0	0.0	-1.4	0.0	-1.6	0.0	0.0	0.0	-1.4	-1.8	-2.4
YML014W	0.0	0.0	0.0	1.4	0.0	1.4	0.0	0.0	-1.2	0.0	0.0	0.0
YML016C	0.0	0.0	0.0	0.0	0.0	0.0	0.0	0.0	0.0	0.0	0.0	-1.9
YML021C	0.0	0.0	0.0	0.0	0.0	-1.1	0.0	0.0	0.0	0.0	0.0	-1.1
YML024W	0.0	0.0	0.0	0.0	1.4	1.3	0.0	0.0	0.0	0.0	0.0	1.1
YML026C	0.0	0.0	0.0	1.2	1.9	2.5	0.0	0.0	0.0	0.0	0.0	0.0
YML028W	0.0	0.0	0.0	0.0	0.0	0.0	0.0	0.0	0.0	-2.5	-3.1	-2.6
YML041C	0.0	0.0	-1.5	0.0	-3.3	-4.9	0.0	-1.3	-2.1	-1.9	-2.1	-3.2
YML061C	0.0	0.0	0.0	0.0	0.0	2.7	0.0	0.0	0.0	0.0	0.0	0.0
YML073C	0.0	0.0	0.0	0.0	0.0	-2.8	0.0	0.0	0.0	0.0	0.0	0.0
YML079W	0.0	0.0	0.0	0.0	0.0	0.0	0.0	0.0	3.4	0.0	0.0	0.0
YML081W	0.0	0.0	0.0	0.0	0.0	1.4	0.0	0.0	0.0	0.0	0.0	1.0
YML094C-A	0.0	0.0	-1.6	-2.15	-2.7	-2.3	-2.3	-2.2	-3.1	0.0	-3.1	-3.1
YML101C-A	0.0	0.0	0.0	0.0	0.0	0.0	0.0	0.0	0.0	0.0	0.0	1.2
YML110C	0.0	0.0	0.0	0.0	0.0	0.0	0.0	0.0	-1.6	0.0	0.0	-1.2
YML113W	0.0	0.0	0.0	0.0	0.0	0.0	0.0	0.0	0.0	0.0	-0.8	-1.25
YML115C	0.0	0.0	0.0	1.6	0.0	0.0	0.0	0.0	1.2	0.0	0.0	1.9
YML117W	0.0	0.0	0.0	-1.6	-3.15	-3.55	0.0	0.0	-1.5	0.0	-1.1	-2.2
YML119W	0.0	0.0	0.0	0.0	0.0	0.0	0.0	0.0	0.0	0.0	2.3	0.0
YML121W	0.0	0.0	0.0	-1.4	-2.45	-3.65	0.0	0.0	0.0	0.0	-1.55	-3.0
YML122C	0.0	0.0	0.0	0.0	0.0	1.8	0.0	0.0	0.0	0.0	1.3	2.0
YML123C	0.0	0.0	0.0	0.0	0.0	0.0	0.0	0.0	0.0	0.0	1.1	1.5
YML124C	0.0	0.0	0.0	0.0	0.0	0.0	0.0	-1.05	-2.0	-1.85	-2.45	-1.7
YML128C	0.0	0.0	0.0	0.8	0.0	1.2	0.0	0.0	0.0	0.0	0.0	0.0
YMR015C	0.0	0.0	0.0	0.0	0.0	-1.3	0.0	0.0	0.0	0.0	0.0	0.0
YMR021C	0.0	0.0	-1.6	0.0	0.0	0.0	0.0	0.0	0.0	0.0	0.0	0.0
YMR023C	0.0	0.0	0.0	0.0	0.0	-1.4	0.0	0.0	0.0	0.0	0.0	0.0
YMR026C	0.0	0.0	0.0	0.0	0.0	0.0	0.0	0.0	0.0	0.0	0.0	-1.4
YMR039C	0.0	0.0	0.0	0.0	0.0	1.0	0.0	0.0	0.0	0.0	0.0	0.7
YMR054W	0.0	0.0	0.0	0.0	0.0	-1.6	0.0	0.0	0.0	0.0	0.0	0.0
YMR063W	0.0	0.0	0.0	0.0	0.0	0.0	0.0	0.0	0.0	0.0	-1.4	-1.8
YMR064W	0.0	0.0	0.0	0.0	0.0	1.95	0.0	0.0	0.0	0.0	0.0	0.0
YMR066W	0.0	0.0	0.0	1.5	0.0	2.55	0.0	0.0	0.0	0.0	0.0	0.0
YMR067C	0.0	0.0	0.0	0.0	0.0	-2.2	0.0	0.0	0.0	0.0	0.0	0.0
YMR070W	0.0	0.0	0.0	0.0	-1.65	-3.65	0.0	0.0	0.0	0.0	0.0	0.0
YMR072W	0.0	0.0	0.0	0.0	0.0	1.7	0.0	0.0	0.0	0.0	0.0	0.0
YMR073C	0.0	0.0	0.0	0.0	0.0	0.0	0.0	0.0	0.0	-2.3	-2.3	-2.3
YMR074C	0.0	0.0	0.0	0.0	0.0	-1.2	0.0	0.0	0.0	0.0	0.0	-1.8
YMR080C	0.0	0.0	0.0	0.0	0.0	0.0	0.0	0.0	0.0	0.0	0.0	1.1
YMR097C	0.0	0.0	0.0	2.5	0.0	2.85	0.0	0.0	0.0	0.0	0.0	0.0
YMR098C	0.0	0.0	0.0	0.0	0.0	2.55	0.0	0.0	0.0	0.0	0.0	0.0
YMR099C	0.0	0.0	0.0	0.0	-2.35	-3.2	0.0	0.0	0.0	0.0	-1.1	0.0
YMR100W	0.0	0.0	0.0	0.0	1.1	1.4	0.0	0.0	0.0	0.0	0.0	0.0
YMR110C	0.0	0.0	0.0	0.0	0.0	0.0	0.0	0.0	0.0	0.0	0.0	-0.9
YMR114C	0.0	0.0	0.0	0.0	0.0	0.0	0.0	0.0	0.0	0.0	3.1	0.0
YMR116C	0.0	0.0	0.0	0.0	1.6	1.9	0.0	0.0	0.0	0.0	0.0	1.6
YMR119W-A	0.0	0.0	0.0	0.0	0.0	0.0	0.0	0.0	0.0	0.0	3.1	0.0
YMR121C	0.0	0.0	1.4	0.0	1.4	2.1	0.0	0.0	0.0	0.0	0.0	1.1
YMR123W	0.0	0.0	0.0	0.0	0.0	2.2	0.0	0.0	0.0	0.0	0.0	1.6
YMR124W	0.0	0.0	0.0	0.0	-1.85	-1.8	0.0	0.0	0.0	0.0	0.0	0.0
YMR126C	0.0	0.0	0.0	0.0	0.0	-3.35	0.0	0.0	0.0	0.0	0.0	0.0
YMR127C	0.0	0.0	0.0	0.0	0.0	0.0	-1.75	-2.7	-3.9	-2.35	-3.8	-4.55
YMR135W-A	0.0	0.0	0.0	0.0	0.0	0.0	0.0	0.0	0.0	0.0	1.0	0.0
YMR138W	0.0	0.0	0.0	0.0	-1.3	-1.4	0.0	0.0	-1.5	0.0	0.0	-1.8
YMR139W	0.0	0.0	0.0	0.0	0.0	1.7	0.0	0.0	0.0	0.0	0.0	0.0
YMR142C	0.0	0.0	0.0	0.0	0.0	3.0	0.0	0.0	0.0	0.0	0.0	0.0
YMR152W	0.0	0.0	0.0	-0.8	-1.1	-1.9	0.0	0.0	-1.5	0.0	0.0	-1.6
YMR154C	0.0	0.0	0.0	0.0	0.9	0.0	0.0	0.0	0.0	0.0	-1.7	-2.0
YMR164C	-1.6	0.0	0.0	0.0	0.0	0.0	0.0	0.0	0.0	0.0	0.0	-1.3
YMR166C	-2.3	0.0	0.0	0.0	0.0	0.0	0.0	0.0	0.0	0.0	0.0	0.0
YMR179W	0.0	0.0	0.0	0.0	1.8	3.3	0.0	0.0	0.0	0.0	0.0	0.0
YMR184W	-2.0	0.0	0.0	0.0	0.0	0.0	0.0	0.0	-2.2	0.0	0.0	0.0
YMR186W	0.0	0.0	0.0	0.0	0.8	1.05	0.0	0.0	0.0	0.0	0.0	0.0
YMR188C	0.0	0.0	0.0	0.8	0.9	1.95	0.0	0.0	0.0	0.0	0.0	0.0
YMR190C	0.0	0.0	0.0	0.0	0.0	1.5	0.0	0.0	0.0	0.0	0.0	0.0
YMR193C-A	0.0	0.0	0.0	0.0	0.0	0.0	0.0	0.0	0.0	0.0	0.0	1.1
YMR193W	0.0	0.0	0.0	2.2	1.9	3.25	0.0	0.0	0.0	0.0	0.0	1.7
YMR204C	0.0	0.0	0.0	0.0	0.0	0.0	0.0	0.0	0.0	0.0	2.6	0.0
YMR214W	0.0	0.0	0.0	0.0	0.0	-1.8	0.0	0.0	0.0	0.0	0.0	0.0
YMR216C	0.0	0.0	0.0	0.0	0.0	2.3	0.0	0.0	0.0	0.0	0.0	2.0
YMR219W	0.0	0.0	0.0	0.0	0.0	1.55	0.0	0.0	0.0	0.0	0.0	0.0
YMR221C	0.0	0.0	-1.3	0.0	0.0	-2.5	0.0	0.0	0.0	0.0	0.0	0.0
YMR228W	0.0	0.0	0.0	0.0	0.0	0.0	0.0	0.0	1.5	0.0	0.0	0.9
YMR230W	0.0	0.0	0.0	0.0	1.5	2.35	0.0	0.0	0.0	0.0	0.0	0.0
YMR238W	-1.4	0.0	0.0	0.0	0.0	0.0	0.0	0.0	0.0	0.0	0.0	0.0
YMR244C-A	-1.3	0.0	0.0	0.0	0.0	0.0	0.0	0.0	0.0	0.0	0.0	0.0
YMR262W	-1.7	0.0	0.0	0.0	0.0	0.0	0.0	0.0	0.0	0.0	0.0	0.0
YMR263W	0.0	0.0	0.0	0.0	1.0	1.6	0.0	0.0	-1.4	0.0	0.0	0.0
YMR264W	0.0	0.0	0.0	-1.0	-1.2	-1.4	0.0	0.0	0.0	0.0	0.0	-1.55
YMR267W	0.0	0.0	0.0	2.2	0.0	2.45	0.0	0.0	0.0	0.0	0.0	2.0
YMR273C	0.0	0.0	0.0	0.0	0.0	0.0	0.0	0.0	-1.4	0.0	0.0	-1.9
YMR275C	-1.4	-2.25	-3.15	-4.55	0.0	-4.5	0.0	-2.3	-4.25	-3.6	-5.2	-3.4
YMR276W	-1.6	0.0	0.0	0.0	0.0	0.0	0.0	0.0	0.0	0.0	0.0	0.0
YMR282C	0.0	0.0	0.0	0.0	0.0	2.35	0.0	0.0	0.0	0.0	0.0	0.0
YMR284W	0.0	0.0	0.0	0.0	0.0	0.0	0.0	0.0	0.0	0.0	1.1	0.0
YMR287C	0.0	0.0	0.0	0.0	0.0	1.2	0.0	0.0	0.0	0.0	0.0	0.0
YMR289W	-1.3	0.0	0.0	0.0	0.0	0.0	0.0	0.0	0.0	0.0	0.0	0.0
YMR293C	0.0	0.0	0.0	1.8	1.5	2.7	0.0	0.0	0.0	0.0	0.0	0.0
YMR294W	0.0	0.0	0.0	0.0	-2.15	-3.45	0.0	0.0	-1.8	0.0	-0.9	-2.65
YMR299C	0.0	0.0	0.0	0.0	0.0	0.0	0.0	0.0	0.0	0.0	1.7	0.0
YMR307W	0.0	0.0	0.0	0.0	0.0	0.0	0.0	0.0	0.0	-2.3	0.0	0.0
YMR311C	0.0	0.0	-1.1	0.0	-1.4	-2.0	0.0	0.0	-2.05	0.0	-0.8	-2.5
YMR312W	0.0	0.0	1.2	1.7	2.25	2.6	0.0	0.0	0.0	0.0	0.0	1.6
YMR319C	0.0	0.0	0.0	2.4	0.0	2.6	0.0	0.0	0.0	0.0	0.0	0.0
YMR326C	0.0	0.0	0.0	0.0	0.0	0.0	0.0	0.0	-2.0	0.0	0.0	0.0
YNL003C	0.0	0.0	0.0	0.0	0.0	1.9	0.0	0.0	0.0	0.0	0.0	0.0
YNL005C	0.0	0.0	0.0	1.0	0.0	2.15	0.0	0.0	0.0	0.0	0.0	0.0
YNL016W	0.0	0.0	0.0	0.0	0.0	0.0	0.0	0.0	0.0	0.0	0.0	1.25
YNL025C	0.0	0.0	0.0	-1.3	-1.8	-3.3	0.0	-1.15	-2.5	-1.3	-2.85	-4.8
YNL032W	0.0	0.0	0.0	0.0	0.0	-1.1	0.0	0.0	0.0	0.0	-1.1	-1.9
YNL041C	0.0	0.0	0.0	0.0	0.7	0.0	0.0	0.0	0.0	0.0	0.0	0.0
YNL046W	0.0	0.0	0.0	0.0	0.0	-5.0	0.0	0.0	0.0	0.0	0.0	0.0
YNL047C	0.0	0.0	0.0	0.0	0.0	0.0	0.0	0.0	0.0	0.0	3.5	0.0
YNL051W	0.0	0.0	0.0	1.1	1.1	1.0	0.0	0.0	0.0	0.0	0.0	0.0
YNL053W	0.0	0.0	0.0	0.0	-1.1	0.0	0.0	0.0	0.0	0.0	0.0	0.0
YNL055C	0.0	0.0	0.0	1.2	0.0	1.7	0.0	0.0	0.0	0.0	0.0	0.0
YNL056W	0.0	0.0	0.0	0.0	0.0	0.0	0.0	0.0	0.0	0.0	0.0	-1.8
YNL065W	0.0	0.0	0.0	0.0	0.0	-1.1	0.0	0.0	0.0	0.0	0.0	0.0
YNL067W	0.0	0.0	0.0	0.0	0.0	0.0	0.0	0.0	1.3	0.0	0.0	1.3
YNL069C	0.0	0.0	0.0	0.0	0.0	0.0	0.0	0.0	3.1	0.0	0.0	0.0
YNL070W	0.0	0.0	0.0	0.0	0.0	-2.7	0.0	-1.1	0.0	0.0	-1.65	-2.6
YNL079C	0.0	0.0	0.0	0.0	-1.6	-1.8	0.0	0.0	0.0	0.0	-1.45	-1.9
YNL082W	0.0	0.0	0.0	0.0	0.9	1.0	0.0	0.0	0.0	0.0	0.0	1.0
YNL085W	-1.0	0.0	0.0	0.0	0.0	0.0	0.0	0.0	0.0	0.0	0.0	0.0
YNL096C	0.0	0.0	0.0	0.0	0.0	1.5	0.0	0.0	0.0	0.0	0.0	0.0
YNL097C	0.0	0.0	0.0	0.0	2.05	2.25	0.0	0.0	0.0	0.0	0.0	0.0
YNL099C	0.0	0.0	0.0	0.0	0.0	0.0	0.0	0.0	0.0	-0.9	-0.8	-1.65
YNL101W	-2.0	0.0	0.0	0.0	0.0	0.0	0.0	0.0	0.0	0.0	0.0	0.0
YNL105W	0.0	0.0	0.0	0.0	0.8	0.0	0.0	0.0	0.0	0.0	1.4	0.0
YNL107W	0.0	0.0	0.0	0.0	0.0	-2.7	0.0	0.0	0.0	0.0	0.0	-1.5
YNL108C	0.0	0.0	0.0	0.0	0.0	0.0	0.0	0.0	0.0	0.0	1.3	0.0
YNL109W	0.0	0.0	0.0	0.0	1.3	1.6	0.0	0.0	0.0	0.9	0.9	1.6
YNL111C	0.0	0.0	0.0	0.0	0.0	-1.6	0.0	0.0	0.0	0.0	0.0	0.0
YNL115C	0.0	0.0	0.0	0.0	-1.2	-1.2	0.0	0.0	0.0	0.0	0.0	-1.3
YNL119W	0.0	0.0	0.0	1.8	2.5	2.75	0.0	0.0	0.0	0.0	2.3	2.4
YNL120C	0.0	0.0	0.0	1.8	2.4	2.45	0.0	0.0	0.0	0.0	1.4	1.75
YNL135C	0.0	0.0	0.0	0.0	-1.35	0.0	0.0	0.0	0.0	0.0	0.0	0.0
YNL136W	0.0	0.0	0.0	0.0	1.3	1.8	0.0	0.0	0.0	0.0	0.0	0.0
YNL148C	0.0	0.0	0.0	0.0	1.2	0.0	0.0	0.0	0.0	0.0	0.0	0.0
YNL175C	0.0	0.0	0.0	-1.3	-1.5	-1.75	0.0	0.0	0.0	0.0	0.0	-1.6
YNL179C	0.0	0.0	0.0	-0.8	-1.2	-1.1	0.0	0.0	0.0	0.0	0.0	-1.3
YNL183C	0.0	0.0	0.0	0.0	-0.9	-1.45	0.0	0.0	0.0	0.0	0.0	0.0
YNL196C	0.0	0.0	0.0	-1.0	-1.45	-1.65	0.0	0.0	0.0	0.0	0.0	-2.0
YNL197C	0.0	0.0	-1.7	-1.7	-3.0	-3.8	0.0	0.0	0.0	0.0	0.0	0.0
YNL203C	0.0	0.0	-0.9	0.0	-1.4	-1.9	0.0	0.0	0.0	0.0	0.0	-1.8
YNL204C	0.0	0.0	0.0	-1.1	-1.55	-1.8	0.0	0.0	-1.7	0.0	-1.1	-2.05
YNL205C	0.0	0.0	0.0	-1.1	-1.3	-1.9	0.0	0.0	-1.2	0.0	0.0	-2.0
YNL211C	0.0	0.0	0.0	-1.1	-1.45	-1.5	0.0	0.0	-1.4	0.0	0.0	-1.75
YNL215W	0.0	0.0	0.0	0.0	0.0	1.8	0.0	0.0	0.0	0.0	0.0	0.0
YNL225C	0.0	0.0	0.0	0.0	-1.9	0.0	0.0	0.0	0.0	0.0	0.0	0.0
YNL226W	0.0	0.0	1.2	1.5	1.35	2.55	0.0	0.7	1.1	0.0	0.0	2.0
YNL227C	0.0	0.0	0.0	0.0	0.0	1.4	0.0	0.0	0.0	0.0	0.0	0.0
YNL228W	0.0	0.0	0.0	0.0	0.0	2.1	0.0	0.0	0.0	0.0	0.0	1.8
YNL229C	0.0	0.0	-1.5	0.0	-2.15	-2.9	0.0	0.0	-1.4	0.0	0.0	-2.4
YNL235C	0.0	0.0	0.0	0.9	1.1	0.0	0.0	0.0	0.0	0.0	0.0	0.0
YNL236W	0.0	0.0	0.0	1.5	1.3	0.0	3.2	0.0	0.0	0.0	0.0	0.0
YNL237W	0.0	0.0	0.0	0.0	-1.1	-1.8	0.0	0.0	0.0	0.0	0.0	0.0
YNL239W	0.0	0.0	0.0	0.0	0.0	-1.7	0.0	0.0	0.0	0.0	0.0	0.0
YNL242W	0.0	0.0	0.0	0.0	0.0	-1.2	0.0	0.0	0.0	0.0	0.0	0.0
YNL248C	0.0	0.0	1.3	0.0	2.5	3.25	0.0	0.0	1.6	0.0	0.0	2.0
YNL250W	0.0	0.0	0.0	0.0	0.0	0.0	0.0	0.0	0.0	0.0	-1.7	0.0
YNL252C	0.0	0.0	0.0	0.0	0.0	1.75	0.0	0.0	0.0	0.0	0.0	0.0
YNL264C	-1.7	0.0	0.0	0.0	0.0	-2.4	0.0	0.0	0.0	0.0	0.0	0.0
YNL283C	0.0	0.0	0.0	-1.4	-1.4	-3.3	0.0	0.0	0.0	0.0	0.0	-2.0
YNL284C	0.0	0.0	0.0	0.0	0.0	2.3	0.0	0.0	0.0	0.0	0.0	0.0
YNL292W	0.0	0.0	0.0	0.0	0.9	0.0	0.0	0.0	1.1	0.0	0.0	0.95
YNL294C	0.0	0.0	-1.1	0.0	1.1	0.0	0.0	0.0	0.0	0.0	-1.5	-1.85
YNL297C	0.0	0.0	0.0	0.0	0.0	0.0	0.0	-1.0	-1.5	0.0	0.0	0.0
YNL299W	0.0	0.0	0.0	0.0	-0.8	-2.75	0.0	0.0	-1.5	0.0	0.0	0.0
YNL314W	0.0	0.0	0.0	0.0	0.0	-1.7	0.0	0.0	0.0	0.0	0.0	-1.4
YNL315C	0.0	0.0	0.0	0.0	1.8	0.0	0.0	0.0	0.0	-2.3	0.0	-2.8
YNL322C	0.0	0.0	0.0	1.0	1.5	1.25	0.0	0.0	1.1	0.0	0.0	1.2
YNL323W	0.0	0.0	0.0	-1.8	-1.8	-2.2	0.0	0.0	0.0	0.0	0.0	0.0
YNL329C	0.0	0.0	-1.6	-1.2	-2.0	-3.1	0.0	-0.8	-1.6	-1.0	-1.0	-2.2
YNR006W	0.0	0.0	0.0	0.0	0.0	0.9	0.0	0.0	0.0	0.0	0.0	0.7
YNR007C	0.0	0.0	-1.4	-1.3	-1.55	-2.65	0.0	0.0	0.0	0.0	0.0	-1.5
YNR009W	0.0	0.0	0.0	0.0	0.0	0.0	0.0	0.0	0.0	0.0	0.0	0.9
YNR020C	0.0	0.0	0.0	0.0	0.0	2.3	0.0	0.0	0.0	0.0	0.0	0.0
YNR030W	0.0	0.0	0.0	0.0	0.0	0.9	0.0	0.0	0.0	0.0	0.0	0.0
YNR031C	0.0	0.0	0.0	-1.2	-1.1	-3.1	0.0	0.0	-1.95	0.0	-1.05	-4.8
YNR036C	0.0	0.0	0.0	0.0	0.0	1.0	0.0	0.0	0.0	0.0	0.0	0.0
YNR039C	0.0	0.0	0.0	0.0	0.0	-1.45	0.0	0.0	0.0	0.0	0.0	0.0
YNR040W	0.0	0.0	-1.1	0.0	-1.2	-1.8	0.0	0.0	-1.5	0.0	-1.0	-2.05
YNR051C	0.0	0.0	-1.0	0.0	-1.25	-3.15	0.0	0.0	0.0	0.0	0.0	0.0
YOL001W	0.0	0.0	0.0	0.0	0.0	0.0	0.0	0.0	0.0	0.0	-1.45	0.0
YOL003C	0.0	0.0	0.0	0.0	0.0	0.0	0.0	0.0	0.0	0.0	-0.8	-1.1
YOL004W	0.0	0.0	0.0	0.0	0.0	1.7	0.0	-0.7	-1.75	0.0	-1.4	-2.2
YOL006C	0.0	0.0	0.0	0.0	0.0	1.35	0.0	0.0	0.0	0.0	0.0	1.75
YOL009C	0.0	0.0	0.0	0.0	1.5	2.8	0.0	0.0	0.0	0.0	0.0	0.0
YOL012C	0.0	0.0	-2.0	0.0	-2.3	0.0	0.0	0.0	0.0	0.0	0.0	-2.7
YOL018C	0.0	0.0	0.0	0.0	-1.7	-2.3	0.0	0.0	0.0	0.0	0.0	0.0
YOL023W	0.0	0.0	0.0	1.5	0.0	2.75	0.0	0.0	0.0	0.0	0.0	0.0
YOL025W	0.0	0.0	0.0	0.0	0.0	-1.55	0.0	0.0	0.0	0.0	0.0	0.0
YOL039W	0.0	0.0	0.0	1.1	1.3	1.5	0.0	0.0	0.0	0.0	0.0	1.25
YOL041C	0.0	0.0	0.0	0.9	1.3	2.35	0.0	0.8	1.3	0.0	0.0	2.1
YOL045W	0.0	0.0	0.0	0.0	0.0	0.0	0.0	0.0	0.0	0.0	0.0	0.8
YOL047C	0.0	0.0	0.0	0.0	0.0	-0.9	0.0	0.0	0.0	0.0	0.0	0.0
YOL050C	0.0	0.0	0.0	1.1	1.7	1.3	0.0	0.0	0.0	0.0	1.2	1.6
YOL058W	0.0	0.0	0.0	-1.2	0.0	-1.4	0.0	0.0	0.0	0.0	0.0	0.0
YOL060C	0.0	0.0	0.0	0.0	0.0	-1.9	0.0	0.0	0.0	0.0	0.0	0.0
YOL064C	0.0	0.0	0.0	0.0	0.0	-1.9	0.0	0.0	0.0	0.0	0.0	0.0
YOL067C	0.0	0.0	0.0	1.1	1.25	0.0	0.0	0.0	0.0	0.0	0.0	0.0
YOL070C	0.0	0.0	0.0	0.0	-1.2	-1.8	0.0	0.0	0.0	0.0	0.0	-1.45
YOL081W	0.0	0.0	-0.9	-1.55	-1.2	-2.3	0.0	-1.0	-1.3	-1.3	-1.75	-2.95
YOL084W	0.0	0.0	0.0	0.0	0.0	0.0	0.0	0.0	-1.2	0.0	0.0	0.0
YOL087C	0.0	0.0	0.0	0.0	0.0	-1.9	0.0	0.0	0.0	0.0	0.0	0.0
YOL089C	0.0	0.0	0.0	-0.15	0.0	-0.5	0.0	0.0	-1.4	0.0	-2.3	-2.8
YOL100W	0.0	0.0	1.3	0.0	1.2	1.75	0.0	0.7	0.0	0.0	0.0	1.25
YOL118C	0.0	0.0	0.0	0.0	0.0	0.0	0.0	0.0	0.0	0.0	3.9	0.0
YOL121C	0.0	0.0	1.2	1.45	2.05	2.95	0.0	0.0	0.0	0.0	0.0	1.5
YOR001W	0.0	0.0	0.0	0.0	2.4	3.3	0.0	1.1	1.2	0.0	0.0	0.0
YOR002W	0.0	0.0	0.0	0.0	1.4	1.95	0.0	0.0	0.0	0.0	0.0	0.0
YOR006C	0.0	0.0	1.3	0.0	2.2	2.7	0.0	0.0	0.0	0.0	0.0	1.2
YOR008C	0.0	0.0	1.9	0.0	0.0	0.0	0.0	0.0	0.0	0.0	0.0	0.0
YOR014W	0.0	0.0	0.0	2.6	0.0	2.7	0.0	0.0	0.0	0.0	0.0	0.0
YOR023C	0.0	0.0	-1.0	0.0	-1.2	-2.45	0.0	0.0	0.0	0.0	0.0	-1.2
YOR027W	0.0	0.0	0.0	0.0	0.8	1.35	0.0	0.0	0.0	0.0	0.0	0.0
YOR030W	0.0	0.0	0.0	0.0	0.0	0.0	0.0	0.0	0.0	0.0	-1.7	-2.25
YOR039W	0.0	0.0	0.0	0.9	1.55	0.0	0.0	0.0	0.0	0.0	0.0	0.0
YOR043W	0.0	0.0	0.0	0.9	1.2	1.7	0.0	0.0	0.0	0.0	0.0	0.0
YOR045W	0.0	0.0	0.0	0.0	0.0	1.1	0.0	0.0	0.0	0.0	0.0	0.0
YOR051C	0.0	0.0	0.0	0.0	1.15	1.55	0.0	0.0	0.0	0.0	0.0	0.0
YOR054C	0.0	0.0	0.0	0.0	0.0	0.0	0.0	0.0	0.0	0.0	3.3	0.0
YOR061W	0.0	0.0	0.0	0.0	1.0	1.6	0.0	0.0	0.0	0.0	0.0	0.0
YOR065W	0.0	0.0	0.0	2.5	1.7	2.5	0.0	0.0	0.0	0.0	0.0	1.55
YOR067C	0.0	0.0	0.0	0.0	0.9	1.2	0.0	0.0	0.0	0.0	0.0	0.0
YOR068C	0.0	0.0	0.0	0.0	0.0	-1.6	0.0	0.0	0.0	0.0	0.0	0.0
YOR076C	0.0	0.0	0.0	0.0	0.0	0.0	0.0	0.0	0.0	0.0	0.0	1.0
YOR078W	0.0	0.0	1.4	1.8	2.25	4.7	0.0	0.0	0.0	0.0	0.0	2.25
YOR085W	0.0	1.3	1.75	1.7	2.5	3.5	0.0	0.0	0.0	0.0	0.0	2.05
YOR089C	0.0	0.0	0.0	0.0	1.1	1.2	0.0	0.0	0.0	0.0	0.0	0.0
YOR091W	0.0	0.0	0.0	1.0	1.6	2.05	0.0	0.0	0.0	0.0	0.0	0.8
YOR092W	0.0	0.0	0.0	0.0	0.0	0.0	0.0	0.0	0.0	0.0	2.1	0.0
YOR096W	0.0	0.0	0.0	0.0	0.0	2.1	0.0	0.0	0.0	0.0	0.0	0.0
YOR123C	0.0	0.0	0.0	1.3	2.25	3.15	0.0	0.0	1.2	0.0	0.0	1.9
YOR124C	0.0	0.0	0.0	0.0	-1.15	-1.2	0.0	0.0	-1.4	0.0	0.0	-1.0
YOR127W	0.0	0.0	0.0	1.1	1.4	1.3	0.0	0.0	0.0	0.0	0.0	0.0
YOR132W	0.0	0.0	0.0	0.0	0.0	-1.2	0.0	0.0	0.0	0.0	0.0	0.0
YOR133W	-1.3	0.0	0.0	0.0	0.0	0.0	0.0	0.0	0.0	0.0	0.0	0.0
YOR138C	0.0	0.0	0.0	0.0	-1.5	-2.7	0.0	0.0	0.0	0.0	0.0	0.0
YOR140W	0.0	0.0	0.0	0.0	0.0	-0.9	0.0	0.0	0.0	0.0	0.0	0.0
YOR141C	0.0	0.0	0.0	0.0	0.0	1.5	0.0	0.0	0.0	0.0	0.0	0.0
YOR158W	0.0	0.0	0.0	2.4	0.0	2.7	0.0	-1.1	-2.15	0.0	0.0	-3.4
YOR167C	0.0	0.0	0.0	0.0	1.4	1.85	0.0	0.0	0.0	0.0	0.0	1.3
YOR172W	0.0	0.0	0.0	0.0	0.0	0.0	0.0	0.0	-1.7	0.0	0.0	0.0
YOR182C	0.0	0.0	0.0	0.0	1.5	2.1	0.0	0.0	0.0	0.0	0.0	0.0
YOR183W	0.0	0.0	0.0	0.0	1.5	2.5	0.0	0.0	0.0	0.0	0.0	0.0
YOR189W	-0.7	0.0	0.0	0.0	0.0	1.1	0.0	0.0	0.0	0.0	0.0	1.1
YOR195W	0.0	0.0	0.0	0.0	0.0	-0.9	0.0	0.0	0.0	0.0	0.0	-0.7
YOR198C	0.0	0.0	0.0	0.0	0.0	-2.6	0.0	0.0	0.0	0.0	0.0	0.0
YOR199W	-1.5	0.0	0.0	0.0	0.0	0.0	0.0	0.0	0.0	0.0	0.0	0.0
YOR201C	0.0	0.0	0.0	1.9	0.0	2.6	0.0	0.0	0.0	0.0	0.0	2.0
YOR205C	0.0	0.0	0.0	1.85	1.7	3.05	0.0	0.0	0.0	0.0	0.0	0.0
YOR213C	0.0	0.0	0.0	0.0	0.0	0.0	-2.1	-2.4	-5.1	-3.9	-4.8	-5.55
YOR216C	0.0	0.0	0.0	0.0	0.0	-2.45	0.0	0.0	0.0	0.0	0.0	0.0
YOR221C	0.0	0.0	0.0	-1.7	0.0	0.0	0.0	0.0	0.0	0.0	-1.7	-2.2
YOR234C	0.0	0.0	0.0	0.0	0.0	0.0	0.0	0.0	0.0	0.0	3.6	1.2
YOR235W	0.0	0.0	0.0	0.0	2.05	2.7	0.0	0.0	0.0	0.0	1.4	1.65
YOR239W	0.0	0.0	0.0	0.0	0.0	0.0	0.0	0.0	0.0	0.0	0.7	0.0
YOR241W	0.0	0.0	2.0	0.0	0.0	0.0	0.0	0.0	0.0	0.0	0.0	0.0
YOR246C	0.0	0.0	0.0	0.0	0.0	-1.3	0.0	0.0	0.0	0.0	0.0	0.0
YOR251C	0.0	0.0	0.0	0.0	0.0	0.0	0.0	0.0	0.0	0.0	1.3	0.0
YOR258W	0.0	0.0	0.0	0.0	-2.9	-2.8	0.0	0.0	0.0	0.0	0.0	0.0
YOR264W	0.0	0.0	0.0	0.0	-1.5	-1.4	0.0	0.0	-1.0	0.0	0.0	-1.3
YOR265W	0.0	0.0	-1.65	0.0	-3.7	-3.25	0.0	-1.4	-2.4	-1.0	-2.25	-4.0
YOR266W	0.0	0.0	-1.1	0.0	0.0	0.0	0.0	0.0	0.0	0.0	0.0	0.0
YOR270C	0.0	0.0	0.0	0.0	1.7	3.75	0.0	0.0	1.4	0.0	0.0	2.1
YOR275C	0.0	0.0	0.0	0.0	0.9	0.0	0.0	0.0	0.0	0.0	-1.95	-2.1
YOR276W	0.0	0.0	0.0	0.0	0.8	1.85	0.0	0.0	0.0	0.0	2.1	0.0
YOR293W	0.0	0.0	0.0	0.0	0.0	2.8	0.0	0.0	0.0	0.0	0.0	0.0
YOR295W	0.0	0.0	1.6	1.5	1.75	2.45	0.0	0.0	0.0	0.0	0.0	1.8
YOR297C	0.0	0.0	0.0	0.0	0.0	-2.4	0.0	0.0	0.0	0.0	0.0	0.0
YOR303W	0.0	0.0	0.0	0.0	0.0	0.0	0.0	0.0	8.7	0.0	0.0	0.0
YOR304W	0.0	0.0	-1.1	-1.3	-2.25	-3.65	0.0	0.0	0.0	0.0	-1.05	-1.3
YOR309C	0.0	0.0	0.0	1.9	2.55	3.15	0.0	0.0	0.0	1.2	0.0	2.35
YOR312C	0.0	0.0	1.5	1.9	2.8	3.9	0.0	0.0	0.0	0.0	0.0	3.0
YOR322C	0.0	0.0	0.0	-1.2	-2.45	-3.15	0.0	0.0	-1.35	0.0	-1.85	-2.8
YOR324C	0.0	0.0	0.0	0.0	0.0	-1.0	0.0	0.0	0.0	0.0	0.0	0.0
YOR357C	0.0	0.0	0.0	0.0	0.0	-0.9	0.0	0.0	0.0	0.0	0.0	0.0
YOR360C	0.0	0.0	0.0	-1.2	-1.5	-2.15	0.0	0.0	0.0	0.0	0.0	0.0
YOR364W	-1.8	0.0	0.0	0.0	0.0	0.0	0.0	0.0	0.0	0.0	0.0	0.0
YOR371C	0.0	0.0	0.0	-0.8	0.0	0.0	0.0	0.0	0.0	0.0	0.0	-1.0
YOR377W	0.0	0.0	0.0	0.7	0.0	0.0	0.0	0.0	0.0	0.0	0.0	0.0
YOR379C	0.0	0.0	0.0	0.0	0.8	0.0	0.0	0.0	0.0	0.0	0.0	1.0
YPL005W	0.0	0.0	0.0	0.0	0.0	2.8	0.0	0.0	0.0	0.0	0.0	1.4
YPL042C	0.0	0.0	0.0	0.0	0.0	-2.1	0.0	0.0	0.0	0.0	-2.0	0.0
YPL049C	0.0	0.0	0.0	0.0	0.0	-2.5	0.0	0.0	0.0	0.0	0.0	0.0
YPL061W	0.0	0.0	0.0	0.0	0.0	1.7	0.0	0.0	0.0	0.0	0.0	0.0
YPL065W	0.0	0.0	0.0	0.0	0.0	0.0	0.0	0.0	0.0	0.0	-1.3	0.0
YPL066W	0.0	-1.35	-1.7	-2.45	-4.75	-3.3	0.0	0.0	0.0	-1.1	-3.1	-4.5
YPL077C	0.0	0.0	0.0	0.0	0.0	-1.8	0.0	0.0	0.0	0.0	0.0	0.0
YPL084W	0.0	0.0	0.0	0.0	0.0	0.0	0.0	0.0	-1.6	0.0	0.0	0.0
YPL090C	0.0	0.0	0.0	0.0	0.0	2.0	0.0	0.0	0.0	0.0	0.0	0.0
YPL091W	0.0	0.0	0.0	-2.6	-2.6	-3.4	0.0	0.0	0.0	0.0	0.0	0.0
YPL097W	0.0	0.0	0.0	0.0	0.0	1.95	0.0	0.0	0.0	0.0	0.0	0.0
YPL101W	0.0	0.0	1.3	1.6	1.95	2.3	0.0	0.0	0.0	0.0	0.0	0.0
YPL102C	0.0	0.0	0.8	1.5	1.75	2.0	0.0	0.0	0.0	0.0	1.0	1.5
YPL104W	0.0	0.0	0.0	2.4	2.0	3.3	0.0	0.0	0.0	0.0	0.0	1.4
YPL106C	0.0	0.0	0.0	0.0	0.0	2.5	0.0	0.0	0.0	0.0	0.0	0.0
YPL110C	0.0	0.0	0.0	0.0	0.0	0.0	0.0	0.0	0.0	0.0	1.1	0.0
YPL115C	0.0	0.0	0.0	0.0	0.0	0.0	0.0	0.0	0.0	0.0	-0.9	-1.6
YPL118W	0.0	0.0	0.0	1.6	0.0	3.0	0.0	0.0	0.0	0.0	0.0	1.9
YPL120W	0.0	0.0	0.0	0.0	0.0	-3.15	0.0	0.0	0.0	0.0	0.0	0.0
YPL125W	0.0	0.0	0.0	1.5	1.7	3.45	0.0	0.8	1.55	0.0	0.0	2.0
YPL145C	0.0	0.0	0.0	0.0	0.0	-1.65	0.0	0.0	0.0	0.0	0.0	0.0
YPL150W	0.0	0.0	0.0	0.0	0.9	1.4	0.0	0.0	0.0	0.0	0.0	1.0
YPL154C	0.0	0.0	0.0	0.0	0.0	-1.2	0.0	0.0	0.0	0.0	0.0	0.0
YPL157W	-1.2	0.0	0.0	0.0	0.0	0.0	0.0	0.0	0.0	0.0	0.0	0.0
YPL158C	0.0	0.0	0.0	0.0	-1.7	-1.7	0.0	0.0	0.0	0.0	0.0	0.0
YPL161C	0.0	0.0	-2.1	-1.7	0.0	0.0	0.0	0.0	-1.7	0.0	0.0	0.0
YPL166W	0.0	0.0	0.0	0.0	0.0	-0.95	0.0	0.0	0.0	0.0	0.0	0.0
YPL170W	0.0	0.0	0.0	0.0	-1.75	-4.1	0.0	0.0	0.0	0.0	0.0	-1.2
YPL174C	0.0	0.0	0.0	0.0	0.0	0.0	0.0	0.0	-0.9	0.0	0.0	-1.6
YPL178W	-1.6	0.0	0.0	0.0	0.0	-2.5	0.0	0.0	0.0	0.0	-2.4	-2.9
YPL180W	0.0	-1.8	0.0	0.0	0.0	0.0	0.0	0.0	0.0	0.0	0.0	0.0
YPL181W	0.0	0.0	0.0	0.0	1.2	2.25	0.0	0.0	0.0	0.0	0.0	0.0
YPL182C	0.0	0.0	0.0	0.0	1.25	2.05	0.0	0.0	0.0	0.0	0.0	0.0
YPL183W-A	-1.4	0.0	0.0	0.0	0.0	0.0	0.0	0.0	0.0	0.0	0.0	0.0
YPL184C	0.0	0.0	0.0	0.0	0.0	1.3	0.0	0.0	0.0	0.0	0.0	0.0
YPL212C	0.0	0.0	0.0	0.0	0.0	0.0	0.0	0.0	0.0	0.0	0.0	0.9
YPL213W	0.0	0.0	0.0	0.0	2.0	1.8	1.1	0.0	1.6	0.0	0.0	1.95
YPL214C	0.0	0.0	0.0	0.0	0.0	0.0	0.0	0.0	0.0	0.0	0.0	1.0
YPL225W	0.0	0.0	0.0	0.0	0.9	1.35	0.0	0.0	0.0	0.0	0.0	0.0
YPL226W	0.0	0.0	0.0	0.0	0.0	-1.9	0.0	0.0	0.0	0.0	0.0	0.0
YPL241C	0.0	-1.25	-1.45	-2.5	-3.6	-3.85	-1.55	-1.95	-2.85	-4.35	-4.75	-5.15
YPL250C	0.0	0.0	0.0	0.0	0.0	0.0	0.0	0.0	0.0	0.0	0.0	-0.8
YPL253C	0.0	0.0	0.0	0.0	0.0	1.75	0.0	0.0	0.0	0.0	0.0	0.0
YPL268W	0.0	0.0	0.0	1.3	0.0	0.0	0.0	0.0	0.0	0.0	0.0	0.0
YPL269W	0.0	0.0	0.0	0.0	-1.4	-2.1	0.0	0.0	0.0	0.0	0.0	-1.8
YPL270W	0.0	0.0	0.0	0.0	0.0	1.25	0.0	0.0	0.0	0.0	0.0	0.0
YPR012W	0.0	0.0	0.0	0.0	0.0	0.0	0.0	0.0	0.0	0.0	1.8	0.0
YPR014C	0.0	0.0	0.0	0.0	0.0	0.0	0.0	0.0	0.0	0.0	1.7	0.0
YPR024W	0.0	0.0	0.0	0.0	0.0	0.0	0.0	0.0	0.0	-1.9	0.0	0.0
YPR040W	0.0	0.0	0.0	0.0	0.0	0.0	0.0	0.0	0.0	0.0	-1.1	-1.7
YPR044C	0.0	0.0	0.0	1.5	0.0	2.1	0.0	0.0	0.0	0.0	0.0	2.2
YPR047W	0.0	0.0	0.0	1.6	0.0	2.9	0.0	0.0	0.0	0.0	0.0	0.0
YPR057W	0.0	0.0	0.0	0.0	0.0	0.0	0.0	0.0	0.0	0.0	0.0	1.15
YPR064W	0.0	0.0	0.0	0.0	0.75	1.35	0.0	0.0	0.0	0.0	0.0	0.0
YPR065W	0.0	0.0	0.0	0.7	1.15	1.65	0.0	0.0	0.0	0.0	0.0	0.0
YPR067W	0.0	0.0	0.0	0.0	0.0	-2.15	0.0	0.0	0.0	0.0	0.0	0.0
YPR070W	0.0	0.0	0.0	0.0	0.0	-3.1	0.0	0.0	0.0	0.0	0.0	-1.6
YPR074C	0.0	0.0	-1.9	-2.65	-3.95	-3.35	0.0	0.0	0.0	0.0	0.0	-1.7
YPR076W	0.0	0.0	0.0	0.0	0.0	0.0	0.0	0.0	1.3	0.0	0.0	0.0
YPR079W	0.0	0.0	0.0	0.0	0.0	0.0	0.0	0.0	-1.3	0.0	0.0	0.0
YPR101W	0.0	0.0	0.0	0.0	2.9	0.0	0.0	0.0	0.0	0.0	0.0	2.0
YPR106W	0.0	0.0	0.0	1.4	2.1	3.0	0.0	0.0	0.0	0.0	0.0	1.4
YPR119W	0.0	0.0	0.0	0.0	0.0	-2.6	0.0	0.0	0.0	0.0	0.0	0.0
YPR120C	0.0	0.0	0.0	0.0	0.0	-2.6	0.0	0.0	0.0	0.0	0.0	0.0
YPR122W	0.0	0.0	0.0	0.0	0.0	0.0	0.0	0.0	0.0	0.0	1.1	0.0
YPR123C	0.0	0.0	-1.8	0.0	0.0	0.0	0.0	0.0	0.0	0.0	0.0	0.0
YPR124W	0.0	0.0	-1.5	0.0	0.0	0.0	0.0	0.0	-1.1	0.0	0.0	0.0
YPR131C	0.0	0.0	0.0	0.0	2.0	3.2	0.0	0.0	0.0	0.0	0.0	0.0
YPR132W	0.0	0.0	0.0	0.0	1.7	3.6	0.0	0.0	0.0	0.0	0.0	2.4
YPR133W-A	0.0	0.0	0.0	3.0	0.0	3.2	0.0	0.0	0.0	0.0	0.0	0.0
YPR140W	0.0	0.0	0.0	0.0	0.0	0.0	0.0	0.0	0.0	0.0	1.7	0.0
YPR153W	0.0	0.0	0.0	0.0	0.0	-3.25	0.0	0.0	0.0	0.0	0.0	0.0
YPR166C	0.0	0.0	0.0	0.0	0.0	1.8	0.0	0.0	0.0	0.0	0.0	0.0
YPR167C	0.0	0.0	0.0	0.0	0.0	-3.7	0.0	0.0	0.0	0.0	0.0	0.0
YPR170C	0.0	0.0	0.0	0.0	0.0	0.0	0.0	0.0	0.0	0.0	1.3	0.0
YPR173C	0.0	0.0	0.0	0.0	0.0	1.95	0.0	0.0	0.0	0.0	0.0	0.0
YPR179C	0.0	0.0	0.0	0.0	0.0	0.8	0.0	0.0	0.0	0.0	0.0	0.0
YPR184W	0.0	0.0	0.0	0.0	0.0	-2.1	0.0	0.0	0.0	0.0	0.0	0.0
YPR189W	0.0	0.0	1.2	0.0	1.2	1.85	0.0	0.8	0.0	0.0	0.0	1.6
YPR196W	0.0	0.0	0.0	0.0	0.0	0.0	0.0	0.0	0.0	0.0	1.3	0.0
YPR199C	0.0	0.0	0.0	0.0	0.0	0.0	-1.65	-2.65	-5.35	-4.55	-5.9	-6.2
YPR200C	0.0	0.0	0.0	0.0	0.0	0.0	0.0	0.0	-1.6	0.0	-2.05	-2.95
YPR201W	0.0	0.0	0.0	-1.3	0.0	-1.7	-2.0	-3.0	-4.25	-4.45	0.0	-5.9
