orf	hom | growth (relative abundance in pooled culture) | hydroquinone [1 mM], time [5 generations] | North M~Vulpe CD, 2011	hom | growth (relative abundance in pooled culture) | hydroquinone [2 mM], time [5 generations] | North M~Vulpe CD, 2011	hom | growth (relative abundance in pooled culture) | hydroquinone [4 mM], time [5 generations] | North M~Vulpe CD, 2011	hom | growth (relative abundance in pooled culture) | hydroquinone [1 mM], time [15 generations] | North M~Vulpe CD, 2011	hom | growth (relative abundance in pooled culture) | hydroquinone [2 mM], time [15 generations] | North M~Vulpe CD, 2011	hom | growth (relative abundance in pooled culture) | hydroquinone [4 mM], time [15 generations] | North M~Vulpe CD, 2011	hom | growth (relative abundance in pooled culture) | catechol [0.55 mM], time [5 generations] | North M~Vulpe CD, 2011	hom | growth (relative abundance in pooled culture) | catechol [1.1 mM], time [5 generations] | North M~Vulpe CD, 2011	hom | growth (relative abundance in pooled culture) | catechol [2.2 mM], time [5 generations] | North M~Vulpe CD, 2011	hom | growth (relative abundance in pooled culture) | catechol [0.55 mM], time [15 generations] | North M~Vulpe CD, 2011	hom | growth (relative abundance in pooled culture) | catechol [1.1 mM], time [15 generations] | North M~Vulpe CD, 2011	hom | growth (relative abundance in pooled culture) | catechol [2.2 mM], time [15 generations] | North M~Vulpe CD, 2011	hom | growth (relative abundance in pooled culture) | benzene-1,2,4-triol [87.5 uM], time [5 generations] | North M~Vulpe CD, 2011	hom | growth (relative abundance in pooled culture) | benzene-1,2,4-triol [175 uM], time [5 generations] | North M~Vulpe CD, 2011	hom | growth (relative abundance in pooled culture) | benzene-1,2,4-triol [350 uM], time [5 generations] | North M~Vulpe CD, 2011	hom | growth (relative abundance in pooled culture) | benzene-1,2,4-triol [87.5 uM], time [15 generations] | North M~Vulpe CD, 2011	hom | growth (relative abundance in pooled culture) | benzene-1,2,4-triol [175 uM], time [15 generations] | North M~Vulpe CD, 2011	hom | growth (relative abundance in pooled culture) | benzene-1,2,4-triol [350 uM], time [15 generations] | North M~Vulpe CD, 2011
YAL011W	0.0	0.0	-1.4	0.0	0.0	0.0	0.0	0.0	0.0	0.0	0.0	0.0	0.0	0.0	0.0	0.0	0.0	0.0
YAL040C	0.0	0.0	-1.9	0.0	0.0	0.0	0.0	0.0	0.0	0.0	0.0	0.0	0.0	0.0	0.0	0.0	0.0	0.0
YAR003W	0.0	0.0	0.0	0.0	0.0	-3.4	0.0	0.0	0.0	0.0	0.0	0.0	0.0	0.0	0.0	0.0	0.0	0.0
YBL047C	0.0	0.0	0.0	-2.8	-2.8	0.0	0.0	0.0	0.0	0.0	0.0	0.0	0.0	0.0	0.0	0.0	0.0	0.0
YBL051C	0.0	0.0	-1.5	0.0	0.0	0.0	0.0	1.7	0.0	-4.0	0.0	0.0	0.0	0.0	0.0	0.0	0.0	0.0
YBL062W	0.0	0.0	0.0	0.0	-2.7	-2.9	1.8	1.9	1.9	0.0	0.0	0.0	0.0	0.0	0.0	0.0	0.0	0.0
YBL065W	0.0	0.0	0.0	5.8	5.4	5.7	0.0	0.0	0.0	5.9	5.2	5.4	0.0	0.0	0.0	4.2	6.2	6.4
YBL079W	0.0	0.0	0.0	0.0	0.0	2.1	0.0	0.0	0.0	0.0	0.0	1.6	0.0	0.0	0.0	0.0	0.0	2.2
YBL080C	0.0	0.0	0.0	0.0	0.0	-2.3	0.0	0.0	0.0	0.0	0.0	0.0	0.0	0.0	0.0	0.0	0.0	0.0
YBL106C	0.0	0.0	0.0	0.0	2.3	0.0	0.0	0.0	0.0	0.0	0.0	0.0	0.0	0.0	0.0	0.0	0.0	0.0
YBL107C	0.0	0.0	0.0	2.6	0.0	2.3	0.0	0.0	0.0	0.0	0.0	0.0	0.0	0.0	0.0	2.3	2.2	2.1
YBR006W	0.0	0.0	0.0	1.8	0.0	0.0	0.0	0.0	0.0	1.9	1.6	1.6	0.0	0.0	0.0	0.0	0.0	0.0
YBR019C	0.0	0.0	0.0	0.0	2.8	3.0	0.0	0.0	0.0	0.0	0.0	0.0	0.0	0.0	0.0	2.9	2.3	2.3
YBR035C	0.0	0.0	0.0	-2.4	-2.4	-2.3	0.0	0.0	0.0	0.0	-1.7	0.0	0.0	0.0	0.0	-2.2	-2.4	-2.6
YBR037C	0.0	1.6	1.6	0.0	0.0	0.0	2.0	2.2	1.8	2.3	2.4	2.3	0.0	0.0	0.0	0.0	0.0	0.0
YBR068C	0.0	-3.2	-2.8	0.0	0.0	0.0	0.0	0.0	0.0	0.0	0.0	0.0	0.0	0.0	0.0	0.0	0.0	0.0
YBR071W	0.0	0.0	0.0	2.1	0.0	0.0	0.0	0.0	0.0	0.0	0.0	0.0	0.0	0.0	0.0	0.0	0.0	2.2
YBR113W	0.0	0.0	0.0	4.4	3.6	4.5	0.0	0.0	0.0	0.0	0.0	0.0	0.0	0.0	0.0	4.2	4.4	4.4
YBR114W	0.0	0.0	0.0	2.6	0.0	0.0	1.9	2.1	2.1	0.0	0.0	0.0	0.0	0.0	2.2	3.2	2.8	2.7
YBR129C	0.0	0.0	0.0	1.7	0.0	1.7	0.0	0.0	0.0	1.6	1.4	0.0	0.0	0.0	0.0	0.0	0.0	1.6
YBR138C	0.0	0.0	0.0	4.8	3.9	4.9	0.0	0.0	0.0	4.6	4.1	4.4	0.0	0.0	0.0	3.6	4.8	4.9
YBR149W	0.0	0.0	0.0	2.6	2.6	2.6	0.0	0.0	0.0	2.5	2.3	2.3	0.0	0.0	0.0	2.4	2.3	2.4
YBR156C	2.2	0.0	0.0	0.0	0.0	0.0	0.0	2.0	1.6	0.0	0.0	0.0	4.0	0.0	2.0	0.0	0.0	0.0
YBR159W	0.0	0.0	1.8	0.0	0.0	0.0	0.0	0.0	1.6	0.0	0.0	0.0	0.0	1.8	0.0	0.0	2.4	0.0
YBR164C	0.0	0.0	0.0	1.9	0.0	0.0	0.0	0.0	0.0	0.0	0.0	0.0	0.0	0.0	0.0	2.5	0.0	0.0
YBR169C	0.0	0.0	0.0	2.0	2.0	0.0	0.0	0.0	0.0	0.0	0.0	0.0	0.0	0.0	0.0	2.5	2.3	1.8
YBR170C	0.0	2.7	2.5	3.5	0.0	3.5	2.3	2.5	2.3	3.3	0.0	0.0	0.0	0.0	0.0	2.2	3.1	3.2
YBR175W	0.0	2.5	2.8	0.0	0.0	0.0	2.8	2.9	3.0	2.7	0.0	0.0	0.0	0.0	2.7	2.4	0.0	0.0
YBR184W	0.0	0.0	0.0	2.5	2.3	2.5	0.0	0.0	0.0	0.0	0.0	0.0	0.0	0.0	0.0	2.8	2.1	0.0
YBR186W	0.0	0.0	0.0	2.3	0.0	2.2	0.0	0.0	0.0	0.0	0.0	0.0	0.0	0.0	0.0	0.0	0.0	0.0
YBR187W	3.4	3.6	3.7	0.0	0.0	0.0	4.3	4.6	4.5	2.8	0.0	0.0	2.3	2.8	3.2	0.0	0.0	0.0
YBR197C	0.0	0.0	-2.1	0.0	0.0	0.0	0.0	0.0	0.0	0.0	0.0	0.0	0.0	0.0	0.0	2.1	0.0	0.0
YBR213W	2.6	2.4	2.3	3.0	0.0	0.0	2.8	2.8	2.8	0.0	0.0	0.0	2.7	2.7	2.8	2.7	2.7	2.9
YBR225W	0.0	0.0	0.0	2.3	2.2	2.5	0.0	0.0	0.0	-2.8	0.0	0.0	0.0	0.0	0.0	0.0	1.9	1.8
YBR273C	0.0	0.0	0.0	2.0	2.3	2.1	0.0	0.0	0.0	0.0	0.0	0.0	0.0	0.0	0.0	2.6	2.1	2.0
YBR292C	-1.2	0.0	0.0	0.0	0.0	0.0	0.0	0.0	0.0	0.0	0.0	0.0	-2.3	-1.5	-1.2	0.0	0.0	-1.5
YBR298C	1.8	2.1	2.1	0.0	0.0	0.0	2.3	2.6	2.3	0.0	0.0	0.0	0.0	0.0	0.0	0.0	0.0	-2.6
YBR299W	2.3	0.0	2.5	0.0	0.0	0.0	0.0	0.0	0.0	0.0	0.0	0.0	0.0	0.0	0.0	0.0	0.0	0.0
YCL005W	0.0	0.0	0.0	2.7	0.0	0.0	0.0	0.0	0.0	2.6	2.1	0.0	0.0	0.0	0.0	0.0	0.0	2.5
YCL030C	3.4	0.0	0.0	0.0	0.0	0.0	2.6	0.0	0.0	0.0	0.0	0.0	0.0	2.8	2.6	0.0	0.0	0.0
YCL036W	0.0	0.0	1.6	0.0	0.0	0.0	1.7	1.8	1.7	0.0	0.0	0.0	0.0	0.0	0.0	0.0	0.0	0.0
YCL045C	0.0	0.0	0.0	0.0	0.0	-2.0	0.0	0.0	0.0	0.0	0.0	0.0	0.0	0.0	0.0	0.0	0.0	0.0
YCL050C	0.0	0.0	0.0	-1.9	0.0	0.0	0.0	0.0	0.0	-1.6	-1.3	0.0	0.0	0.0	0.0	0.0	-1.7	-1.9
YCL055W	2.0	0.0	0.0	0.0	0.0	0.0	0.0	0.0	0.0	0.0	0.0	0.0	0.0	0.0	0.0	0.0	0.0	0.0
YCL056C	0.0	0.0	1.8	0.0	0.0	0.0	0.0	0.0	0.0	0.0	0.0	0.0	0.0	0.0	0.0	0.0	0.0	0.0
YCR004C	0.0	-1.5	-1.5	0.0	0.0	-3.6	0.0	0.0	0.0	0.0	0.0	0.0	0.0	0.0	0.0	0.0	0.0	0.0
YCR006C	2.5	2.7	2.9	0.0	0.0	0.0	3.0	3.2	3.2	0.0	0.0	0.0	0.0	0.0	1.9	0.0	0.0	0.0
YCR007C	0.0	0.0	0.0	4.0	3.9	0.0	0.0	0.0	0.0	4.2	3.9	3.9	0.0	0.0	0.0	0.0	4.2	4.0
YCR027C	0.0	0.0	2.0	0.0	0.0	0.0	1.7	1.8	1.9	0.0	0.0	0.0	1.9	0.0	0.0	2.8	0.0	0.0
YCR044C	2.0	0.0	0.0	0.0	0.0	0.0	0.0	0.0	0.0	0.0	0.0	0.0	0.0	0.0	0.0	0.0	0.0	0.0
YCR049C	0.0	0.0	-1.2	0.0	0.0	0.0	0.0	0.0	0.0	0.0	0.0	-1.7	0.0	0.0	0.0	0.0	-2.3	-3.0
YCR053W	0.0	0.0	-2.4	0.0	0.0	0.0	0.0	0.0	0.0	0.0	0.0	0.0	0.0	0.0	0.0	0.0	0.0	0.0
YCR068W	-1.6	-1.2	-1.6	0.0	0.0	0.0	0.0	0.0	0.0	0.0	0.0	0.0	0.0	0.0	0.0	0.0	0.0	0.0
YCR073W-A	2.5	2.9	3.4	0.0	0.0	3.4	3.0	3.1	3.1	2.9	2.1	0.0	0.0	0.0	0.0	0.0	2.3	0.0
YCR106W	0.0	0.0	0.0	-1.5	0.0	0.0	0.0	0.0	0.0	0.0	0.0	0.0	0.0	0.0	0.0	0.0	0.0	-1.5
YDL010W	0.0	0.0	0.0	4.7	4.2	4.0	0.0	0.0	0.0	4.5	4.5	4.3	0.0	0.0	0.0	3.3	4.5	5.0
YDL018C	0.0	0.0	0.0	-2.0	0.0	0.0	0.0	0.0	0.0	0.0	0.0	0.0	0.0	0.0	0.0	0.0	-2.1	-2.3
YDL020C	0.0	0.0	-1.6	-3.8	-3.4	0.0	0.0	0.0	0.0	0.0	0.0	0.0	0.0	0.0	0.0	0.0	-2.4	0.0
YDL070W	0.0	0.0	0.0	2.9	0.0	2.6	0.0	0.0	0.0	2.2	1.7	2.5	0.0	0.0	0.0	0.0	2.3	2.3
YDL073W	0.0	0.0	0.0	0.0	0.0	2.9	0.0	0.0	0.0	0.0	0.0	0.0	0.0	0.0	0.0	0.0	0.0	0.0
YDL117W	0.0	1.7	0.0	0.0	0.0	0.0	0.0	0.0	0.0	0.0	0.0	0.0	0.0	0.0	0.0	0.0	0.0	0.0
YDL135C	0.0	0.0	0.0	2.2	0.0	0.0	0.0	0.0	0.0	0.0	0.0	0.0	0.0	0.0	0.0	2.85	2.9	2.7
YDL158C	1.8	0.0	0.0	0.0	0.0	0.0	0.0	0.0	1.4	0.0	0.0	0.0	3.1	0.0	2.4	0.0	0.0	0.0
YDL161W	0.0	0.0	0.0	2.5	2.5	0.0	0.0	0.0	0.0	0.0	0.0	0.0	0.0	0.0	0.0	2.2	2.4	2.6
YDL173W	0.0	0.0	-1.8	0.0	0.0	0.0	0.0	0.0	0.0	0.0	0.0	0.0	0.0	0.0	0.0	0.0	0.0	0.0
YDL202W	0.0	0.0	1.5	0.0	0.0	-2.5	1.3	0.0	0.0	0.0	0.0	0.0	0.0	0.0	0.0	2.1	0.0	2.85
YDL211C	-1.3	0.0	-1.1	0.0	0.0	0.0	-1.2	-1.3	-1.1	-4.0	0.0	0.0	-1.7	0.0	-1.3	0.0	0.0	0.0
YDL216C	2.7	2.5	2.4	0.0	0.0	0.0	1.7	1.6	1.6	0.0	0.0	0.0	0.0	0.0	0.0	0.0	0.0	0.0
YDL223C	2.9	2.9	2.2	2.6	2.8	2.6	2.25	2.4	2.35	2.3	2.2	2.2	2.2	2.1	2.6	0.0	2.8	2.7
YDL225W	0.0	0.0	0.0	-1.8	-3.2	-2.9	0.0	0.0	0.0	0.0	0.0	0.0	0.0	0.0	0.0	0.0	0.0	0.0
YDL230W	0.0	0.0	1.2	3.1	3.1	3.3	0.0	0.0	0.0	0.0	0.0	0.0	0.0	0.0	0.0	3.1	3.3	3.4
YDL236W	0.0	0.0	0.0	-1.8	0.0	0.0	0.0	0.0	0.0	-1.8	-1.6	-1.7	0.0	0.0	0.0	0.0	-1.9	-1.9
YDL242W	0.0	0.0	0.0	-1.4	0.0	0.0	0.0	0.0	0.0	0.0	0.0	0.0	0.0	0.0	0.0	0.0	0.0	-1.4
YDR025W	0.0	2.1	2.4	0.0	0.0	0.0	2.3	2.1	2.1	0.0	0.0	0.0	0.0	0.0	0.0	0.0	0.0	0.0
YDR032C	0.0	-2.3	-3.0	-2.3	-3.4	-3.2	0.0	0.0	0.0	0.0	0.0	0.0	0.0	0.0	0.0	0.0	0.0	0.0
YDR065W	0.0	0.0	1.4	0.0	0.0	0.0	0.0	0.0	0.0	0.0	0.0	0.0	0.0	0.0	0.0	0.0	2.4	2.9
YDR074W	0.0	0.0	-2.8	0.0	0.0	0.0	0.0	0.0	0.0	0.0	0.0	0.0	0.0	0.0	0.0	0.0	0.0	0.0
YDR105C	2.5	2.8	3.1	0.0	0.0	0.0	2.7	2.9	2.9	3.0	0.0	0.0	2.5	2.4	2.1	0.0	0.0	0.0
YDR112W	0.0	0.0	0.0	-4.1	-4.4	-4.3	0.0	0.0	0.0	0.0	0.0	0.0	0.0	0.0	0.0	0.0	-3.8	-3.7
YDR132C	0.0	0.0	-1.8	-2.4	0.0	0.0	0.0	0.0	0.0	0.0	0.0	0.0	0.0	0.0	0.0	0.0	0.0	0.0
YDR153C	2.5	2.3	2.8	2.9	2.9	0.0	3.2	3.5	3.2	3.1	2.4	2.6	3.2	3.0	0.0	2.3	3.4	3.5
YDR162C	0.0	0.0	-2.2	0.0	0.0	0.0	0.0	0.0	0.0	0.0	0.0	0.0	-5.5	0.0	0.0	0.0	0.0	0.0
YDR163W	0.0	2.2	2.5	0.0	0.0	2.7	1.7	1.8	1.7	0.0	0.0	0.0	0.0	0.0	0.0	0.0	0.0	0.0
YDR175C	2.0	2.1	1.9	0.0	0.0	0.0	2.1	1.8	1.8	0.0	0.0	0.0	0.0	0.0	1.5	0.0	3.3	4.1
YDR179C	2.9	3.1	0.0	-2.0	0.0	0.0	2.8	2.6	2.7	-1.9	-1.6	-1.7	3.0	0.0	0.0	0.0	-2.0	-2.2
YDR220C	0.0	0.0	0.0	2.0	0.0	0.0	0.0	0.0	0.0	2.0	1.4	1.5	0.0	0.0	0.0	2.0	2.2	2.0
YDR221W	0.0	0.0	0.0	2.4	2.2	0.0	0.0	0.0	0.0	2.2	1.8	2.0	0.0	0.0	0.0	0.0	0.0	0.0
YDR229W	0.0	0.0	-1.4	0.0	0.0	0.0	0.0	0.0	0.0	0.0	0.0	0.0	0.0	0.0	0.0	0.0	0.0	0.0
YDR247W	0.0	0.0	0.0	0.0	0.0	-2.1	0.0	0.0	0.0	0.0	0.0	0.0	0.0	0.0	0.0	0.0	0.0	0.0
YDR250C	0.0	0.0	0.0	0.0	0.0	1.6	0.0	0.0	0.0	0.0	0.0	0.0	0.0	0.0	0.0	0.0	0.0	0.0
YDR283C	0.0	2.4	2.5	0.0	0.0	0.0	2.2	2.0	2.1	0.0	0.0	0.0	0.0	0.0	0.0	0.0	0.0	0.0
YDR291W	0.0	0.0	0.0	5.1	4.8	4.9	0.0	0.0	0.0	4.9	4.3	4.5	0.0	0.0	0.0	3.7	5.0	4.9
YDR305C	0.0	0.0	0.0	2.7	0.0	0.0	0.0	0.0	0.0	0.0	0.0	0.0	0.0	0.0	0.0	2.65	0.0	0.0
YDR306C	0.0	0.0	0.0	0.0	2.0	0.0	0.0	0.0	0.0	0.0	0.0	0.0	0.0	0.0	0.0	2.0	1.9	0.0
YDR312W	0.0	0.0	0.0	3.9	4.0	3.4	0.0	0.0	0.0	0.0	0.0	0.0	0.0	0.0	0.0	3.4	3.7	3.9
YDR314C	0.0	0.0	0.0	2.3	3.1	2.5	1.7	1.8	1.9	2.0	0.0	0.0	0.0	0.0	0.0	1.8	2.3	2.1
YDR319C	0.0	0.0	0.0	1.9	1.8	0.0	0.0	0.0	0.0	0.0	0.0	0.0	0.0	0.0	0.0	3.2	2.2	1.8
YDR322W	0.0	0.0	0.0	2.4	0.0	0.0	0.0	0.0	0.0	0.0	0.0	0.0	0.0	0.0	0.0	2.6	0.0	0.0
YDR326C	0.0	0.0	0.0	2.0	1.9	0.0	0.0	0.0	0.0	0.0	0.0	0.0	0.0	0.0	0.0	2.6	2.2	2.0
YDR336W	0.0	0.0	0.0	3.3	3.2	3.1	0.0	0.0	0.0	2.3	0.0	2.1	0.0	0.0	0.0	2.6	3.0	3.1
YDR354W	0.0	0.0	0.0	2.7	2.6	3.0	0.0	0.0	0.0	0.0	1.7	0.0	0.0	0.0	0.0	2.8	2.2	0.0
YDR359C	0.0	0.0	-1.7	0.0	0.0	0.0	0.0	0.0	0.0	0.0	0.0	0.0	0.0	0.0	0.0	0.0	0.0	3.7
YDR384C	0.0	0.0	0.0	0.0	0.0	2.5	0.0	0.0	0.0	0.0	2.2	0.0	0.0	0.0	0.0	0.0	0.0	2.5
YDR385W	0.0	0.0	0.0	2.6	0.0	0.0	0.0	0.0	0.0	0.0	2.3	2.8	0.0	0.0	0.0	0.0	2.6	3.0
YDR388W	0.0	0.0	0.0	0.0	2.9	0.0	0.0	0.0	0.0	0.0	0.0	2.4	0.0	0.0	0.0	0.0	2.4	0.0
YDR389W	0.0	0.0	0.0	0.0	2.7	0.0	0.0	0.0	0.0	0.0	0.0	0.0	0.0	0.0	0.0	0.0	0.0	0.0
YDR392W	0.0	0.0	-2.3	0.0	0.0	0.0	0.0	0.0	0.0	0.0	0.0	0.0	0.0	0.0	0.0	0.0	2.0	3.2
YDR400W	0.0	0.0	0.0	2.3	2.0	2.2	0.0	0.0	0.0	2.2	1.8	1.7	0.0	0.0	0.0	0.0	2.1	2.1
YDR401W	0.0	2.1	2.5	0.0	0.0	0.0	2.0	2.4	2.2	0.0	0.0	0.0	0.0	0.0	0.0	0.0	0.0	0.0
YDR402C	0.0	0.0	0.0	1.9	0.0	0.0	0.0	0.0	0.0	0.0	0.0	0.0	0.0	0.0	0.0	0.0	0.0	0.0
YDR403W	0.0	0.0	0.0	0.0	0.0	2.1	0.0	0.0	0.0	0.0	0.0	0.0	0.0	0.0	0.0	0.0	0.0	0.0
YDR409W	0.0	0.0	0.0	2.3	0.0	0.0	0.0	0.0	0.0	0.0	0.0	0.0	0.0	0.0	0.0	0.0	0.0	0.0
YDR414C	0.0	0.0	0.0	2.5	0.0	0.0	0.0	0.0	0.0	0.0	0.0	0.0	0.0	0.0	1.3	2.0	2.2	4.35
YDR423C	0.0	0.0	1.7	2.2	0.0	0.0	0.0	1.4	1.6	1.8	1.8	0.0	0.0	0.0	0.0	0.0	0.0	2.1
YDR431W	0.0	0.0	0.0	-3.3	0.0	0.0	0.0	0.0	0.0	0.0	0.0	0.0	0.0	0.0	0.0	-2.4	0.0	0.0
YDR441C	0.0	1.8	1.9	0.0	0.0	0.0	1.5	1.7	1.6	0.0	0.0	0.0	0.0	0.0	0.0	0.0	0.0	0.0
YDR447C	0.0	0.0	0.0	2.7	2.2	2.2	0.0	0.0	1.3	0.0	0.0	0.0	0.0	0.0	0.0	0.0	0.0	1.8
YDR456W	0.0	0.0	2.6	0.0	0.0	0.0	2.5	2.8	2.7	0.0	1.7	0.0	0.0	0.0	0.0	2.4	0.0	0.0
YDR457W	0.0	0.0	0.0	-3.1	-3.2	-2.2	0.0	0.0	0.0	-2.7	-2.45	0.0	0.0	0.0	0.0	0.0	0.0	0.0
YDR458C	2.65	2.95	2.85	3.9	2.9	3.0	2.9	3.05	2.9	3.4	2.8	2.8	2.9	2.65	2.75	2.9	3.5	3.7
YDR465C	2.0	0.0	2.1	0.0	0.0	0.0	1.9	2.0	2.0	0.0	0.0	0.0	0.0	0.0	0.0	0.0	0.0	0.0
YDR484W	0.0	0.0	-2.0	0.0	0.0	0.0	0.0	0.0	0.0	0.0	0.0	0.0	0.0	0.0	0.0	0.0	0.0	0.0
YDR507C	0.0	0.0	0.0	0.0	-2.4	0.0	0.0	0.0	0.0	0.0	0.0	0.0	0.0	0.0	0.0	0.0	0.0	0.0
YDR520C	0.0	0.0	1.5	0.0	0.0	0.0	1.7	1.9	1.8	0.0	0.0	0.0	0.0	0.0	0.0	0.0	0.0	0.0
YDR525W	1.6	0.0	0.0	0.0	0.0	0.0	0.0	0.0	0.0	0.0	0.0	0.0	0.0	0.0	0.0	0.0	0.0	0.0
YEL012W	3.0	3.2	3.5	0.0	0.0	0.0	3.4	3.7	3.8	0.0	0.0	0.0	3.1	2.8	3.0	2.6	3.0	0.0
YEL028W	0.0	0.0	0.0	4.1	4.3	4.1	0.0	0.0	0.0	4.4	3.7	4.0	0.0	0.0	0.0	3.5	4.1	4.3
YEL036C	2.5	0.0	0.0	0.0	0.0	0.0	0.0	0.0	0.0	0.0	0.0	0.0	0.0	0.0	0.0	0.0	0.0	0.0
YEL056W	0.0	0.0	0.0	-3.6	-3.7	-3.8	0.0	0.0	0.0	0.0	0.0	0.0	0.0	0.0	0.0	0.0	-3.3	-3.4
YEL068C	0.0	0.0	0.0	2.6	0.0	2.8	1.5	0.0	1.5	3.0	0.0	0.0	0.0	0.0	0.0	2.0	2.7	3.0
YER002W	2.9	3.1	2.6	0.0	0.0	0.0	2.7	2.6	2.7	0.0	0.0	0.0	2.8	3.0	3.1	0.0	0.0	0.0
YER019W	-2.5	0.0	-2.1	0.0	0.0	0.0	0.0	0.0	0.0	0.0	0.0	0.0	0.0	0.0	0.0	0.0	0.0	0.0
YER047C	0.0	0.0	2.7	0.0	0.0	0.0	2.7	2.5	2.8	0.0	0.0	0.0	0.0	0.0	0.0	0.0	0.0	0.0
YER051W	0.0	0.0	2.4	0.0	0.0	0.0	2.4	2.4	2.5	0.0	0.0	0.0	0.0	0.0	0.0	0.0	0.0	0.0
YER066C-A	0.0	2.1	2.5	0.0	0.0	0.0	2.2	2.4	2.4	3.5	0.0	0.0	2.2	2.1	2.3	0.0	0.0	0.0
YER067W	-1.4	0.0	0.0	0.0	0.0	0.0	0.0	0.0	0.0	0.0	0.0	0.0	0.0	0.0	0.0	0.0	0.0	0.0
YER080W	0.0	0.0	0.0	2.5	2.2	2.3	0.0	0.0	0.0	0.0	0.0	0.0	0.0	0.0	0.0	0.0	1.8	0.0
YER084W	0.0	0.0	0.0	-2.2	0.0	-3.3	0.0	0.0	0.0	0.0	-1.4	-1.7	0.0	0.0	0.0	2.7	-2.3	-2.7
YER087C-B	0.0	0.0	0.0	3.1	2.7	2.9	0.0	0.0	0.0	0.0	0.0	0.0	0.0	0.0	0.0	2.7	2.9	2.7
YER098W	0.0	0.0	0.0	0.0	-1.6	0.0	0.0	0.0	0.0	0.0	0.0	0.0	0.0	0.0	0.0	0.0	0.0	0.0
YER118C	0.0	0.0	0.0	0.0	0.0	-1.6	0.0	0.0	0.0	0.0	0.0	-1.3	0.0	0.0	0.0	0.0	0.0	0.0
YER139C	0.0	0.0	0.0	0.0	0.0	-3.5	0.0	0.0	0.0	0.0	0.0	0.0	0.0	0.0	0.0	0.0	0.0	0.0
YER156C	0.0	0.0	-1.1	0.0	0.0	0.0	0.0	0.0	0.0	-2.6	0.0	0.0	-1.7	-1.7	0.0	0.0	0.0	0.0
YER169W	3.2	3.1	3.6	0.0	0.0	0.0	3.1	3.0	3.4	0.0	2.0	2.1	2.5	2.3	0.0	0.0	0.0	0.0
YFL010C	0.0	0.0	0.0	0.0	0.0	1.9	0.0	0.0	0.0	0.0	0.0	0.0	0.0	0.0	0.0	0.0	0.0	0.0
YFL011W	0.0	0.0	0.0	3.2	3.2	2.9	0.0	0.0	0.0	0.0	0.0	0.0	0.0	0.0	0.0	2.5	2.7	3.0
YFL012W	0.0	0.0	0.0	0.0	0.0	2.6	0.0	0.0	0.0	0.0	0.0	0.0	0.0	0.0	0.0	0.0	0.0	0.0
YFL012W-A	0.0	0.0	0.0	3.3	0.0	3.0	0.0	0.0	0.0	0.0	0.0	0.0	0.0	0.0	0.0	3.3	3.7	4.2
YFL019C	0.0	0.0	0.0	4.4	4.6	5.0	0.0	0.0	0.0	0.0	0.0	0.0	0.0	0.0	0.0	2.7	3.6	4.4
YFL020C	0.0	0.0	0.0	3.0	3.3	2.8	0.0	0.0	0.0	0.0	0.0	0.0	0.0	0.0	0.0	0.0	2.7	2.9
YFL023W	0.0	0.0	-1.8	0.0	0.0	0.0	0.0	0.0	0.0	0.0	0.0	0.0	0.0	0.0	0.0	0.0	0.0	0.0
YFL025C	0.0	0.0	0.0	2.9	0.0	0.0	0.0	0.0	0.0	0.0	0.0	0.0	0.0	0.0	0.0	0.0	0.0	2.7
YFL032W	0.0	0.0	0.0	4.4	4.0	4.6	0.0	0.0	0.0	0.0	0.0	0.0	0.0	0.0	0.0	4.4	4.4	4.6
YFL041W	0.0	0.0	0.0	2.3	2.4	2.3	0.0	0.0	0.0	0.0	1.9	0.0	0.0	0.0	0.0	0.0	0.0	0.0
YFL044C	0.0	0.0	0.0	0.0	2.6	0.0	0.0	0.0	0.0	0.0	0.0	0.0	0.0	0.0	0.0	3.3	2.5	2.4
YFL055W	0.0	0.0	0.0	3.0	3.4	3.8	0.0	0.0	0.0	0.0	0.0	0.0	0.0	0.0	0.0	0.0	0.0	0.0
YFR018C	0.0	0.0	2.1	3.0	3.0	3.0	2.4	2.6	2.8	2.7	0.0	0.0	0.0	2.2	2.7	2.5	2.9	3.1
YFR026C	0.0	0.0	0.0	2.0	0.0	0.0	0.0	0.0	0.0	1.9	1.7	1.8	0.0	0.0	0.0	2.6	2.1	2.1
YGL004C	1.8	1.8	1.8	0.0	0.0	0.0	1.6	1.9	1.6	0.0	0.0	0.0	0.0	0.0	1.7	0.0	0.0	0.0
YGL038C	2.5	0.0	0.0	0.0	0.0	0.0	0.0	0.0	0.0	0.0	0.0	0.0	0.0	0.0	0.0	0.0	0.0	0.0
YGL041C	0.0	2.2	2.2	0.0	0.0	0.0	1.6	1.8	1.7	0.0	0.0	0.0	0.0	0.0	0.0	0.0	0.0	0.0
YGL058W	0.0	0.0	2.2	0.0	0.0	0.0	0.0	0.0	0.0	0.0	0.0	0.0	0.0	0.0	0.0	0.0	0.0	0.0
YGL071W	0.0	0.0	-2.05	0.0	0.0	0.0	-1.4	-2.65	-3.8	0.0	0.0	0.0	0.0	-2.9	-1.65	0.0	0.0	0.0
YGL087C	0.0	0.0	2.1	0.0	0.0	0.0	2.3	2.4	2.4	0.0	0.0	0.0	2.3	2.2	0.0	2.8	0.0	0.0
YGL118C	2.5	0.0	2.7	0.0	0.0	0.0	3.1	3.3	3.0	2.2	0.0	0.0	2.8	0.0	2.7	0.0	0.0	0.0
YGL125W	0.0	0.0	2.3	0.0	0.0	2.5	0.0	0.0	0.0	0.0	0.0	0.0	0.0	0.0	0.0	0.0	0.0	0.0
YGL138C	2.9	3.1	3.2	0.0	0.0	0.0	2.6	3.0	3.2	0.0	0.0	2.1	3.0	0.0	2.2	0.0	0.0	2.8
YGL147C	0.0	0.0	0.0	0.0	0.0	-3.4	0.0	0.0	0.0	0.0	0.0	0.0	-1.5	0.0	0.0	0.0	0.0	0.0
YGL164C	0.0	0.0	0.0	-2.2	0.0	0.0	0.0	0.0	0.0	0.0	-1.5	0.0	0.0	0.0	0.0	0.0	0.0	-2.4
YGL175C	0.0	1.6	1.5	0.0	0.0	0.0	1.6	1.7	1.7	0.0	0.0	0.0	0.0	0.0	0.0	0.0	0.0	0.0
YGL179C	3.9	0.0	0.0	0.0	0.0	0.0	0.0	0.0	0.0	0.0	0.0	0.0	0.0	0.0	3.0	0.0	0.0	0.0
YGL203C	4.3	0.0	0.0	0.0	0.0	0.0	0.0	0.0	0.0	0.0	0.0	0.0	2.5	0.0	3.4	0.0	0.0	0.0
YGL214W	0.0	0.0	1.9	0.0	0.0	0.0	0.0	0.0	0.0	0.0	0.0	0.0	0.0	0.0	1.6	0.0	0.0	0.0
YGL226C-A	3.1	2.6	3.0	2.6	0.0	0.0	2.9	2.9	3.1	0.0	0.0	0.0	0.0	2.4	0.0	2.7	0.0	0.0
YGL229C	0.0	0.0	2.1	0.0	2.3	0.0	2.0	1.9	2.0	0.0	0.0	0.0	0.0	0.0	0.0	2.4	2.3	2.2
YGL232W	0.0	0.0	0.0	2.7	2.7	2.5	0.0	0.0	0.0	-2.6	0.0	0.0	0.0	0.0	0.0	2.8	2.6	2.7
YGL240W	0.0	2.3	2.25	0.0	0.0	0.0	0.0	0.0	0.0	0.0	0.0	0.0	0.0	0.0	0.0	0.0	0.0	3.3
YGL242C	0.0	0.0	0.0	1.9	0.0	0.0	0.0	1.5	1.4	1.7	1.4	1.5	0.0	0.0	0.0	2.5	0.0	1.9
YGR035C	0.0	0.0	1.8	0.0	2.2	2.3	1.4	0.0	1.5	0.0	1.6	0.0	0.0	0.0	0.0	0.0	0.0	0.0
YGR038W	0.0	0.0	0.0	0.0	2.2	0.0	0.0	0.0	0.0	2.0	1.5	0.0	0.0	0.0	0.0	2.5	1.9	2.2
YGR041W	2.2	2.5	2.5	0.0	0.0	0.0	2.9	3.0	2.9	0.0	0.0	0.0	2.5	0.0	2.1	0.0	0.0	0.0
YGR057C	0.0	0.0	-2.3	0.0	0.0	0.0	0.0	0.0	0.0	0.0	0.0	0.0	0.0	0.0	0.0	0.0	0.0	0.0
YGR070W	0.0	1.9	2.1	2.6	2.7	0.0	1.9	2.4	2.3	2.6	0.0	0.0	0.0	0.0	0.0	3.0	2.6	0.0
YGR107W	0.0	0.0	0.0	2.5	2.0	0.0	0.0	0.0	0.0	0.0	0.0	0.0	0.0	0.0	0.0	2.7	2.6	2.5
YGR122W	0.0	0.0	0.0	0.0	0.0	2.75	0.0	0.0	0.0	0.0	0.0	0.0	0.0	0.0	0.0	0.0	0.0	0.0
YGR124W	0.0	0.0	0.0	0.0	0.0	-1.8	0.0	0.0	0.0	0.0	0.0	0.0	0.0	0.0	0.0	0.0	0.0	0.0
YGR130C	-2.1	-2.2	-2.4	0.0	0.0	0.0	-2.3	-2.2	-2.3	0.0	-1.9	-1.8	-2.1	-2.4	-2.2	0.0	0.0	0.0
YGR135W	0.0	0.0	0.0	0.0	0.0	-3.5	0.0	0.0	0.0	0.0	0.0	0.0	0.0	0.0	0.0	0.0	0.0	0.0
YGR139W	-1.7	-1.5	-1.5	0.0	0.0	0.0	0.0	0.0	0.0	0.0	0.0	0.0	0.0	0.0	0.0	0.0	0.0	0.0
YGR144W	0.0	0.0	0.0	0.0	0.0	1.6	0.0	0.0	0.0	0.0	0.0	0.0	0.0	0.0	0.0	0.0	0.0	0.0
YGR183C	0.0	0.0	2.0	0.0	0.0	0.0	2.0	1.5	0.0	0.0	1.8	0.0	0.0	0.0	0.0	0.0	0.0	0.0
YGR192C	0.0	0.0	0.0	0.0	2.6	0.0	1.8	1.6	1.6	0.0	0.0	0.0	0.0	0.0	0.0	2.5	2.3	0.0
YGR209C	0.0	0.0	0.0	0.0	-2.2	-2.5	0.0	0.0	-1.1	0.0	0.0	-1.6	0.0	0.0	0.0	0.0	0.0	-4.45
YGR230W	0.0	0.0	0.0	2.9	3.5	0.0	0.0	0.0	0.0	0.0	0.0	0.0	0.0	0.0	0.0	3.0	3.3	3.4
YGR242W	0.0	0.0	0.0	2.6	0.0	0.0	0.0	0.0	0.0	3.0	2.0	0.0	0.0	0.0	0.0	2.5	2.6	0.0
YGR261C	0.0	2.8	3.9	0.0	0.0	0.0	3.4	3.7	3.4	0.0	0.0	0.0	2.7	3.5	0.0	0.0	0.0	0.0
YGR263C	0.0	0.0	2.0	2.8	0.0	0.0	2.4	2.7	2.6	2.5	2.2	2.5	0.0	1.9	2.2	2.2	2.8	3.4
YGR271W	0.0	0.0	0.0	0.0	2.0	1.9	0.0	0.0	0.0	-2.4	0.0	0.0	0.0	0.0	0.0	0.0	0.0	1.9
YGR282C	2.6	2.6	2.5	0.0	0.0	0.0	0.0	0.0	1.7	0.0	0.0	0.0	0.0	0.0	0.0	0.0	0.0	0.0
YHL009C	-2.3	-2.3	-2.9	-4.15	-3.6	0.0	0.0	0.0	0.0	0.0	0.0	0.0	0.0	0.0	0.0	0.0	0.0	0.0
YHL026C	0.0	0.0	0.0	-1.7	0.0	0.0	0.0	0.0	0.0	-1.7	-1.4	-1.5	0.0	0.0	0.0	0.0	-2.0	-2.1
YHL027W	0.0	0.0	0.0	0.0	0.0	2.0	0.0	0.0	0.0	0.0	0.0	0.0	0.0	0.0	0.0	0.0	0.0	0.0
YHL037C	0.0	0.0	0.0	2.4	2.5	2.7	0.0	0.0	0.0	0.0	0.0	0.0	0.0	0.0	0.0	2.0	0.0	0.0
YHL039W	0.0	2.0	2.1	0.0	0.0	0.0	1.8	2.1	2.2	0.0	0.0	0.0	0.0	0.0	0.0	0.0	0.0	0.0
YHR013C	0.0	-1.9	-2.35	0.0	0.0	0.0	0.0	0.0	0.0	0.0	0.0	0.0	0.0	0.0	0.0	0.0	0.0	0.0
YHR014W	0.0	0.0	1.5	1.7	0.0	0.0	0.0	0.0	0.0	0.0	0.0	0.0	0.0	0.0	0.0	0.0	0.0	0.0
YHR015W	0.0	0.0	-1.6	0.0	0.0	0.0	0.0	0.0	0.0	0.0	0.0	0.0	0.0	0.0	0.0	0.0	0.0	0.0
YHR028C	0.0	0.0	-1.6	0.0	0.0	0.0	0.0	0.0	0.0	0.0	0.0	0.0	0.0	0.0	0.0	0.0	0.0	0.0
YHR030C	0.0	0.0	-1.6	-2.7	0.0	-3.3	0.0	0.0	0.0	0.0	-3.2	-3.6	0.0	0.0	0.0	0.0	0.0	0.0
YHR037W	2.1	0.0	0.0	0.0	0.0	0.0	2.1	2.4	2.1	0.0	0.0	0.0	0.0	0.0	0.0	0.0	0.0	0.0
YHR057C	0.0	-1.8	0.0	0.0	0.0	0.0	0.0	0.0	0.0	0.0	0.0	0.0	0.0	0.0	0.0	0.0	0.0	0.0
YHR060W	0.0	0.0	-1.8	0.0	0.0	0.0	-1.4	-2.05	-2.45	0.0	0.0	0.0	0.0	0.0	0.0	0.0	0.0	0.0
YHR079C-A	0.0	0.0	0.0	2.3	2.4	0.0	0.0	0.0	0.0	2.0	0.0	0.0	0.0	0.0	0.0	2.8	2.3	0.0
YHR104W	0.0	0.0	-1.2	0.0	0.0	0.0	0.0	0.0	0.0	0.0	0.0	0.0	0.0	0.0	0.0	0.0	0.0	0.0
YHR120W	0.0	0.0	1.4	0.0	0.0	0.0	1.5	0.0	0.0	0.0	0.0	0.0	0.0	0.0	0.0	0.0	0.0	0.0
YHR129C	0.0	0.0	0.0	0.0	0.0	-2.9	0.0	0.0	0.0	0.0	0.0	0.0	0.0	0.0	0.0	0.0	0.0	0.0
YHR132C	0.0	0.0	-1.5	0.0	0.0	0.0	0.0	0.0	0.0	0.0	0.0	0.0	0.0	0.0	0.0	0.0	0.0	0.0
YHR151C	0.0	-2.5	-1.8	0.0	0.0	0.0	0.0	0.0	0.0	0.0	0.0	0.0	0.0	0.0	0.0	3.0	2.0	0.0
YHR153C	0.0	0.0	0.0	1.8	0.0	0.0	0.0	0.0	0.0	2.3	1.9	2.0	0.0	0.0	0.0	2.4	2.3	2.3
YHR157W	0.0	0.0	0.0	0.0	4.1	4.4	0.0	0.0	0.0	0.0	0.0	0.0	0.0	0.0	0.0	3.8	4.2	0.0
YHR159W	0.0	0.0	2.3	0.0	0.0	0.0	2.5	2.9	2.8	0.0	0.0	0.0	0.0	0.0	0.0	0.0	0.0	0.0
YHR177W	0.0	0.0	0.0	2.5	0.0	0.0	0.0	0.0	0.0	0.0	0.0	0.0	0.0	0.0	0.0	2.2	2.5	2.6
YHR178W	0.0	0.0	-1.9	0.0	0.0	0.0	0.0	0.0	0.0	0.0	0.0	0.0	0.0	0.0	-2.3	0.0	0.0	-3.0
YHR185C	0.0	0.0	0.0	2.0	0.0	0.0	0.0	0.0	0.0	0.0	0.0	0.0	0.0	0.0	0.0	0.0	1.8	0.0
YHR206W	0.0	0.0	0.0	-2.1	-4.3	0.0	0.0	0.0	0.0	0.0	-1.7	-4.1	0.0	0.0	-2.45	-3.7	-4.7	0.0
YIL009C-A	0.0	0.0	0.0	3.1	0.0	0.0	0.0	0.0	1.4	2.7	2.1	0.0	0.0	0.0	0.0	0.0	0.0	3.5
YIL032C	0.0	0.0	0.0	3.0	2.5	2.4	0.0	0.0	0.0	0.0	0.0	0.0	0.0	0.0	0.0	3.1	3.3	3.5
YIL036W	0.0	1.7	0.0	3.3	3.3	0.0	0.0	0.0	0.0	0.0	0.0	0.0	0.0	0.0	0.0	0.0	0.0	4.45
YIL139C	0.0	2.5	2.0	0.0	0.0	0.0	2.1	2.2	2.1	0.0	2.0	0.0	0.0	2.3	2.2	0.0	0.0	0.0
YIL153W	0.0	2.6	2.7	0.0	0.0	0.0	2.0	2.1	1.8	0.0	0.0	0.0	0.0	0.0	0.0	0.0	0.0	0.0
YIL162W	0.0	0.0	0.0	-3.8	-4.4	-4.1	0.0	0.0	0.0	0.0	0.0	0.0	0.0	0.0	0.0	-2.0	-3.3	-3.7
YIR013C	0.0	0.0	0.0	0.0	0.0	-1.4	0.0	0.0	0.0	0.0	0.0	0.0	0.0	0.0	0.0	0.0	0.0	0.0
YIR023W	0.0	-2.45	-2.65	0.0	0.0	0.0	0.0	0.0	0.0	0.0	0.0	0.0	0.0	0.0	0.0	0.0	0.0	0.0
YIR028W	4.6	4.3	3.8	2.7	0.0	0.0	3.2	3.3	3.1	3.1	2.6	0.0	0.0	3.7	3.6	0.0	0.0	0.0
YIR030C	0.0	0.0	0.0	2.3	2.5	0.0	0.0	0.0	0.0	0.0	0.0	0.0	0.0	0.0	0.0	2.7	2.1	0.0
YIR031C	0.0	0.0	0.0	1.7	0.0	0.0	0.0	0.0	0.0	0.0	0.0	0.0	0.0	0.0	0.0	2.4	0.0	0.0
YIR037W	0.0	0.0	0.0	0.0	0.0	-3.6	0.0	0.0	0.0	0.0	0.0	0.0	0.0	0.0	0.0	0.0	-4.3	-4.6
YJL027C	0.0	0.0	0.0	0.0	-2.7	-2.4	0.0	0.0	0.0	0.0	0.0	-1.5	0.0	0.0	0.0	0.0	0.0	0.0
YJL046W	0.0	0.0	0.0	4.2	4.4	3.7	0.0	0.0	0.0	4.7	0.0	3.1	0.0	0.0	0.0	2.7	0.0	3.8
YJL048C	0.0	0.0	0.0	0.0	1.8	0.0	0.0	0.0	0.0	0.0	0.0	0.0	0.0	0.0	0.0	1.8	0.0	0.0
YJL099W	0.0	0.0	0.0	-2.8	0.0	0.0	0.0	0.0	0.0	0.0	0.0	0.0	0.0	0.0	0.0	0.0	0.0	0.0
YJL108C	0.0	0.0	0.0	2.8	3.2	3.2	0.0	0.0	0.0	0.0	0.0	0.0	0.0	0.0	0.0	2.4	2.7	2.7
YJL120W	0.0	-1.9	-2.25	-3.9	-3.8	0.0	0.0	0.0	-1.5	-2.75	-2.95	-4.0	0.0	0.0	-3.25	-2.95	-4.5	-4.6
YJL121C	-2.2	-2.4	-2.85	-3.3	-3.0	0.0	0.0	0.0	-1.1	-2.9	-2.6	-3.8	0.0	0.0	-2.6	-3.1	0.0	-4.2
YJL131C	0.0	2.1	2.5	0.0	0.0	0.0	2.1	2.1	2.3	3.6	0.0	0.0	0.0	0.0	0.0	0.0	0.0	0.0
YJL132W	0.0	0.0	0.0	0.0	0.0	-2.5	0.0	0.0	0.0	0.0	0.0	0.0	0.0	0.0	0.0	0.0	0.0	0.0
YJL166W	0.0	0.0	0.0	2.9	3.1	3.6	0.0	0.0	0.0	0.0	0.0	0.0	0.0	0.0	0.0	0.0	0.0	0.0
YJL204C	0.0	0.0	0.0	-2.2	0.0	0.0	0.0	0.0	0.0	0.0	-2.1	-4.6	0.0	0.0	0.0	0.0	0.0	-3.3
YJL217W	0.0	0.0	0.0	2.4	2.6	2.7	0.0	0.0	0.0	0.0	0.0	0.0	0.0	0.0	0.0	0.0	0.0	2.3
YJL218W	0.0	0.0	0.0	2.7	2.4	2.6	0.0	0.0	0.0	0.0	0.0	0.0	0.0	0.0	0.0	0.0	2.3	2.6
YJR004C	0.0	0.0	0.0	0.0	0.0	2.0	0.0	0.0	0.0	0.0	0.0	0.0	0.0	0.0	0.0	0.0	0.0	0.0
YJR010C-A	2.5	2.1	2.5	0.0	0.0	0.0	1.9	2.0	1.9	0.0	0.0	0.0	0.0	0.0	0.0	0.0	0.0	0.0
YJR010W	0.0	0.0	0.0	0.0	0.0	1.9	0.0	0.0	0.0	0.0	0.0	0.0	0.0	0.0	0.0	0.0	0.0	0.0
YJR019C	0.0	0.0	0.0	-1.8	0.0	0.0	0.0	0.0	0.0	0.0	-1.2	-1.2	0.0	0.0	0.0	0.0	0.0	-1.9
YJR044C	2.6	2.5	2.9	0.0	2.5	0.0	2.6	2.7	2.5	0.0	0.0	0.0	0.0	2.1	1.9	0.0	2.5	2.5
YJR050W	0.0	0.0	0.0	0.0	0.0	2.0	0.0	0.0	0.0	0.0	0.0	0.0	0.0	0.0	0.0	0.0	0.0	0.0
YJR051W	0.0	1.6	0.0	0.0	0.0	0.0	0.0	1.5	1.4	0.0	0.0	0.0	0.0	0.0	0.0	0.0	0.0	0.0
YJR053W	0.0	0.0	1.0	0.0	0.0	2.0	0.0	0.0	1.1	0.0	0.0	0.0	0.0	0.0	1.3	0.0	0.0	0.0
YJR079W	0.0	0.0	0.0	4.3	4.4	3.9	0.0	0.0	1.5	0.0	0.0	0.0	0.0	0.0	0.0	3.1	4.3	4.4
YJR080C	0.0	0.0	0.0	3.0	3.7	3.0	0.0	0.0	0.0	0.0	0.0	0.0	0.0	0.0	0.0	2.0	2.6	2.6
YJR088C	2.6	2.8	2.9	3.7	3.3	0.0	3.3	3.2	3.3	3.1	2.4	2.6	0.0	2.7	2.8	2.35	3.2	3.3
YJR105W	0.0	0.0	1.5	0.0	0.0	0.0	1.3	0.0	0.0	0.0	0.0	0.0	0.0	0.0	0.0	0.0	0.0	0.0
YJR110W	0.0	0.0	0.0	2.8	2.5	2.3	0.0	0.0	0.0	0.0	0.0	0.0	0.0	0.0	0.0	2.0	2.3	2.4
YJR154W	0.0	1.3	0.0	0.0	0.0	0.0	0.0	0.0	0.0	0.0	0.0	0.0	0.0	0.0	0.0	0.0	0.0	0.0
YKL027W	0.0	0.0	0.0	0.0	0.0	-1.8	0.0	0.0	0.0	0.0	0.0	0.0	0.0	0.0	0.0	0.0	0.0	0.0
YKL040C	0.0	0.0	-1.4	0.0	-1.9	-2.1	0.0	0.0	0.0	0.0	0.0	0.0	0.0	0.0	0.0	0.0	0.0	0.0
YKL066W	3.0	3.5	0.0	0.0	0.0	0.0	2.2	0.0	2.1	0.0	0.0	0.0	0.0	0.0	1.9	0.0	0.0	0.0
YKL071W	0.0	0.0	0.0	-1.7	0.0	0.0	0.0	0.0	0.0	-1.6	-1.3	-1.3	0.0	0.0	0.0	0.0	-1.5	-1.7
YKL076C	0.0	0.0	0.0	0.0	0.0	-2.1	0.0	0.0	0.0	0.0	0.0	0.0	0.0	0.0	0.0	0.0	0.0	0.0
YKL080W	0.0	0.0	-1.9	0.0	0.0	0.0	0.0	-1.9	-2.6	0.0	0.0	0.0	0.0	-2.1	-1.7	0.0	0.0	0.0
YKL096W-A	0.0	0.0	0.0	2.7	2.5	2.7	0.0	0.0	0.0	2.8	1.9	2.1	0.0	0.0	0.0	3.5	2.7	2.5
YKL097C	-1.3	0.0	0.0	0.0	0.0	0.0	0.0	0.0	0.0	-1.6	0.0	0.0	-1.6	0.0	0.0	0.0	0.0	0.0
YKL098W	0.0	0.0	-2.3	0.0	0.0	0.0	0.0	0.0	0.0	0.0	0.0	0.0	0.0	0.0	0.0	0.0	0.0	0.0
YKL100C	0.0	0.0	-1.0	0.0	0.0	0.0	0.0	0.0	0.0	-2.3	0.0	0.0	0.0	0.0	0.0	0.0	0.0	0.0
YKL101W	0.0	0.0	0.0	0.0	-2.75	0.0	0.0	0.0	0.0	0.0	0.0	0.0	0.0	0.0	0.0	0.0	0.0	0.0
YKL119C	0.0	0.0	-1.9	0.0	0.0	0.0	-2.0	-2.85	-2.4	0.0	0.0	0.0	0.0	0.0	-1.85	0.0	0.0	0.0
YKL123W	0.0	0.0	0.0	-2.2	0.0	0.0	0.0	0.0	0.0	-2.2	-1.6	-1.7	0.0	0.0	0.0	0.0	-2.3	-2.4
YKL133C	0.0	0.0	0.0	2.8	0.0	0.0	0.0	0.0	-1.2	2.8	2.6	2.6	0.0	0.0	0.0	2.4	3.2	2.8
YKL135C	4.0	0.0	0.0	0.0	0.0	0.0	0.0	0.0	0.0	0.0	0.0	0.0	2.9	0.0	0.0	0.0	0.0	0.0
YKL147C	-1.6	-1.4	-1.3	0.0	0.0	0.0	-1.2	0.0	0.0	0.0	0.0	0.0	0.0	-1.6	0.0	0.0	0.0	0.0
YKL160W	0.0	0.0	0.0	0.0	0.0	-4.6	0.0	0.0	0.0	0.0	0.0	0.0	0.0	0.0	0.0	0.0	0.0	0.0
YKL166C	3.1	2.9	2.8	0.0	0.0	0.0	2.1	2.0	2.2	0.0	0.0	0.0	0.0	2.6	1.7	0.0	0.0	0.0
YKL174C	0.0	0.0	0.0	5.1	4.7	4.3	1.9	2.1	2.2	5.5	5.1	4.8	0.0	0.0	0.0	4.2	5.9	5.4
YKL176C	-1.5	0.0	0.0	0.0	0.0	0.0	0.0	0.0	0.0	0.0	0.0	0.0	0.0	0.0	0.0	0.0	0.0	0.0
YKL197C	0.0	0.0	-1.1	0.0	0.0	0.0	0.0	0.0	0.0	0.0	0.0	0.0	0.0	0.0	0.0	0.0	0.0	0.0
YKL205W	0.0	0.0	0.0	0.0	0.0	-2.6	0.0	0.0	0.0	0.0	0.0	0.0	0.0	0.0	0.0	0.0	0.0	0.0
YKL221W	2.9	2.5	2.6	0.0	0.0	0.0	0.0	0.0	0.0	0.0	0.0	0.0	0.0	0.0	0.0	0.0	0.0	0.0
YKR012C	-1.4	0.0	-1.0	0.0	0.0	0.0	0.0	0.0	0.0	0.0	0.0	0.0	0.0	0.0	0.0	0.0	0.0	0.0
YKR033C	0.0	0.0	0.0	-1.8	0.0	0.0	0.0	0.0	0.0	-1.8	-1.5	-1.6	0.0	0.0	0.0	0.0	-1.9	-2.0
YKR035C	0.0	0.0	2.9	2.4	0.0	2.8	2.7	2.7	2.7	2.1	0.0	0.0	0.0	2.9	0.0	0.0	0.0	0.0
YKR041W	0.0	0.0	0.0	3.4	0.0	0.0	0.0	0.0	0.0	3.6	0.0	0.0	0.0	0.0	0.0	2.4	0.0	3.2
YKR042W	0.0	0.0	0.0	0.0	0.0	-3.9	0.0	0.0	0.0	0.0	0.0	0.0	0.0	0.0	0.0	0.0	0.0	0.0
YKR046C	0.0	-1.4	-1.3	0.0	0.0	0.0	-1.4	-1.4	-1.3	-4.0	0.0	0.0	0.0	0.0	0.0	0.0	0.0	0.0
YKR047W	0.0	0.0	0.0	-2.7	-3.25	0.0	0.0	0.0	0.0	-2.6	0.0	0.0	0.0	0.0	0.0	0.0	0.0	0.0
YKR048C	0.0	0.0	0.0	-3.2	0.0	-3.6	0.0	0.0	0.0	0.0	-2.5	0.0	0.0	0.0	0.0	0.0	0.0	0.0
YKR072C	0.0	0.0	-1.5	0.0	0.0	0.0	0.0	0.0	0.0	0.0	0.0	0.0	0.0	0.0	0.0	0.0	0.0	0.0
YKR078W	0.0	0.0	2.3	2.7	2.4	2.7	0.0	0.0	0.0	0.0	0.0	0.0	0.0	0.0	2.2	2.4	2.2	2.2
YKR088C	0.0	0.0	0.0	2.4	0.0	2.1	0.0	0.0	0.0	0.0	0.0	0.0	0.0	0.0	0.0	2.1	2.0	2.0
YKR096W	0.0	0.0	0.0	2.6	2.9	3.3	0.0	0.0	0.0	0.0	0.0	0.0	0.0	0.0	0.0	2.5	2.3	0.0
YLL006W	0.0	0.0	2.1	0.0	0.0	0.0	0.0	0.0	0.0	0.0	0.0	0.0	0.0	0.0	0.0	0.0	0.0	0.0
YLL043W	0.0	2.7	2.4	0.0	0.0	0.0	0.0	0.0	0.0	0.0	0.0	0.0	-4.5	0.0	0.0	0.0	0.0	0.0
YLL057C	2.6	0.0	0.0	0.0	0.0	0.0	0.0	0.0	0.0	0.0	0.0	0.0	0.0	0.0	1.9	0.0	0.0	0.0
YLR020C	0.0	0.0	0.0	0.0	-2.0	0.0	0.0	0.0	0.0	0.0	0.0	0.0	0.0	0.0	0.0	0.0	0.0	0.0
YLR023C	0.0	0.0	0.0	0.0	0.0	-1.6	0.0	0.0	0.0	0.0	0.0	0.0	0.0	0.0	0.0	0.0	0.0	0.0
YLR036C	0.0	0.0	0.0	1.7	0.0	0.0	0.0	0.0	0.0	0.0	1.6	1.7	0.0	0.0	0.0	0.0	0.0	0.0
YLR042C	0.0	0.0	0.0	3.3	3.1	3.2	0.0	0.0	0.0	0.0	0.0	0.0	0.0	0.0	0.0	2.5	2.8	3.2
YLR061W	0.0	0.0	0.0	0.0	3.0	0.0	0.0	0.0	0.0	0.0	0.0	0.0	0.0	0.0	0.0	0.0	0.0	0.0
YLR062C	0.0	0.0	2.2	0.0	0.0	0.0	0.0	0.0	0.0	0.0	0.0	0.0	0.0	0.0	0.0	0.0	0.0	0.0
YLR077W	-1.6	-1.5	-1.1	0.0	0.0	0.0	0.0	0.0	0.0	-2.4	0.0	0.0	0.0	0.0	0.0	0.0	0.0	0.0
YLR111W	0.0	0.0	0.0	-3.2	-3.2	0.0	0.0	0.0	0.0	0.0	0.0	0.0	0.0	0.0	0.0	0.0	0.0	-2.6
YLR133W	0.0	0.0	2.1	0.0	0.0	0.0	2.2	2.6	2.6	0.0	0.0	0.0	2.4	2.2	2.3	0.0	0.0	0.0
YLR169W	1.9	1.7	1.8	0.0	0.0	0.0	1.9	1.8	1.8	0.0	0.0	0.0	2.1	2.0	2.4	3.3	2.6	2.2
YLR188W	0.0	0.0	0.0	2.3	2.4	0.0	0.0	0.0	0.0	2.3	0.0	0.0	0.0	0.0	0.0	0.0	0.0	0.0
YLR192C	0.0	-2.4	-2.3	0.0	0.0	0.0	0.0	0.0	0.0	0.0	0.0	0.0	0.0	0.0	0.0	0.0	0.0	0.0
YLR203C	0.0	0.0	0.0	3.3	2.6	2.8	0.0	0.0	0.0	3.6	3.2	3.4	0.0	0.0	0.0	2.4	3.4	3.5
YLR262C	0.0	1.9	0.0	0.0	0.0	0.0	0.0	0.0	0.0	0.0	0.0	-2.4	0.0	0.0	0.0	0.0	0.0	0.0
YLR265C	0.0	0.0	0.0	0.0	1.8	0.0	0.0	0.0	0.0	0.0	0.0	0.0	0.0	0.0	0.0	0.0	0.0	0.0
YLR304C	0.0	0.0	0.0	0.0	2.5	0.0	0.0	0.0	0.0	0.0	0.0	0.0	0.0	0.0	0.0	0.0	0.0	0.0
YLR315W	0.0	0.0	-1.8	0.0	0.0	0.0	0.0	0.0	0.0	0.0	0.0	0.0	0.0	0.0	0.0	0.0	0.0	0.0
YLR327C	0.0	0.0	0.0	2.5	2.8	0.0	0.0	0.0	0.0	0.0	0.0	0.0	0.0	0.0	0.0	0.0	0.0	2.2
YLR335W	0.0	0.0	1.8	2.8	0.0	2.2	2.2	2.4	2.5	2.3	1.8	2.0	0.0	0.0	0.0	0.0	2.6	2.8
YLR341W	0.0	0.0	0.0	2.2	0.0	0.0	0.0	0.0	0.0	2.1	0.0	0.0	0.0	0.0	0.0	2.3	0.0	0.0
YLR352W	0.0	0.0	0.0	0.0	-4.1	0.0	0.0	0.0	0.0	0.0	0.0	0.0	0.0	0.0	0.0	0.0	0.0	0.0
YLR356W	0.0	0.0	0.0	0.0	0.0	1.8	0.0	0.0	0.0	0.0	0.0	0.0	0.0	0.0	0.0	0.0	0.0	0.0
YLR373C	0.0	0.0	0.0	0.0	0.0	2.7	0.0	0.0	0.0	0.0	0.0	0.0	0.0	0.0	0.0	0.0	0.0	0.0
YLR380W	0.0	0.0	0.0	-2.0	0.0	0.0	0.0	0.0	0.0	0.0	-1.5	-1.7	0.0	0.0	-1.1	0.0	-4.6	-2.8
YLR414C	0.0	0.0	-1.2	0.0	0.0	0.0	0.0	0.0	0.0	0.0	0.0	0.0	0.0	0.0	0.0	0.0	0.0	0.0
YLR422W	0.0	0.0	0.0	0.0	1.8	2.2	0.0	0.0	0.0	0.0	0.0	0.0	0.0	0.0	0.0	0.0	0.0	0.0
YLR426W	0.0	0.0	0.0	-2.7	0.0	0.0	0.0	0.0	0.0	0.0	0.0	0.0	0.0	0.0	0.0	0.0	0.0	0.0
YLR436C	0.0	0.0	-1.6	0.0	0.0	0.0	0.0	0.0	0.0	0.0	0.0	0.0	0.0	0.0	0.0	0.0	0.0	0.0
YLR443W	0.0	0.0	0.0	2.2	2.3	0.0	0.0	0.0	0.0	0.0	0.0	0.0	0.0	0.0	0.0	2.3	0.0	0.0
YLR450W	0.0	3.1	3.1	0.0	0.0	0.0	2.8	2.7	3.0	0.0	0.0	0.0	0.0	0.0	0.0	0.0	0.0	0.0
YLR451W	0.0	0.0	-1.65	0.0	0.0	0.0	0.0	0.0	0.0	0.0	0.0	0.0	0.0	0.0	0.0	0.0	0.0	0.0
YML008C	0.0	-2.9	-2.0	0.0	0.0	0.0	0.0	0.0	0.0	0.0	0.0	0.0	0.0	0.0	0.0	0.0	0.0	0.0
YML009C	0.0	0.0	0.0	5.3	5.1	4.9	0.0	0.0	0.0	5.0	3.8	4.0	0.0	0.0	0.0	0.0	5.2	5.2
YML022W	0.0	0.0	0.0	0.0	1.7	0.0	0.0	0.0	0.0	0.0	0.0	0.0	0.0	0.0	0.0	3.1	0.0	1.85
YML070W	4.0	4.1	3.8	0.0	0.0	0.0	3.0	3.0	3.4	0.0	0.0	0.0	2.9	3.7	0.0	0.0	0.0	0.0
YML073C	0.0	0.0	1.7	0.0	0.0	0.0	0.0	0.0	0.0	0.0	0.0	0.0	0.0	0.0	0.0	0.0	0.0	0.0
YML079W	0.0	0.0	0.0	0.0	5.5	4.9	0.0	0.0	0.0	0.0	0.0	0.0	0.0	0.0	0.0	3.9	4.1	0.0
YML097C	0.0	0.0	0.0	0.0	-2.7	0.0	0.0	0.0	-2.0	0.0	-2.4	0.0	0.0	0.0	0.0	0.0	0.0	0.0
YML119W	0.0	0.0	0.0	3.3	3.1	3.0	0.0	0.0	0.0	3.5	2.7	2.7	0.0	0.0	0.0	3.2	3.2	3.3
YML131W	0.0	0.0	0.0	1.7	0.0	1.7	0.0	0.0	0.0	0.0	0.0	0.0	0.0	0.0	0.0	0.0	0.0	0.0
YMR003W	0.0	0.0	0.0	0.0	0.0	1.8	0.0	0.0	0.0	0.0	0.0	0.0	0.0	0.0	0.0	0.0	0.0	0.0
YMR019W	0.0	0.0	0.0	-1.7	0.0	0.0	0.0	0.0	0.0	0.0	0.0	0.0	0.0	0.0	0.0	0.0	0.0	-1.7
YMR022W	0.0	0.0	0.0	-2.4	-2.4	-2.2	0.0	0.0	0.0	0.0	0.0	0.0	0.0	0.0	0.0	0.0	-2.2	-2.7
YMR042W	0.0	0.0	0.0	3.5	3.3	3.4	0.0	0.0	0.0	0.0	0.0	0.0	0.0	0.0	0.0	4.4	3.6	3.2
YMR044W	0.0	0.0	0.0	2.8	2.6	0.0	0.0	0.0	0.0	0.0	0.0	0.0	0.0	0.0	0.0	0.0	0.0	2.7
YMR063W	0.0	0.0	1.5	0.0	2.6	3.1	0.0	1.5	0.0	0.0	0.0	0.0	0.0	0.0	0.0	0.0	0.0	0.0
YMR064W	0.0	0.0	0.0	0.0	0.0	3.1	0.0	0.0	0.0	0.0	0.0	0.0	0.0	0.0	0.0	0.0	0.0	0.0
YMR075W	0.0	0.0	1.9	0.0	0.0	0.0	1.7	1.9	1.9	0.0	0.0	0.0	0.0	0.0	0.0	0.0	0.0	0.0
YMR101C	0.0	0.0	0.0	0.0	1.7	2.0	0.0	0.0	0.0	0.0	0.0	0.0	0.0	0.0	0.0	2.3	0.0	0.0
YMR105C	0.0	0.0	0.0	4.6	4.7	5.1	0.0	0.0	0.0	0.0	0.0	0.0	0.0	0.0	0.0	3.6	4.5	4.6
YMR114C	0.0	0.0	0.0	3.5	3.4	3.7	0.0	0.0	0.0	0.0	0.0	0.0	0.0	0.0	0.0	0.0	3.0	0.0
YMR119W-A	0.0	0.0	0.0	3.2	3.1	0.0	0.0	0.0	0.0	3.5	3.5	3.5	0.0	0.0	0.0	0.0	3.5	3.4
YMR153W	0.0	0.0	0.0	-2.3	0.0	0.0	0.0	0.0	0.0	-0.45	-2.2	-2.0	0.0	0.0	0.0	0.0	-2.6	-2.6
YMR154C	0.0	0.0	0.0	0.0	0.0	1.9	0.0	0.0	0.0	0.0	0.0	-2.0	0.0	0.0	0.0	0.0	0.0	0.0
YMR157C	0.0	-1.3	0.0	0.0	0.0	0.0	0.0	0.0	0.0	0.0	0.0	0.0	0.0	0.0	0.0	0.0	0.0	0.0
YMR166C	0.0	0.0	2.6	0.0	0.0	0.0	2.3	2.6	2.6	0.0	0.0	0.0	0.0	2.6	0.0	0.0	0.0	0.0
YMR175W	0.0	0.0	0.0	2.5	0.0	0.0	0.0	0.0	0.0	0.0	0.0	0.0	0.0	0.0	0.0	2.4	2.2	0.0
YMR184W	0.0	0.0	1.9	2.4	2.1	2.4	2.1	2.1	2.1	2.4	0.0	0.0	0.0	0.0	0.0	0.0	2.3	0.0
YMR194W	0.0	0.0	-1.3	0.0	0.0	0.0	0.0	0.0	0.0	0.0	0.0	0.0	0.0	0.0	0.0	0.0	0.0	0.0
YMR204C	0.0	0.0	0.0	2.8	2.7	2.7	0.0	0.0	0.0	3.0	2.5	2.7	0.0	0.0	0.0	2.9	3.1	3.1
YMR205C	0.0	0.0	1.3	0.0	0.0	0.0	0.0	0.0	0.0	0.0	0.0	0.0	0.0	0.0	0.0	0.0	0.0	0.0
YMR216C	0.0	0.0	0.0	0.0	0.0	3.7	0.0	0.0	0.0	0.0	0.0	0.0	0.0	0.0	0.0	0.0	0.0	0.0
YMR219W	0.0	0.0	0.0	0.0	0.0	2.5	0.0	0.0	0.0	0.0	0.0	0.0	0.0	0.0	0.0	0.0	0.0	0.0
YMR237W	-1.5	-1.3	-1.4	0.0	0.0	0.0	0.0	0.0	0.0	0.0	0.0	0.0	0.0	0.0	0.0	0.0	0.0	0.0
YMR238W	0.0	1.7	1.6	2.4	0.0	0.0	0.0	0.0	0.0	2.2	1.7	0.0	0.0	0.0	0.0	0.0	0.0	0.0
YMR244C-A	0.0	2.4	2.2	0.0	0.0	2.2	2.1	2.4	2.2	2.4	0.0	0.0	0.0	0.0	0.0	0.0	2.6	0.0
YMR244W	0.0	0.0	0.0	1.9	0.0	0.0	0.0	0.0	0.0	0.0	0.0	0.0	0.0	0.0	0.0	0.0	0.0	0.0
YMR250W	2.6	0.0	0.0	0.0	0.0	0.0	0.0	0.0	0.0	0.0	0.0	0.0	0.0	2.4	2.2	0.0	0.0	0.0
YMR256C	1.9	2.3	0.0	0.0	0.0	0.0	2.3	2.5	2.3	0.0	0.0	0.0	0.0	0.0	0.0	0.0	0.0	0.0
YMR262W	0.0	0.0	0.0	2.0	0.0	0.0	0.0	2.0	2.1	2.3	1.8	1.7	0.0	0.0	0.0	2.8	2.4	2.5
YMR264W	0.0	0.0	0.0	0.0	0.0	-1.9	0.0	0.0	0.0	0.0	0.0	0.0	0.0	0.0	0.0	0.0	0.0	0.0
YMR272C	3.7	3.1	0.0	1.7	0.0	0.0	2.0	1.7	1.7	0.0	0.0	0.0	2.7	1.8	0.0	0.0	0.0	1.8
YMR274C	0.0	0.0	0.0	0.0	0.0	-2.3	0.0	0.0	0.0	0.0	0.0	0.0	0.0	0.0	0.0	0.0	0.0	0.0
YMR275C	0.0	0.0	0.0	-2.3	0.0	-2.5	0.0	0.0	0.0	0.0	0.0	-2.65	0.0	0.0	0.0	0.0	0.0	0.0
YMR280C	2.1	0.0	1.9	0.0	0.0	0.0	2.9	3.0	3.0	2.2	0.0	0.0	0.0	0.0	0.0	2.1	2.3	2.3
YMR283C	0.0	-1.1	-1.1	0.0	0.0	0.0	0.0	0.0	0.0	0.0	0.0	0.0	0.0	0.0	0.0	0.0	0.0	0.0
YMR284W	0.0	0.0	0.0	1.9	2.1	0.0	0.0	0.0	0.0	2.75	2.0	2.0	0.0	0.0	0.0	0.0	0.0	2.0
YMR286W	0.0	0.0	2.1	0.0	0.0	0.0	1.8	1.8	1.9	2.7	2.0	2.5	0.0	2.2	1.8	0.0	0.0	0.0
YMR289W	0.0	0.0	2.1	3.9	3.4	3.3	0.0	0.0	1.9	0.0	0.0	0.0	0.0	0.0	0.0	2.2	3.5	3.7
YMR291W	0.0	0.0	0.0	3.2	3.2	3.6	0.0	0.0	0.0	0.0	0.0	0.0	0.0	0.0	0.0	3.0	3.1	2.9
YMR294W-A	0.0	1.9	1.8	0.0	0.0	0.0	1.7	0.0	2.0	2.1	0.0	0.0	0.0	2.1	0.0	2.3	2.2	0.0
YMR299C	0.0	0.0	0.0	2.3	2.3	1.9	0.0	0.0	0.0	2.3	2.2	2.3	0.0	0.0	0.0	0.0	2.3	2.3
YMR304W	2.3	2.2	0.0	0.0	0.0	0.0	3.4	3.4	3.4	0.0	0.0	2.0	2.7	3.7	1.8	0.0	2.6	3.5
YMR307W	1.5	0.0	0.0	0.0	0.0	0.0	0.0	0.0	0.0	0.0	0.0	0.0	0.0	0.0	0.0	0.0	0.0	0.0
YMR311C	0.0	0.0	0.0	1.7	0.0	0.0	0.0	0.0	0.0	0.0	0.0	0.0	0.0	0.0	0.0	0.0	0.0	0.0
YNL010W	0.0	0.0	0.0	2.1	1.9	0.0	1.6	0.0	1.2	0.0	0.0	0.0	0.0	0.0	0.0	2.5	2.5	2.4
YNL032W	0.0	0.0	-1.5	0.0	0.0	0.0	0.0	0.0	0.0	0.0	0.0	0.0	0.0	0.0	0.0	0.0	0.0	0.0
YNL047C	0.0	0.0	0.0	4.0	4.0	4.3	0.0	0.0	0.0	4.1	4.3	4.2	0.0	0.0	0.0	0.0	4.1	4.2
YNL056W	0.0	0.0	-1.6	0.0	0.0	0.0	0.0	0.0	0.0	0.0	0.0	0.0	0.0	0.0	0.0	0.0	0.0	0.0
YNL079C	0.0	0.0	0.0	-2.7	0.0	0.0	0.0	0.0	0.0	0.0	0.0	0.0	0.0	0.0	0.0	0.0	0.0	0.0
YNL099C	0.0	-2.0	-1.6	0.0	0.0	0.0	0.0	0.0	0.0	0.0	0.0	0.0	0.0	0.0	0.0	1.7	0.0	0.0
YNL101W	0.0	0.0	0.0	2.7	0.0	0.0	2.4	2.7	2.7	2.7	2.5	2.3	0.0	2.1	0.0	0.0	2.8	2.8
YNL122C	0.0	0.0	0.0	2.2	2.3	0.0	0.0	0.0	0.0	-2.3	0.0	0.0	0.0	0.0	0.0	3.1	2.5	2.1
YNL130C	0.0	0.0	0.0	2.4	0.0	0.0	0.0	0.0	0.0	0.0	0.0	0.0	0.0	0.0	0.0	2.6	0.0	0.0
YNL140C	1.8	0.0	2.0	4.2	4.4	5.0	0.0	0.0	1.7	4.2	0.0	0.0	0.0	0.0	0.0	3.3	0.0	0.0
YNL148C	-1.9	0.0	-2.5	-3.9	0.0	0.0	0.0	0.0	0.0	0.0	-3.15	-3.9	0.0	0.0	0.0	0.0	0.0	0.0
YNL183C	0.0	0.0	-1.3	0.0	0.0	0.0	0.0	0.0	0.0	0.0	0.0	0.0	0.0	0.0	0.0	0.0	0.0	0.0
YNL229C	0.0	0.0	-1.7	0.0	0.0	0.0	0.0	0.0	0.0	0.0	0.0	0.0	0.0	0.0	0.0	0.0	0.0	0.0
YNL236W	2.4	0.0	0.0	0.0	0.0	0.0	0.0	0.0	0.0	0.0	0.0	0.0	0.0	0.0	0.0	0.0	0.0	0.0
YNL239W	0.0	0.0	0.0	0.0	0.0	-2.55	0.0	0.0	0.0	0.0	0.0	0.0	0.0	0.0	0.0	0.0	0.0	0.0
YNL253W	0.0	0.0	0.0	0.0	0.0	-1.6	0.0	0.0	0.0	0.0	0.0	0.0	0.0	0.0	0.0	0.0	0.0	0.0
YNL278W	0.0	0.0	0.0	2.4	0.0	2.7	0.0	0.0	0.0	0.0	0.0	0.0	0.0	0.0	0.0	2.0	2.4	2.3
YNL289W	0.0	0.0	0.0	0.0	0.0	-1.8	0.0	0.0	0.0	0.0	0.0	0.0	0.0	0.0	0.0	0.0	0.0	0.0
YNL294C	0.0	0.0	0.0	0.0	0.0	2.4	0.0	0.0	0.0	0.0	0.0	-1.9	0.0	0.0	-1.9	0.0	0.0	-1.7
YNL305C	3.7	0.0	0.0	0.0	0.0	3.3	0.0	0.0	0.0	0.0	0.0	0.0	0.0	0.0	0.0	0.0	0.0	0.0
YNL326C	1.7	0.0	0.0	0.0	0.0	0.0	0.0	0.0	0.0	0.0	0.0	0.0	0.0	0.0	0.0	0.0	0.0	0.0
YNR005C	0.0	0.0	1.9	0.0	0.0	0.0	1.7	1.7	1.6	0.0	0.0	0.0	0.0	0.0	0.0	0.0	0.0	0.0
YNR019W	0.0	0.0	0.0	2.5	2.9	2.7	0.0	0.0	0.0	0.0	0.0	0.0	0.0	0.0	0.0	0.0	2.5	2.7
YNR024W	0.0	0.0	0.0	2.6	2.5	2.0	0.0	0.0	0.0	0.0	0.0	0.0	0.0	0.0	0.0	3.0	2.9	2.6
YOL013C	0.0	-1.5	-2.1	-4.2	-3.8	-3.1	0.0	0.0	0.0	0.0	0.0	0.0	0.0	0.0	0.0	0.0	0.0	0.0
YOL025W	0.0	-1.7	-1.9	-3.5	-3.3	-2.55	0.0	0.0	0.0	0.0	0.0	0.0	0.0	0.0	0.0	0.0	0.0	0.0
YOL079W	0.0	-2.4	-2.45	-3.55	-2.95	-3.35	0.0	0.0	0.0	0.0	0.0	0.0	0.0	0.0	0.0	3.1	0.0	0.0
YOL081W	-2.5	-3.3	-4.1	-4.0	-6.2	-2.6	0.0	0.0	0.0	0.0	0.0	0.0	0.0	0.0	0.0	0.0	0.0	0.0
YOL085C	-1.95	-2.1	-3.0	-4.35	-4.85	-3.3	0.0	0.0	0.0	-2.3	0.0	0.0	0.0	0.0	0.0	0.0	0.0	0.0
YOL101C	0.0	0.0	0.0	2.3	2.5	2.8	0.0	0.0	0.0	0.0	0.0	0.0	0.0	0.0	0.0	2.4	2.0	2.2
YOL118C	0.0	0.0	0.0	4.1	3.9	3.3	0.0	0.0	0.0	4.2	3.9	3.9	0.0	0.0	0.0	3.1	4.3	4.2
YOR005C	0.0	0.0	0.0	0.0	0.0	-1.5	0.0	0.0	0.0	0.0	0.0	0.0	0.0	0.0	0.0	0.0	0.0	0.0
YOR014W	-2.3	0.0	0.0	0.0	0.0	0.0	0.0	0.0	0.0	0.0	0.0	0.0	0.0	0.0	0.0	0.0	0.0	0.0
YOR019W	2.0	2.1	2.3	0.0	0.0	0.0	1.9	1.8	1.8	0.0	0.0	0.0	2.1	0.0	0.0	0.0	0.0	0.0
YOR021C	0.0	0.0	2.3	0.0	0.0	0.0	2.6	3.0	3.0	4.3	2.1	2.0	3.0	2.8	2.0	0.0	0.0	0.0
YOR030W	0.0	0.0	0.0	2.4	0.0	3.0	0.0	0.0	0.0	0.0	0.0	0.0	0.0	0.0	0.0	0.0	0.0	0.0
YOR061W	0.0	0.0	1.0	0.0	0.0	1.5	0.0	0.0	0.0	0.0	0.0	0.0	0.0	0.0	0.0	0.0	0.0	0.0
YOR078W	0.0	0.0	0.0	0.0	0.0	3.5	0.0	0.0	1.3	0.0	0.0	0.0	0.0	0.0	0.0	0.0	0.0	0.0
YOR082C	0.0	-1.4	0.0	0.0	0.0	0.0	0.0	0.0	0.0	0.0	0.0	0.0	0.0	0.0	0.0	0.0	0.0	0.0
YOR084W	-1.3	-1.4	-1.3	0.0	0.0	0.0	-1.2	-1.1	-1.1	0.0	0.0	0.0	0.0	0.0	0.0	0.0	0.0	0.0
YOR086C	-2.5	0.0	0.0	0.0	0.0	0.0	0.0	0.0	0.0	0.0	0.0	0.0	0.0	0.0	0.0	2.3	0.0	0.0
YOR089C	0.0	0.0	0.0	0.0	0.0	-3.8	0.0	0.0	-1.5	0.0	-2.45	-4.7	0.0	0.0	0.0	0.0	-2.5	-3.7
YOR092W	0.0	0.0	0.0	4.4	4.6	4.1	0.0	0.0	0.0	0.0	2.4	3.0	0.0	0.0	0.0	3.8	4.8	4.9
YOR133W	0.0	2.8	3.2	3.5	3.0	3.4	3.4	3.7	3.6	3.4	2.4	2.7	2.8	3.0	2.9	2.2	3.4	3.4
YOR137C	0.0	0.0	0.0	2.3	0.0	0.0	0.0	1.3	0.0	0.0	0.0	0.0	0.0	0.0	0.0	2.3	2.3	2.1
YOR138C	0.0	0.0	1.6	0.0	0.0	0.0	0.0	0.0	0.0	0.0	0.0	0.0	0.0	0.0	0.0	2.0	0.0	0.0
YOR161C	0.0	0.0	1.7	0.0	0.0	0.0	1.9	2.2	2.2	0.0	0.0	0.0	0.0	0.0	0.0	0.0	0.0	0.0
YOR167C	0.0	0.0	0.0	0.0	2.3	0.0	0.0	0.0	0.0	0.0	0.0	0.0	0.0	0.0	0.0	2.3	0.0	0.0
YOR173W	0.0	0.0	0.0	3.6	2.9	0.0	0.0	0.0	0.0	0.0	0.0	0.0	0.0	0.0	0.0	3.0	3.6	3.6
YOR199W	0.0	0.0	2.4	0.0	0.0	3.0	2.4	2.3	2.3	0.0	0.0	0.0	0.0	0.0	0.0	0.0	0.0	0.0
YOR216C	0.0	0.0	0.0	0.0	0.0	-3.15	0.0	0.0	0.0	0.0	0.0	0.0	0.0	0.0	0.0	0.0	0.0	0.0
YOR235W	0.0	0.0	0.0	0.0	0.0	2.9	0.0	0.0	0.0	0.0	0.0	0.0	0.0	0.0	0.0	0.0	0.0	0.0
YOR275C	0.0	0.0	0.0	0.0	0.0	1.9	0.0	0.0	0.0	0.0	0.0	0.0	0.0	0.0	0.0	3.1	0.0	0.0
YOR292C	0.0	2.0	2.1	0.0	0.0	0.0	1.7	1.9	2.0	2.9	0.0	0.0	0.0	0.0	0.0	0.0	0.0	0.0
YOR314W	2.3	2.5	2.4	2.7	2.4	2.5	2.3	2.3	2.3	2.6	2.2	2.3	0.0	2.1	2.0	0.0	2.3	2.3
YOR324C	0.0	0.0	-1.2	0.0	0.0	0.0	0.0	0.0	0.0	0.0	0.0	0.0	0.0	0.0	0.0	0.0	0.0	0.0
YOR325W	0.0	-1.3	-1.6	0.0	0.0	-2.2	0.0	0.0	0.0	-1.9	0.0	0.0	0.0	0.0	-1.3	0.0	0.0	0.0
YOR352W	2.3	2.6	2.5	0.0	0.0	0.0	2.3	2.2	2.2	-1.5	0.0	0.0	0.0	2.1	0.0	2.2	-1.7	-1.8
YOR364W	2.0	2.2	2.2	0.0	0.0	0.0	2.0	1.9	2.2	0.0	0.0	0.0	0.0	0.0	0.0	0.0	0.0	0.0
YOR366W	0.0	0.0	1.5	2.3	0.0	0.0	0.0	0.0	0.0	0.0	0.0	0.0	0.0	0.0	0.0	0.0	0.0	0.0
YPL013C	0.0	0.0	0.0	2.9	2.5	0.0	0.0	0.0	0.0	0.0	0.0	0.0	0.0	0.0	0.0	2.75	2.8	0.0
YPL015C	0.0	0.0	0.0	0.0	1.9	0.0	0.0	0.0	0.0	0.0	0.0	0.0	0.0	0.0	0.0	1.9	2.0	2.1
YPL022W	0.0	0.0	0.0	0.0	0.0	1.5	0.0	0.0	0.0	0.0	0.0	0.0	0.0	0.0	0.0	0.0	0.0	0.0
YPL027W	0.0	0.0	0.0	0.0	0.0	2.7	0.0	0.0	0.0	0.0	0.0	0.0	0.0	0.0	0.0	0.0	0.0	0.0
YPL035C	2.6	3.0	3.1	3.1	0.0	0.0	2.7	2.9	2.9	3.2	0.0	0.0	0.0	0.0	2.2	0.0	0.0	0.0
YPL052W	0.0	0.0	0.0	2.3	2.3	2.3	0.0	0.0	0.0	0.0	0.0	0.0	0.0	0.0	0.0	2.1	2.3	2.4
YPL057C	0.0	0.0	0.0	0.0	0.0	1.6	0.0	0.0	0.0	0.0	0.0	0.0	0.0	0.0	0.0	0.0	0.0	0.0
YPL065W	0.0	0.0	0.0	0.0	0.0	2.5	0.0	0.0	0.0	0.0	0.0	-2.9	0.0	0.0	0.0	0.0	0.0	0.0
YPL066W	0.0	0.0	0.0	-2.4	0.0	0.0	0.0	0.0	0.0	0.0	0.0	0.0	0.0	0.0	0.0	0.0	0.0	0.0
YPL102C	0.0	0.0	0.0	0.0	0.0	-3.1	0.0	0.0	0.0	0.0	0.0	0.0	0.0	0.0	0.0	0.0	0.0	2.8
YPL138C	0.0	0.0	0.0	-2.8	-3.3	-3.2	0.0	0.0	0.0	0.0	0.0	0.0	0.0	0.0	0.0	0.0	-3.1	-3.9
YPL157W	3.3	2.65	2.85	3.7	3.2	4.1	3.25	3.35	3.5	3.7	2.8	2.8	2.85	3.6	3.6	2.3	3.7	4.0
YPL161C	0.0	0.0	-2.1	0.0	0.0	0.0	0.0	0.0	0.0	0.0	0.0	0.0	0.0	0.0	0.0	0.0	0.0	0.0
YPL178W	2.6	0.0	2.9	3.0	3.0	3.3	2.8	3.1	3.1	0.0	0.0	0.0	0.0	0.0	0.0	0.0	0.0	0.0
YPL183C	0.0	0.0	0.0	0.0	0.0	1.8	0.0	0.0	0.0	0.0	0.0	0.0	0.0	0.0	0.0	2.1	0.0	0.0
YPL213W	0.0	0.0	1.6	0.0	0.0	0.0	0.0	0.0	0.0	0.0	0.0	0.0	0.0	0.0	0.0	0.0	0.0	0.0
YPL225W	0.0	0.0	-1.6	0.0	0.0	-3.2	0.0	0.0	0.0	0.0	0.0	0.0	0.0	0.0	0.0	0.0	0.0	0.0
YPL274W	3.4	3.1	2.9	0.0	0.0	0.0	0.0	0.0	0.0	0.0	0.0	0.0	0.0	2.9	2.7	0.0	0.0	0.0
YPR011C	0.0	0.0	0.0	4.3	4.9	5.1	0.0	0.0	0.0	0.0	0.0	0.0	0.0	0.0	0.0	3.2	3.7	3.9
YPR012W	0.0	0.0	0.0	0.0	0.0	1.8	0.0	0.0	0.0	0.0	0.0	0.0	0.0	0.0	0.0	0.0	0.0	0.0
YPR064W	-1.8	0.0	0.0	0.0	0.0	0.0	0.0	0.0	0.0	0.0	0.0	0.0	0.0	0.0	0.0	0.0	0.0	0.0
YPR074C	0.0	0.0	0.0	-2.3	-3.1	-3.8	0.0	0.0	0.0	0.0	0.0	-2.7	0.0	0.0	-1.3	0.0	-3.75	-3.9
YPR093C	0.0	0.0	0.0	0.0	0.0	-2.5	0.0	0.0	0.0	0.0	0.0	0.0	0.0	0.0	0.0	0.0	0.0	0.0
YPR106W	0.0	0.0	0.0	0.0	2.1	2.4	0.0	0.0	0.0	0.0	0.0	0.0	0.0	0.0	0.0	2.4	0.0	0.0
YPR109W	0.0	0.0	0.0	4.4	4.4	5.7	0.0	0.0	0.0	0.0	0.0	0.0	0.0	0.0	0.0	4.0	4.5	4.8
YPR128C	0.0	0.0	0.0	3.6	3.8	3.3	0.0	0.0	0.0	0.0	0.0	0.0	0.0	0.0	0.0	3.3	3.5	3.4
YPR140W	0.0	0.0	0.0	2.7	2.7	0.0	0.0	0.0	0.0	2.5	2.1	2.1	0.0	0.0	0.0	3.0	2.8	2.8
YPR153W	0.0	0.0	-1.95	0.0	0.0	0.0	0.0	0.0	0.0	0.0	0.0	0.0	0.0	0.0	0.0	0.0	0.0	0.0
YPR179C	0.0	0.0	0.0	0.0	1.6	0.0	0.0	0.0	0.0	0.0	0.0	0.0	0.0	0.0	0.0	0.0	0.0	0.0
YPR200C	0.0	0.0	0.0	1.9	1.8	2.0	0.0	0.0	0.0	0.0	0.0	0.0	0.0	0.0	0.0	3.0	2.4	1.8
YPR201W	0.0	0.0	0.0	0.0	2.4	0.0	0.0	0.0	0.0	0.0	0.0	0.0	0.0	0.0	0.0	3.2	0.0	0.0
YAL002W	0.0	0.0	0.0	0.0	0.0	0.0	0.0	0.0	-2.3	-3.5	-3.6	-5.0	0.0	0.0	0.0	0.0	0.0	0.0
YAL026C	0.0	0.0	0.0	0.0	0.0	0.0	0.0	0.0	0.0	0.0	-2.2	-3.4	0.0	0.0	0.0	0.0	0.0	0.0
YAL046C	0.0	0.0	0.0	0.0	0.0	0.0	0.0	0.0	0.0	-2.8	0.0	0.0	0.0	0.0	0.0	0.0	0.0	0.0
YBL003C	0.0	0.0	0.0	0.0	0.0	0.0	0.0	0.0	0.0	2.2	0.0	0.0	0.0	0.0	0.0	0.0	0.0	0.0
YBL064C	0.0	0.0	0.0	0.0	0.0	0.0	0.0	0.0	0.0	-2.4	0.0	0.0	0.0	0.0	0.0	0.0	0.0	0.0
YBL081W	0.0	0.0	0.0	0.0	0.0	0.0	0.0	1.8	1.6	0.0	0.0	0.0	0.0	0.0	0.0	0.0	0.0	0.0
YBL083C	0.0	0.0	0.0	0.0	0.0	0.0	-1.2	0.0	0.0	0.0	0.0	0.0	0.0	0.0	0.0	0.0	0.0	0.0
YBL089W	0.0	0.0	0.0	0.0	0.0	0.0	0.0	0.0	0.0	-3.2	0.0	0.0	0.0	0.0	0.0	0.0	0.0	0.0
YBR016W	0.0	0.0	0.0	0.0	0.0	0.0	0.0	0.0	0.0	2.1	0.0	0.0	0.0	0.0	0.0	2.0	3.1	3.1
YBR027C	0.0	0.0	0.0	0.0	0.0	0.0	0.0	0.0	0.0	0.0	1.3	0.0	0.0	0.0	0.0	0.0	0.0	0.0
YBR044C	0.0	0.0	0.0	0.0	0.0	0.0	1.8	0.0	1.8	3.0	2.3	2.6	0.0	2.3	0.0	0.0	2.3	2.5
YBR051W	0.0	0.0	0.0	0.0	0.0	0.0	0.0	0.0	0.0	3.4	0.0	0.0	0.0	0.0	0.0	0.0	0.0	0.0
YBR074W	0.0	0.0	0.0	0.0	0.0	0.0	0.0	0.0	0.0	0.0	0.0	2.1	0.0	0.0	0.0	0.0	0.0	0.0
YBR131W	0.0	0.0	0.0	0.0	0.0	0.0	0.0	0.0	0.0	0.0	0.0	-1.6	0.0	0.0	0.0	0.0	0.0	0.0
YBR151W	0.0	0.0	0.0	0.0	0.0	0.0	0.0	0.0	0.0	0.0	0.0	-1.9	0.0	0.0	0.0	0.0	0.0	0.0
YBR158W	0.0	0.0	0.0	0.0	0.0	0.0	0.0	0.0	0.0	-2.9	0.0	0.0	0.0	0.0	0.0	1.9	0.0	0.0
YBR173C	0.0	0.0	0.0	0.0	0.0	0.0	0.0	0.0	0.0	2.0	0.0	0.0	0.0	0.0	0.0	0.0	0.0	0.0
YBR177C	0.0	0.0	0.0	0.0	0.0	0.0	0.0	0.0	0.0	-2.5	0.0	0.0	0.0	0.0	0.0	0.0	1.8	1.9
YBR215W	0.0	0.0	0.0	0.0	0.0	0.0	0.0	0.0	1.4	0.0	0.0	0.0	0.0	0.0	0.0	0.0	0.0	0.0
YBR245C	0.0	0.0	0.0	0.0	0.0	0.0	0.0	0.0	0.0	-3.0	0.0	-1.2	0.0	0.0	0.0	0.0	0.0	0.0
YBR250W	0.0	0.0	0.0	0.0	0.0	0.0	0.0	0.0	0.0	-2.9	0.0	0.0	0.0	0.0	0.0	2.6	0.0	0.0
YBR286W	0.0	0.0	0.0	0.0	0.0	0.0	0.0	0.0	0.0	0.0	1.2	1.2	0.0	0.0	0.0	0.0	0.0	0.0
YBR290W	0.0	0.0	0.0	0.0	0.0	0.0	0.0	0.0	0.0	0.0	0.0	-1.5	0.0	0.0	0.0	0.0	0.0	0.0
YCL007C	0.0	0.0	0.0	0.0	0.0	0.0	-2.1	-2.2	-2.7	0.0	0.0	0.0	0.0	0.0	-2.7	0.0	0.0	0.0
YCL008C	0.0	0.0	0.0	0.0	0.0	0.0	0.0	0.0	0.0	0.0	0.0	-2.2	0.0	0.0	0.0	0.0	0.0	0.0
YCL026C-A	0.0	0.0	0.0	0.0	0.0	0.0	0.0	0.0	0.0	0.0	0.0	-1.1	0.0	0.0	0.0	0.0	0.0	0.0
YCL046W	0.0	0.0	0.0	0.0	0.0	0.0	1.9	1.8	1.8	0.0	1.8	0.0	0.0	0.0	1.8	0.0	0.0	0.0
YCL058C	0.0	0.0	0.0	0.0	0.0	0.0	0.0	0.0	0.0	0.0	1.9	2.15	0.0	0.0	0.0	0.0	0.0	0.0
YCR001W	0.0	0.0	0.0	0.0	0.0	0.0	1.7	1.7	1.8	0.0	0.0	0.0	0.0	0.0	0.0	0.0	0.0	0.0
YCR011C	0.0	0.0	0.0	0.0	0.0	0.0	1.7	1.7	1.8	0.0	1.7	0.0	0.0	0.0	0.0	2.3	2.4	0.0
YCR019W	0.0	0.0	0.0	0.0	0.0	0.0	0.0	0.0	0.0	-2.3	0.0	0.0	0.0	0.0	0.0	0.0	0.0	0.0
YCR028C	0.0	0.0	0.0	0.0	0.0	0.0	0.0	0.0	0.0	0.0	-2.4	0.0	0.0	0.0	0.0	0.0	0.0	0.0
YCR082W	0.0	0.0	0.0	0.0	0.0	0.0	1.4	0.0	1.4	0.0	0.0	0.0	0.0	0.0	0.0	2.1	0.0	0.0
YCR094W	0.0	0.0	0.0	0.0	0.0	0.0	0.0	0.0	0.0	0.0	-2.6	0.0	0.0	0.0	0.0	0.0	0.0	-3.1
YCR101C	0.0	0.0	0.0	0.0	0.0	0.0	0.0	0.0	0.0	2.4	0.0	0.0	0.0	0.0	0.0	0.0	0.0	0.0
YDL019C	0.0	0.0	0.0	0.0	0.0	0.0	0.0	0.0	1.6	2.6	0.0	0.0	0.0	0.0	0.0	0.0	0.0	0.0
YDL027C	0.0	0.0	0.0	0.0	0.0	0.0	0.0	0.0	0.0	-2.6	0.0	0.0	0.0	0.0	0.0	0.0	0.0	0.0
YDL032W	0.0	0.0	0.0	0.0	0.0	0.0	0.0	0.0	0.0	0.0	1.4	1.5	0.0	0.0	0.0	0.0	0.0	0.0
YDL082W	0.0	0.0	0.0	0.0	0.0	0.0	0.0	0.0	0.0	0.0	2.1	2.1	0.0	0.0	0.0	0.0	0.0	0.0
YDL133W	0.0	0.0	0.0	0.0	0.0	0.0	0.0	0.0	0.0	2.5	0.0	0.0	0.0	0.0	0.0	0.0	0.0	0.0
YDL182W	0.0	0.0	0.0	0.0	0.0	0.0	-1.7	-1.9	-1.8	0.0	0.0	0.0	0.0	0.0	0.0	0.0	0.0	0.0
YDL191W	0.0	0.0	0.0	0.0	0.0	0.0	0.0	0.0	1.4	0.0	0.0	0.0	0.0	0.0	0.0	0.0	0.0	0.0
YDL204W	0.0	0.0	0.0	0.0	0.0	0.0	1.4	1.3	1.2	0.0	0.0	0.0	0.0	0.0	0.0	0.0	0.0	0.0
YDL213C	0.0	0.0	0.0	0.0	0.0	0.0	1.6	1.8	1.8	0.0	0.0	0.0	0.0	0.0	0.0	0.0	0.0	0.0
YDL222C	0.0	0.0	0.0	0.0	0.0	0.0	-1.9	-1.8	0.0	0.0	0.0	0.0	0.0	0.0	0.0	3.9	0.0	0.0
YDL226C	0.0	0.0	0.0	0.0	0.0	0.0	0.0	0.0	0.0	0.0	0.0	-4.0	0.0	0.0	0.0	0.0	-3.35	-4.35
YDL239C	0.0	0.0	0.0	0.0	0.0	0.0	0.0	0.0	0.0	-1.6	-1.3	0.0	0.0	0.0	0.0	0.0	-1.6	0.0
YDL241W	0.0	0.0	0.0	0.0	0.0	0.0	0.0	0.0	0.0	-1.6	0.0	0.0	0.0	0.0	0.0	0.0	0.0	0.0
YDR034C	0.0	0.0	0.0	0.0	0.0	0.0	0.0	1.5	1.4	0.0	0.0	0.0	0.0	0.0	0.0	0.0	0.0	0.0
YDR051C	0.0	0.0	0.0	0.0	0.0	0.0	0.0	0.0	0.0	-2.9	-1.3	0.0	0.0	0.0	0.0	0.0	0.0	0.0
YDR063W	0.0	0.0	0.0	0.0	0.0	0.0	0.0	0.0	0.0	-2.5	0.0	0.0	0.0	0.0	0.0	0.0	0.0	0.0
YDR068W	0.0	0.0	0.0	0.0	0.0	0.0	0.0	0.0	0.0	-3.1	0.0	0.0	0.0	0.0	0.0	0.0	0.0	0.0
YDR097C	0.0	0.0	0.0	0.0	0.0	0.0	0.0	0.0	0.0	-2.7	0.0	0.0	0.0	0.0	0.0	0.0	0.0	0.0
YDR098C	0.0	0.0	0.0	0.0	0.0	0.0	0.0	0.0	0.0	0.0	0.0	-3.35	0.0	0.0	0.0	0.0	0.0	0.0
YDR107C	0.0	0.0	0.0	0.0	0.0	0.0	0.0	0.0	0.0	-3.5	0.0	0.0	0.0	0.0	0.0	0.0	0.0	0.0
YDR124W	0.0	0.0	0.0	0.0	0.0	0.0	0.0	0.0	0.0	1.6	1.6	1.7	0.0	0.0	0.0	0.0	0.0	0.0
YDR136C	0.0	0.0	0.0	0.0	0.0	0.0	0.0	0.0	0.0	0.0	-1.9	-2.8	0.0	0.0	0.0	0.0	0.0	0.0
YDR159W	0.0	0.0	0.0	0.0	0.0	0.0	1.7	2.2	1.9	0.0	0.0	0.0	0.0	0.0	0.0	0.0	0.0	0.0
YDR171W	0.0	0.0	0.0	0.0	0.0	0.0	0.0	0.0	0.0	-2.0	-1.8	0.0	0.0	0.0	0.0	0.0	-2.2	-2.5
YDR226W	0.0	0.0	0.0	0.0	0.0	0.0	2.3	2.0	1.9	0.0	0.0	0.0	0.0	0.0	0.0	0.0	0.0	0.0
YDR237W	0.0	0.0	0.0	0.0	0.0	0.0	0.0	0.0	0.0	0.0	0.0	2.2	0.0	0.0	0.0	0.0	0.0	3.2
YDR253C	0.0	0.0	0.0	0.0	0.0	0.0	0.0	0.0	0.0	3.3	0.0	1.8	0.0	0.0	0.0	0.0	0.0	0.0
YDR261C	0.0	0.0	0.0	0.0	0.0	0.0	0.0	0.0	0.0	3.7	0.0	0.0	0.0	0.0	0.0	0.0	0.0	0.0
YDR323C	0.0	0.0	0.0	0.0	0.0	0.0	0.0	0.0	-2.2	0.0	0.0	0.0	0.0	0.0	0.0	0.0	0.0	0.0
YDR377W	0.0	0.0	0.0	0.0	0.0	0.0	1.7	1.6	1.5	0.0	0.0	0.0	0.0	0.0	0.0	0.0	2.7	3.6
YDR421W	0.0	0.0	0.0	0.0	0.0	0.0	0.0	0.0	0.0	-2.4	0.0	0.0	0.0	0.0	0.0	0.0	0.0	0.0
YDR452W	0.0	0.0	0.0	0.0	0.0	0.0	0.0	0.0	1.6	0.0	0.0	0.0	0.0	0.0	0.0	0.0	0.0	0.0
YDR455C	0.0	0.0	0.0	0.0	0.0	0.0	0.0	0.0	0.0	0.0	0.0	-1.7	0.0	0.0	0.0	0.0	0.0	0.0
YDR490C	0.0	0.0	0.0	0.0	0.0	0.0	0.0	0.0	0.0	-2.9	0.0	0.0	0.0	0.0	0.0	0.0	0.0	0.0
YDR495C	0.0	0.0	0.0	0.0	0.0	0.0	0.0	0.0	-2.15	0.0	0.0	0.0	0.0	0.0	0.0	0.0	0.0	0.0
YDR497C	0.0	0.0	0.0	0.0	0.0	0.0	0.0	0.0	0.0	0.0	0.0	-1.5	0.0	0.0	0.0	0.0	0.0	0.0
YDR524C	0.0	0.0	0.0	0.0	0.0	0.0	0.0	0.0	0.0	3.7	0.0	0.0	0.0	0.0	0.0	0.0	0.0	0.0
YEL027W	0.0	0.0	0.0	0.0	0.0	0.0	0.0	0.0	-1.9	0.0	0.0	0.0	0.0	0.0	0.0	0.0	0.0	0.0
YEL040W	0.0	0.0	0.0	0.0	0.0	0.0	0.0	0.0	0.0	-2.3	0.0	0.0	0.0	0.0	0.0	0.0	0.0	0.0
YEL051W	0.0	0.0	0.0	0.0	0.0	0.0	0.0	-2.1	-2.4	0.0	0.0	0.0	0.0	0.0	0.0	0.0	0.0	0.0
YER020W	0.0	0.0	0.0	0.0	0.0	0.0	0.0	0.0	0.0	-3.3	0.0	0.0	0.0	0.0	-1.2	0.0	0.0	0.0
YER032W	0.0	0.0	0.0	0.0	0.0	0.0	0.0	0.0	0.0	2.0	0.0	0.0	0.0	0.0	0.0	0.0	0.0	0.0
YER045C	0.0	0.0	0.0	0.0	0.0	0.0	0.0	0.0	0.0	-1.7	0.0	0.0	0.0	0.0	0.0	0.0	0.0	0.0
YER049W	0.0	0.0	0.0	0.0	0.0	0.0	0.0	0.0	0.0	-3.0	0.0	0.0	0.0	0.0	0.0	0.0	0.0	0.0
YER075C	0.0	0.0	0.0	0.0	0.0	0.0	0.0	0.0	0.0	-3.0	0.0	0.0	0.0	0.0	0.0	0.0	0.0	0.0
YER150W	0.0	0.0	0.0	0.0	0.0	0.0	0.0	0.0	0.0	2.1	0.0	0.0	0.0	0.0	0.0	0.0	0.0	0.0
YER167W	0.0	0.0	0.0	0.0	0.0	0.0	0.0	1.3	1.2	0.0	1.2	1.7	0.0	0.0	0.0	0.0	0.0	1.7
YER180C	0.0	0.0	0.0	0.0	0.0	0.0	0.0	0.0	0.0	1.5	0.0	0.0	0.0	0.0	0.0	0.0	0.0	0.0
YER188W	0.0	0.0	0.0	0.0	0.0	0.0	0.0	0.0	0.0	0.0	-1.6	-1.6	0.0	0.0	0.0	0.0	-1.8	0.0
YFL021W	0.0	0.0	0.0	0.0	0.0	0.0	0.0	0.0	-4.1	0.0	0.0	0.0	0.0	0.0	0.0	3.1	3.7	0.0
YFR036W	0.0	0.0	0.0	0.0	0.0	0.0	0.0	0.0	0.0	-5.2	-4.95	-4.75	0.0	0.0	0.0	-3.1	-4.3	-4.4
YFR039C	0.0	0.0	0.0	0.0	0.0	0.0	0.0	0.0	0.0	-3.2	0.0	0.0	0.0	0.0	0.0	0.0	0.0	0.0
YFR041C	0.0	0.0	0.0	0.0	0.0	0.0	0.0	0.0	0.0	-2.6	0.0	0.0	0.0	0.0	0.0	0.0	0.0	0.0
YGL007W	0.0	0.0	0.0	0.0	0.0	0.0	0.0	0.0	0.0	0.0	-2.05	-3.2	0.0	0.0	0.0	0.0	0.0	0.0
YGL010W	0.0	0.0	0.0	0.0	0.0	0.0	0.0	0.0	0.0	0.0	-1.5	0.0	0.0	0.0	0.0	0.0	0.0	0.0
YGL043W	0.0	0.0	0.0	0.0	0.0	0.0	-1.6	-1.6	-1.4	0.0	0.0	0.0	0.0	0.0	0.0	0.0	0.0	0.0
YGL094C	0.0	0.0	0.0	0.0	0.0	0.0	0.0	0.0	0.0	-2.1	-2.1	-2.2	0.0	0.0	0.0	0.0	-2.3	-2.4
YGL095C	0.0	0.0	0.0	0.0	0.0	0.0	0.0	0.0	-2.6	0.0	0.0	0.0	0.0	0.0	0.0	0.0	0.0	0.0
YGL096W	0.0	0.0	0.0	0.0	0.0	0.0	0.0	0.0	0.0	1.4	0.0	0.0	0.0	0.0	0.0	0.0	0.0	0.0
YGL160W	0.0	0.0	0.0	0.0	0.0	0.0	0.0	0.0	0.0	0.0	-1.2	0.0	0.0	0.0	0.0	0.0	0.0	0.0
YGL200C	0.0	0.0	0.0	0.0	0.0	0.0	0.0	0.0	2.2	0.0	0.0	0.0	0.0	0.0	0.0	0.0	0.0	0.0
YGL212W	0.0	0.0	0.0	0.0	0.0	0.0	0.0	0.0	0.0	0.0	0.0	-2.2	0.0	0.0	0.0	0.0	0.0	0.0
YGL227W	0.0	0.0	0.0	0.0	0.0	0.0	0.0	0.0	0.0	1.9	0.0	0.0	0.0	0.0	0.0	2.4	2.2	2.0
YGL252C	0.0	0.0	0.0	0.0	0.0	0.0	0.0	1.4	0.0	2.6	0.0	0.0	0.0	0.0	0.0	0.0	0.0	0.0
YGL258W	0.0	0.0	0.0	0.0	0.0	0.0	0.0	0.0	0.0	2.9	0.0	0.0	0.0	0.0	0.0	0.0	0.0	0.0
YGR004W	0.0	0.0	0.0	0.0	0.0	0.0	0.0	0.0	0.0	-4.4	0.0	-1.6	0.0	0.0	0.0	2.0	0.0	0.0
YGR028W	0.0	0.0	0.0	0.0	0.0	0.0	0.0	0.0	0.0	1.9	0.0	0.0	0.0	0.0	0.0	0.0	1.9	2.2
YGR034W	0.0	0.0	0.0	0.0	0.0	0.0	1.7	1.6	1.8	0.0	1.9	0.0	1.9	0.0	0.0	0.0	0.0	0.0
YGR049W	0.0	0.0	0.0	0.0	0.0	0.0	0.0	0.0	0.0	0.0	1.7	1.7	0.0	0.0	0.0	0.0	0.0	0.0
YGR066C	0.0	0.0	0.0	0.0	0.0	0.0	0.0	0.0	0.0	2.0	0.0	0.0	0.0	0.0	0.0	0.0	0.0	0.0
YGR092W	0.0	0.0	0.0	0.0	0.0	0.0	0.0	0.0	1.4	0.0	0.0	2.0	0.0	0.0	0.0	0.0	0.0	0.0
YGR097W	0.0	0.0	0.0	0.0	0.0	0.0	0.0	1.8	1.9	0.0	0.0	0.0	0.0	0.0	0.0	0.0	0.0	0.0
YGR110W	0.0	0.0	0.0	0.0	0.0	0.0	0.0	0.0	0.0	-1.9	-1.8	-1.9	0.0	0.0	0.0	0.0	-2.2	0.0
YGR117C	0.0	0.0	0.0	0.0	0.0	0.0	-2.0	-2.0	-1.9	-3.1	0.0	0.0	0.0	0.0	0.0	0.0	0.0	0.0
YGR126W	0.0	0.0	0.0	0.0	0.0	0.0	0.0	0.0	0.0	-2.6	0.0	0.0	0.0	0.0	0.0	0.0	0.0	0.0
YGR157W	0.0	0.0	0.0	0.0	0.0	0.0	0.0	0.0	0.0	2.7	2.0	2.5	0.0	0.0	0.0	5.2	2.4	0.0
YGR205W	0.0	0.0	0.0	0.0	0.0	0.0	1.8	0.0	1.5	0.0	0.0	0.0	0.0	0.0	0.0	0.0	0.0	0.0
YGR207C	0.0	0.0	0.0	0.0	0.0	0.0	1.1	1.1	0.0	0.0	0.0	0.0	0.0	0.0	0.0	0.0	0.0	0.0
YGR231C	0.0	0.0	0.0	0.0	0.0	0.0	0.0	0.0	1.6	0.0	0.0	0.0	2.5	0.0	0.0	0.0	0.0	0.0
YGR258C	0.0	0.0	0.0	0.0	0.0	0.0	0.0	0.0	0.0	-3.0	0.0	0.0	0.0	0.0	0.0	0.0	0.0	0.0
YGR275W	0.0	0.0	0.0	0.0	0.0	0.0	0.0	0.0	0.0	-2.5	0.0	0.0	0.0	0.0	0.0	0.0	0.0	0.0
YHL007C	0.0	0.0	0.0	0.0	0.0	0.0	0.0	0.0	0.0	0.0	0.0	-2.1	0.0	0.0	-1.7	0.0	0.0	0.0
YHL011C	0.0	0.0	0.0	0.0	0.0	0.0	2.3	2.2	0.0	0.0	0.0	0.0	0.0	0.0	0.0	0.0	0.0	0.0
YHL025W	0.0	0.0	0.0	0.0	0.0	0.0	0.0	0.0	0.0	0.0	-3.5	0.0	0.0	0.0	0.0	0.0	-3.7	0.0
YHR006W	0.0	0.0	0.0	0.0	0.0	0.0	0.0	0.0	0.0	-2.8	0.0	0.0	0.0	0.0	0.0	0.0	0.0	0.0
YHR010W	0.0	0.0	0.0	0.0	0.0	0.0	0.0	0.0	0.0	0.0	-2.7	0.0	0.0	0.0	0.0	0.0	0.0	0.0
YHR034C	0.0	0.0	0.0	0.0	0.0	0.0	0.0	2.0	1.8	0.0	0.0	0.0	0.0	0.0	0.0	0.0	2.7	3.4
YHR045W	0.0	0.0	0.0	0.0	0.0	0.0	0.0	0.0	0.0	0.0	-2.9	-5.5	0.0	0.0	0.0	0.0	0.0	-3.0
YHR046C	0.0	0.0	0.0	0.0	0.0	0.0	1.8	2.0	2.2	0.0	0.0	0.0	0.0	0.0	0.0	0.0	0.0	0.0
YHR048W	0.0	0.0	0.0	0.0	0.0	0.0	1.5	0.0	1.7	0.0	0.0	0.0	0.0	0.0	0.0	0.0	0.0	0.0
YHR049C-A	0.0	0.0	0.0	0.0	0.0	0.0	0.0	0.0	0.0	-3.3	0.0	0.0	0.0	0.0	0.0	0.0	0.0	0.0
YHR096C	0.0	0.0	0.0	0.0	0.0	0.0	0.0	0.0	0.0	-2.5	0.0	0.0	0.0	0.0	0.0	0.0	0.0	0.0
YHR110W	0.0	0.0	0.0	0.0	0.0	0.0	0.0	0.0	0.0	-3.5	0.0	0.0	0.0	0.0	0.0	0.0	0.0	0.0
YHR137W	0.0	0.0	0.0	0.0	0.0	0.0	-2.0	-2.0	-1.9	0.0	0.0	0.0	0.0	0.0	0.0	0.0	0.0	0.0
YHR138C	0.0	0.0	0.0	0.0	0.0	0.0	0.0	0.0	0.0	-2.3	0.0	0.0	0.0	0.0	0.0	0.0	0.0	0.0
YHR179W	0.0	0.0	0.0	0.0	0.0	0.0	0.0	0.0	0.0	-3.0	0.0	0.0	0.0	0.0	0.0	0.0	0.0	0.0
YHR182W	0.0	0.0	0.0	0.0	0.0	0.0	2.0	2.2	2.2	0.0	0.0	0.0	0.0	0.0	0.0	2.1	0.0	0.0
YIL035C	0.0	0.0	0.0	0.0	0.0	0.0	0.0	1.7	1.6	0.0	0.0	0.0	0.0	0.0	0.0	0.0	0.0	0.0
YIL055C	0.0	0.0	0.0	0.0	0.0	0.0	0.0	0.0	0.0	-2.3	0.0	0.0	0.0	0.0	0.0	0.0	0.0	0.0
YIL067C	0.0	0.0	0.0	0.0	0.0	0.0	0.0	0.0	0.0	0.0	0.0	-1.8	0.0	0.0	0.0	0.0	0.0	0.0
YIL090W	0.0	0.0	0.0	0.0	0.0	0.0	0.0	0.0	0.0	2.7	0.0	0.0	0.0	0.0	0.0	0.0	0.0	0.0
YIL098C	0.0	0.0	0.0	0.0	0.0	0.0	0.0	0.0	0.0	0.0	0.0	-2.3	0.0	0.0	0.0	0.0	0.0	0.0
YIL110W	0.0	0.0	0.0	0.0	0.0	0.0	0.0	0.0	0.0	0.0	1.9	2.7	0.0	0.0	0.0	0.0	0.0	0.0
YIL112W	0.0	0.0	0.0	0.0	0.0	0.0	0.0	0.0	0.0	0.0	0.0	1.5	0.0	0.0	0.0	0.0	0.0	2.1
YIL173W	0.0	0.0	0.0	0.0	0.0	0.0	0.0	0.0	0.0	-1.7	0.0	0.0	0.0	0.0	0.0	0.0	0.0	0.0
YIR003W	0.0	0.0	0.0	0.0	0.0	0.0	0.0	0.0	0.0	-2.3	0.0	0.0	0.0	0.0	0.0	0.0	0.0	0.0
YIR027C	0.0	0.0	0.0	0.0	0.0	0.0	0.0	0.0	0.0	2.3	0.0	0.0	0.0	0.0	0.0	0.0	0.0	0.0
YIR033W	0.0	0.0	0.0	0.0	0.0	0.0	0.0	0.0	-1.9	0.0	0.0	0.0	0.0	0.0	0.0	0.0	0.0	0.0
YJL004C	0.0	0.0	0.0	0.0	0.0	0.0	0.0	0.0	0.0	0.0	0.0	-1.3	0.0	0.0	0.0	0.0	0.0	-1.7
YJL043W	0.0	0.0	0.0	0.0	0.0	0.0	0.0	0.0	0.0	-2.4	0.0	0.0	0.0	0.0	0.0	0.0	0.0	0.0
YJL053W	0.0	0.0	0.0	0.0	0.0	0.0	0.0	0.0	0.0	0.0	0.0	-2.5	0.0	0.0	0.0	0.0	0.0	0.0
YJL070C	0.0	0.0	0.0	0.0	0.0	0.0	1.2	1.3	1.3	0.0	0.0	0.0	0.0	0.0	1.1	0.0	0.0	0.0
YJL078C	0.0	0.0	0.0	0.0	0.0	0.0	0.0	0.0	0.0	-2.8	0.0	0.0	0.0	0.0	0.0	0.0	0.0	0.0
YJL092W	0.0	0.0	0.0	0.0	0.0	0.0	0.0	0.0	1.1	0.0	0.0	0.0	0.0	0.0	0.0	0.0	0.0	0.0
YJL095W	0.0	0.0	0.0	0.0	0.0	0.0	0.0	-2.8	0.0	0.0	0.0	0.0	0.0	0.0	0.0	0.0	0.0	0.0
YJL122W	0.0	0.0	0.0	0.0	0.0	0.0	0.0	0.0	0.0	-3.1	-1.2	0.0	0.0	0.0	0.0	0.0	0.0	0.0
YJL123C	0.0	0.0	0.0	0.0	0.0	0.0	0.0	0.0	0.0	-3.4	0.0	0.0	0.0	0.0	0.0	0.0	0.0	0.0
YJL126W	0.0	0.0	0.0	0.0	0.0	0.0	0.0	0.0	0.0	-2.5	0.0	0.0	0.0	0.0	0.0	0.0	0.0	0.0
YJL127C	0.0	0.0	0.0	0.0	0.0	0.0	1.9	1.6	1.7	0.0	0.0	0.0	0.0	0.0	0.0	0.0	0.0	0.0
YJL145W	0.0	0.0	0.0	0.0	0.0	0.0	0.0	0.0	0.0	-2.7	0.0	0.0	0.0	0.0	0.0	2.7	0.0	0.0
YJL154C	0.0	0.0	0.0	0.0	0.0	0.0	0.0	0.0	0.0	0.0	0.0	-2.1	0.0	0.0	0.0	0.0	0.0	0.0
YJL178C	0.0	0.0	0.0	0.0	0.0	0.0	0.0	0.0	0.0	-2.3	0.0	0.0	0.0	0.0	0.0	0.0	0.0	0.0
YJL208C	0.0	0.0	0.0	0.0	0.0	0.0	1.4	1.2	1.3	0.0	0.0	0.0	0.0	0.0	0.0	2.5	0.0	0.0
YJR021C	0.0	0.0	0.0	0.0	0.0	0.0	-1.5	0.0	0.0	0.0	0.0	0.0	0.0	0.0	0.0	0.0	0.0	0.0
YJR033C	0.0	0.0	0.0	0.0	0.0	0.0	0.0	0.0	0.0	0.0	0.0	-2.1	0.0	0.0	0.0	0.0	0.0	0.0
YJR052W	0.0	0.0	0.0	0.0	0.0	0.0	1.2	1.2	1.2	0.0	0.0	0.0	0.0	0.0	0.0	0.0	0.0	0.0
YJR091C	0.0	0.0	0.0	0.0	0.0	0.0	0.0	0.0	0.0	-3.7	0.0	0.0	0.0	0.0	0.0	0.0	0.0	0.0
YJR102C	0.0	0.0	0.0	0.0	0.0	0.0	0.0	0.0	0.0	0.0	0.0	-2.3	0.0	0.0	0.0	0.0	0.0	0.0
YJR135C	0.0	0.0	0.0	0.0	0.0	0.0	1.4	1.6	1.7	0.0	0.0	0.0	0.0	0.0	0.0	0.0	0.0	0.0
YJR148W	0.0	0.0	0.0	0.0	0.0	0.0	0.0	0.0	0.0	-2.6	0.0	0.0	0.0	0.0	0.0	0.0	0.0	0.0
YKL008C	0.0	0.0	0.0	0.0	0.0	0.0	0.0	0.0	0.0	-2.9	0.0	0.0	0.0	0.0	0.0	0.0	0.0	0.0
YKL037W	0.0	0.0	0.0	0.0	0.0	0.0	0.0	0.0	-2.0	0.0	-2.1	0.0	0.0	0.0	-2.2	0.0	0.0	0.0
YKL046C	0.0	0.0	0.0	0.0	0.0	0.0	0.0	0.0	0.0	0.0	-1.5	-1.4	0.0	0.0	0.0	0.0	0.0	0.0
YKL051W	0.0	0.0	0.0	0.0	0.0	0.0	0.0	0.0	0.0	-1.8	-1.7	-1.8	0.0	0.0	0.0	0.0	-1.8	-2.0
YKL077W	0.0	0.0	0.0	0.0	0.0	0.0	0.0	0.0	-1.5	0.0	0.0	0.0	0.0	0.0	0.0	0.0	0.0	0.0
YKL096W	0.0	0.0	0.0	0.0	0.0	0.0	0.0	0.0	0.0	-2.1	0.0	0.0	0.0	0.0	0.0	0.0	0.0	0.0
YKL128C	0.0	0.0	0.0	0.0	0.0	0.0	0.0	0.0	0.0	-2.8	0.0	0.0	0.0	0.0	0.0	0.0	0.0	0.0
YKL146W	0.0	0.0	0.0	0.0	0.0	0.0	0.0	0.0	0.0	0.0	-1.3	-1.4	0.0	0.0	0.0	0.0	0.0	0.0
YKL148C	0.0	0.0	0.0	0.0	0.0	0.0	0.0	0.0	0.0	-2.7	0.0	0.0	0.0	0.0	0.0	0.0	0.0	0.0
YKL161C	0.0	0.0	0.0	0.0	0.0	0.0	0.0	0.0	0.0	-1.6	0.0	0.0	0.0	0.0	0.0	0.0	-1.7	0.0
YKL164C	0.0	0.0	0.0	0.0	0.0	0.0	0.0	0.0	0.0	0.0	-1.3	-1.3	0.0	0.0	0.0	0.0	0.0	0.0
YKL177W	0.0	0.0	0.0	0.0	0.0	0.0	0.0	0.0	0.0	-2.2	0.0	0.0	0.0	0.0	0.0	0.0	0.0	0.0
YKL184W	0.0	0.0	0.0	0.0	0.0	0.0	0.0	0.0	0.0	0.0	-1.2	0.0	0.0	0.0	0.0	0.0	0.0	0.0
YKL198C	0.0	0.0	0.0	0.0	0.0	0.0	0.0	0.0	0.0	0.0	-1.5	0.0	0.0	0.0	0.0	0.0	0.0	-2.5
YKL215C	0.0	0.0	0.0	0.0	0.0	0.0	0.0	0.0	0.0	0.0	0.0	-1.4	0.0	0.0	0.0	0.0	0.0	-2.2
YKL222C	0.0	0.0	0.0	0.0	0.0	0.0	0.0	0.0	0.0	-2.2	-1.9	-2.0	0.0	0.0	0.0	0.0	-2.4	0.0
YKR014C	0.0	0.0	0.0	0.0	0.0	0.0	0.0	0.0	0.0	0.0	0.0	-1.5	0.0	0.0	0.0	0.0	0.0	0.0
YKR019C	0.0	0.0	0.0	0.0	0.0	0.0	0.0	0.0	0.0	0.0	0.0	-1.75	0.0	0.0	0.0	0.0	0.0	0.0
YKR020W	0.0	0.0	0.0	0.0	0.0	0.0	0.0	0.0	0.0	-2.3	-2.4	-2.95	0.0	0.0	0.0	0.0	0.0	-2.3
YKR052C	0.0	0.0	0.0	0.0	0.0	0.0	0.0	0.0	0.0	-2.45	-4.35	-5.7	0.0	0.0	0.0	0.0	0.0	-1.5
YLL024C	0.0	0.0	0.0	0.0	0.0	0.0	0.0	0.0	0.0	-3.2	0.0	0.0	0.0	0.0	0.0	0.0	0.0	0.0
YLL033W	0.0	0.0	0.0	0.0	0.0	0.0	1.5	0.0	1.6	0.0	0.0	0.0	0.0	0.0	0.0	0.0	0.0	2.6
YLL038C	0.0	0.0	0.0	0.0	0.0	0.0	0.0	0.0	0.0	-1.8	0.0	0.0	0.0	0.0	0.0	0.0	0.0	0.0
YLL052C	0.0	0.0	0.0	0.0	0.0	0.0	0.0	0.0	0.0	2.0	0.0	0.0	0.0	0.0	0.0	0.0	0.0	0.0
YLL055W	0.0	0.0	0.0	0.0	0.0	0.0	0.0	0.0	0.0	3.9	0.0	0.0	0.0	0.0	0.0	0.0	0.0	0.0
YLR025W	0.0	0.0	0.0	0.0	0.0	0.0	0.0	0.0	0.0	0.0	-2.05	-3.55	0.0	0.0	0.0	0.0	-2.5	-3.0
YLR044C	0.0	0.0	0.0	0.0	0.0	0.0	0.0	0.0	1.3	0.0	0.0	0.0	0.0	0.0	2.0	0.0	0.0	0.0
YLR047C	0.0	0.0	0.0	0.0	0.0	0.0	0.0	0.0	0.0	0.0	0.0	-1.85	0.0	0.0	-1.8	0.0	0.0	-2.2
YLR073C	0.0	0.0	0.0	0.0	0.0	0.0	1.6	1.8	1.9	0.0	0.0	0.0	0.0	0.0	0.0	0.0	0.0	0.0
YLR074C	0.0	0.0	0.0	0.0	0.0	0.0	0.0	0.0	0.0	2.5	0.0	0.0	0.0	0.0	0.0	0.0	0.0	0.0
YLR112W	0.0	0.0	0.0	0.0	0.0	0.0	0.0	0.0	0.0	-2.1	0.0	0.0	0.0	0.0	0.0	0.0	0.0	0.0
YLR121C	0.0	0.0	0.0	0.0	0.0	0.0	1.8	1.8	1.7	0.0	0.0	0.0	0.0	0.0	1.9	0.0	0.0	0.0
YLR131C	0.0	0.0	0.0	0.0	0.0	0.0	1.3	0.0	1.3	0.0	0.0	0.0	2.1	1.6	1.5	0.0	0.0	0.0
YLR152C	0.0	0.0	0.0	0.0	0.0	0.0	0.0	0.0	0.0	-3.6	0.0	0.0	0.0	0.0	0.0	0.0	0.0	0.0
YLR174W	0.0	0.0	0.0	0.0	0.0	0.0	0.0	0.0	1.3	0.0	0.0	0.0	0.0	0.0	0.0	0.0	0.0	0.0
YLR187W	0.0	0.0	0.0	0.0	0.0	0.0	0.0	0.0	1.3	0.0	0.0	0.0	0.0	0.0	0.0	0.0	0.0	0.0
YLR202C	0.0	0.0	0.0	0.0	0.0	0.0	0.0	0.0	1.6	0.0	1.6	1.7	0.0	0.0	0.0	0.0	0.0	0.0
YLR209C	0.0	0.0	0.0	0.0	0.0	0.0	0.0	0.0	0.0	-2.2	0.0	0.0	0.0	0.0	0.0	0.0	0.0	0.0
YLR248W	0.0	0.0	0.0	0.0	0.0	0.0	0.0	1.2	0.0	0.0	0.0	0.0	0.0	0.0	0.0	0.0	0.0	0.0
YLR286C	0.0	0.0	0.0	0.0	0.0	0.0	0.0	0.0	0.0	1.6	1.5	1.8	0.0	0.0	0.0	0.0	2.1	2.3
YLR297W	0.0	0.0	0.0	0.0	0.0	0.0	1.4	1.8	1.8	0.0	0.0	0.0	0.0	0.0	0.0	0.0	0.0	0.0
YLR369W	0.0	0.0	0.0	0.0	0.0	0.0	0.0	0.0	0.0	0.0	0.0	1.95	0.0	0.0	0.0	0.0	0.0	0.0
YLR370C	0.0	0.0	0.0	0.0	0.0	0.0	1.4	0.0	0.0	0.0	0.0	0.0	0.0	0.0	0.0	0.0	0.0	0.0
YLR381W	0.0	0.0	0.0	0.0	0.0	0.0	0.0	0.0	0.0	-3.2	0.0	0.0	0.0	0.0	0.0	0.0	0.0	0.0
YLR417W	0.0	0.0	0.0	0.0	0.0	0.0	0.0	0.0	0.0	0.0	0.0	-3.0	0.0	0.0	0.0	0.0	-2.4	0.0
YLR421C	0.0	0.0	0.0	0.0	0.0	0.0	1.5	1.7	1.7	0.0	0.0	0.0	0.0	0.0	0.0	0.0	0.0	0.0
YLR432W	0.0	0.0	0.0	0.0	0.0	0.0	0.0	0.0	0.0	2.0	0.0	0.0	0.0	0.0	0.0	0.0	0.0	0.0
YML009C-A	0.0	0.0	0.0	0.0	0.0	0.0	0.0	0.0	0.0	0.0	0.0	1.8	0.0	0.0	0.0	0.0	0.0	0.0
YML027W	0.0	0.0	0.0	0.0	0.0	0.0	0.0	0.0	0.0	0.0	1.2	0.0	0.0	0.0	0.0	0.0	0.0	0.0
YML028W	0.0	0.0	0.0	0.0	0.0	0.0	0.0	0.0	0.0	0.0	-2.7	-4.0	0.0	0.0	-2.2	0.0	-2.7	-3.3
YML047W-A	0.0	0.0	0.0	0.0	0.0	0.0	1.4	1.6	1.6	0.0	0.0	0.0	0.0	0.0	1.4	0.0	0.0	0.0
YML052W	0.0	0.0	0.0	0.0	0.0	0.0	0.0	0.0	0.0	-2.4	0.0	0.0	0.0	0.0	0.0	0.0	0.0	0.0
YML053C	0.0	0.0	0.0	0.0	0.0	0.0	0.0	0.0	0.0	0.0	-1.3	-1.3	0.0	0.0	0.0	0.0	0.0	-2.0
YML066C	0.0	0.0	0.0	0.0	0.0	0.0	0.0	0.0	0.0	-2.7	0.0	0.0	0.0	0.0	0.0	0.0	0.0	0.0
YML100W-A	0.0	0.0	0.0	0.0	0.0	0.0	0.0	0.0	0.0	0.0	1.4	0.0	0.0	0.0	0.0	0.0	0.0	0.0
YML116W-A	0.0	0.0	0.0	0.0	0.0	0.0	0.0	0.0	0.0	1.8	1.5	1.6	0.0	0.0	0.0	0.0	0.0	0.0
YML118W	0.0	0.0	0.0	0.0	0.0	0.0	0.0	1.3	1.1	0.0	0.0	0.0	0.0	0.0	0.0	0.0	0.0	0.0
YML120C	0.0	0.0	0.0	0.0	0.0	0.0	0.0	0.0	0.0	-2.1	0.0	0.0	0.0	0.0	0.0	0.0	0.0	0.0
YMR021C	0.0	0.0	0.0	0.0	0.0	0.0	0.0	0.0	-1.4	0.0	0.0	0.0	0.0	0.0	-2.7	0.0	0.0	0.0
YMR023C	0.0	0.0	0.0	0.0	0.0	0.0	0.0	0.0	0.0	-3.0	0.0	0.0	0.0	0.0	0.0	0.0	0.0	0.0
YMR065W	0.0	0.0	0.0	0.0	0.0	0.0	0.0	0.0	0.0	1.9	0.0	0.0	0.0	0.0	0.0	0.0	0.0	0.0
YMR103C	0.0	0.0	0.0	0.0	0.0	0.0	1.8	2.1	2.1	2.2	0.0	0.0	0.0	0.0	0.0	0.0	0.0	0.0
YMR123W	0.0	0.0	0.0	0.0	0.0	0.0	0.0	0.0	-1.4	0.0	0.0	0.0	0.0	0.0	0.0	0.0	0.0	0.0
YMR133W	0.0	0.0	0.0	0.0	0.0	0.0	0.0	1.2	1.3	0.0	0.0	0.0	0.0	0.0	0.0	0.0	0.0	0.0
YMR135W-A	0.0	0.0	0.0	0.0	0.0	0.0	0.0	0.0	0.0	-2.5	0.0	0.0	0.0	0.0	0.0	2.6	0.0	1.6
YMR152W	0.0	0.0	0.0	0.0	0.0	0.0	0.0	0.0	1.1	0.0	0.0	0.0	0.0	0.0	0.0	0.0	0.0	0.0
YMR153C-A	0.0	0.0	0.0	0.0	0.0	0.0	0.0	0.0	0.0	0.0	-1.2	-1.2	0.0	0.0	0.0	0.0	-1.5	0.0
YMR177W	0.0	0.0	0.0	0.0	0.0	0.0	0.0	0.0	0.0	2.5	0.0	0.0	0.0	0.0	0.0	0.0	0.0	0.0
YMR180C	0.0	0.0	0.0	0.0	0.0	0.0	0.0	0.0	0.0	-1.8	0.0	0.0	0.0	0.0	0.0	0.0	0.0	0.0
YMR188C	0.0	0.0	0.0	0.0	0.0	0.0	0.0	0.0	0.0	0.0	0.0	1.7	0.0	0.0	0.0	0.0	0.0	2.0
YMR234W	0.0	0.0	0.0	0.0	0.0	0.0	0.0	0.0	0.0	-2.2	0.0	0.0	0.0	0.0	0.0	0.0	0.0	0.0
YMR261C	0.0	0.0	0.0	0.0	0.0	0.0	2.1	2.3	2.3	0.0	0.0	0.0	0.0	0.0	2.4	2.6	0.0	0.0
YMR276W	0.0	0.0	0.0	0.0	0.0	0.0	0.0	0.0	0.0	-1.7	0.0	0.0	0.0	0.0	0.0	0.0	0.0	0.0
YMR278W	0.0	0.0	0.0	0.0	0.0	0.0	0.0	0.0	0.0	0.0	-1.4	0.0	0.0	0.0	0.0	0.0	0.0	0.0
YNL013C	0.0	0.0	0.0	0.0	0.0	0.0	0.0	0.0	0.0	-2.5	0.0	0.0	0.0	0.0	0.0	0.0	0.0	0.0
YNL070W	0.0	0.0	0.0	0.0	0.0	0.0	0.0	0.0	0.0	2.8	0.0	0.0	0.0	0.0	0.0	0.0	0.0	0.0
YNL094W	0.0	0.0	0.0	0.0	0.0	0.0	0.0	0.0	0.0	1.9	0.0	0.0	0.0	0.0	0.0	0.0	0.0	0.0
YNL105W	0.0	0.0	0.0	0.0	0.0	0.0	0.0	0.0	0.0	0.0	1.2	1.4	0.0	0.0	0.0	0.0	1.5	1.4
YNL108C	0.0	0.0	0.0	0.0	0.0	0.0	0.0	0.0	0.0	0.0	1.6	0.0	0.0	0.0	0.0	0.0	0.0	0.0
YNL109W	0.0	0.0	0.0	0.0	0.0	0.0	0.0	0.0	0.0	0.0	0.0	1.7	0.0	0.0	0.0	2.0	1.7	1.9
YNL119W	0.0	0.0	0.0	0.0	0.0	0.0	0.0	0.0	0.0	0.0	0.0	2.4	0.0	0.0	0.0	0.0	0.0	3.2
YNL123W	0.0	0.0	0.0	0.0	0.0	0.0	1.4	0.0	1.6	0.0	0.0	0.0	0.0	0.0	0.0	2.4	2.2	0.0
YNL125C	0.0	0.0	0.0	0.0	0.0	0.0	0.0	0.0	0.0	2.5	0.0	0.0	0.0	0.0	0.0	0.0	0.0	0.0
YNL187W	0.0	0.0	0.0	0.0	0.0	0.0	0.0	1.5	1.5	3.1	0.0	0.0	0.0	0.0	0.0	0.0	0.0	0.0
YNL212W	0.0	0.0	0.0	0.0	0.0	0.0	0.0	0.0	0.0	3.5	0.0	0.0	0.0	0.0	0.0	0.0	0.0	0.0
YNL231C	0.0	0.0	0.0	0.0	0.0	0.0	0.0	0.0	0.0	0.0	0.0	-2.2	0.0	0.0	0.0	0.0	0.0	0.0
YNL264C	0.0	0.0	0.0	0.0	0.0	0.0	0.0	2.0	1.8	2.4	2.6	2.5	0.0	0.0	0.0	4.2	3.2	3.1
YNL292W	0.0	0.0	0.0	0.0	0.0	0.0	0.0	0.0	0.0	-3.9	0.0	0.0	0.0	0.0	0.0	0.0	0.0	0.0
YNL311C	0.0	0.0	0.0	0.0	0.0	0.0	0.0	0.0	0.0	-2.0	0.0	0.0	0.0	0.0	0.0	0.0	0.0	0.0
YNL314W	0.0	0.0	0.0	0.0	0.0	0.0	0.0	0.0	0.0	-3.3	0.0	0.0	0.0	0.0	0.0	0.0	0.0	0.0
YNL325C	0.0	0.0	0.0	0.0	0.0	0.0	0.0	0.0	0.0	2.4	0.0	0.0	0.0	0.0	0.0	0.0	0.0	0.0
YNL338W	0.0	0.0	0.0	0.0	0.0	0.0	0.0	0.0	0.0	-1.5	0.0	0.0	0.0	0.0	0.0	2.0	0.0	0.0
YOL013W-A	0.0	0.0	0.0	0.0	0.0	0.0	1.9	1.7	1.7	0.0	0.0	0.0	0.0	0.0	0.0	0.0	0.0	0.0
YOL104C	0.0	0.0	0.0	0.0	0.0	0.0	0.0	0.0	0.0	-3.0	0.0	0.0	0.0	0.0	0.0	0.0	0.0	0.0
YOL131W	0.0	0.0	0.0	0.0	0.0	0.0	0.0	0.0	0.0	1.7	0.0	0.0	0.0	0.0	0.0	0.0	0.0	0.0
YOR012W	0.0	0.0	0.0	0.0	0.0	0.0	0.0	0.0	0.0	0.0	-1.2	-1.3	0.0	0.0	0.0	0.0	0.0	0.0
YOR017W	0.0	0.0	0.0	0.0	0.0	0.0	0.0	0.0	0.0	-1.6	0.0	0.0	0.0	0.0	0.0	0.0	0.0	0.0
YOR036W	0.0	0.0	0.0	0.0	0.0	0.0	0.0	0.0	-2.9	0.0	0.0	0.0	0.0	0.0	0.0	0.0	0.0	0.0
YOR043W	0.0	0.0	0.0	0.0	0.0	0.0	0.0	0.0	0.0	0.0	0.0	1.3	0.0	0.0	0.0	0.0	0.0	0.0
YOR044W	0.0	0.0	0.0	0.0	0.0	0.0	0.0	1.7	0.0	0.0	1.5	1.6	0.0	0.0	1.5	0.0	0.0	0.0
YOR054C	0.0	0.0	0.0	0.0	0.0	0.0	0.0	0.0	0.0	3.1	2.9	3.1	0.0	0.0	0.0	2.7	3.3	0.0
YOR068C	0.0	0.0	0.0	0.0	0.0	0.0	0.0	0.0	-1.3	0.0	0.0	0.0	0.0	0.0	-1.4	0.0	0.0	0.0
YOR106W	0.0	0.0	0.0	0.0	0.0	0.0	3.0	2.9	2.0	0.0	0.0	0.0	0.0	0.0	0.0	0.0	0.0	0.0
YOR120W	0.0	0.0	0.0	0.0	0.0	0.0	0.0	0.0	0.0	0.0	1.4	0.0	0.0	0.0	0.0	0.0	0.0	0.0
YOR124C	0.0	0.0	0.0	0.0	0.0	0.0	0.0	0.0	1.3	0.0	0.0	1.5	0.0	0.0	0.0	0.0	0.0	0.0
YOR132W	0.0	0.0	0.0	0.0	0.0	0.0	0.0	0.0	0.0	0.0	0.0	-1.8	0.0	0.0	0.0	0.0	0.0	0.0
YOR141C	0.0	0.0	0.0	0.0	0.0	0.0	0.0	0.0	0.0	0.0	-2.6	0.0	0.0	0.0	0.0	0.0	0.0	0.0
YOR153W	0.0	0.0	0.0	0.0	0.0	0.0	0.0	0.0	0.0	-3.0	0.0	0.0	0.0	0.0	0.0	0.0	0.0	0.0
YOR164C	0.0	0.0	0.0	0.0	0.0	0.0	0.0	0.0	0.0	0.0	0.0	-1.7	0.0	0.0	0.0	0.0	0.0	0.0
YOR172W	0.0	0.0	0.0	0.0	0.0	0.0	0.0	0.0	0.0	-2.2	0.0	0.0	0.0	0.0	0.0	0.0	0.0	0.0
YOR183W	0.0	0.0	0.0	0.0	0.0	0.0	1.7	0.0	1.6	0.0	0.0	0.0	0.0	0.0	0.0	0.0	0.0	0.0
YOR201C	0.0	0.0	0.0	0.0	0.0	0.0	1.8	1.7	1.5	0.0	0.0	0.0	0.0	0.0	0.0	0.0	0.0	2.4
YOR215C	0.0	0.0	0.0	0.0	0.0	0.0	0.0	0.0	0.0	-3.0	0.0	0.0	0.0	0.0	0.0	0.0	0.0	0.0
YOR233W	0.0	0.0	0.0	0.0	0.0	0.0	0.0	0.0	0.0	-3.1	0.0	0.0	0.0	0.0	0.0	0.0	0.0	0.0
YOR297C	0.0	0.0	0.0	0.0	0.0	0.0	0.0	0.0	0.0	0.0	0.0	-2.15	0.0	0.0	0.0	0.0	0.0	0.0
YOR322C	0.0	0.0	0.0	0.0	0.0	0.0	0.0	0.0	0.0	0.0	0.0	-2.85	0.0	0.0	0.0	0.0	0.0	0.0
YOR331C	0.0	0.0	0.0	0.0	0.0	0.0	-2.1	-2.2	-2.1	0.0	0.0	0.0	-2.3	0.0	0.0	0.0	0.0	0.0
YPL029W	0.0	0.0	0.0	0.0	0.0	0.0	2.0	2.3	0.0	0.0	0.0	0.0	0.0	0.0	0.0	0.0	0.0	0.0
YPL033C	0.0	0.0	0.0	0.0	0.0	0.0	0.0	0.0	0.0	-2.5	0.0	0.0	0.0	0.0	0.0	0.0	0.0	0.0
YPL060W	0.0	0.0	0.0	0.0	0.0	0.0	0.0	0.0	0.0	0.0	-2.2	0.0	0.0	0.0	0.0	0.0	0.0	0.0
YPL096W	0.0	0.0	0.0	0.0	0.0	0.0	0.0	0.0	0.0	2.3	0.0	0.0	0.0	0.0	0.0	0.0	0.0	0.0
YPL105C	0.0	0.0	0.0	0.0	0.0	0.0	0.0	0.0	0.0	-2.3	0.0	0.0	0.0	0.0	0.0	0.0	0.0	0.0
YPL108W	0.0	0.0	0.0	0.0	0.0	0.0	0.0	0.0	0.0	2.0	0.0	0.0	0.0	0.0	0.0	0.0	0.0	0.0
YPL120W	0.0	0.0	0.0	0.0	0.0	0.0	0.0	0.0	0.0	0.0	0.0	-1.6	0.0	0.0	0.0	0.0	0.0	0.0
YPL140C	0.0	0.0	0.0	0.0	0.0	0.0	0.0	1.5	1.5	0.0	0.0	0.0	0.0	0.0	1.7	0.0	0.0	0.0
YPL149W	0.0	0.0	0.0	0.0	0.0	0.0	0.0	0.0	0.0	-2.2	0.0	0.0	0.0	0.0	0.0	0.0	0.0	0.0
YPL156C	0.0	0.0	0.0	0.0	0.0	0.0	0.0	0.0	0.0	-3.4	0.0	0.0	0.0	0.0	0.0	0.0	0.0	0.0
YPL170W	0.0	0.0	0.0	0.0	0.0	0.0	0.0	0.0	0.0	0.0	-3.6	-4.95	0.0	0.0	0.0	0.0	0.0	-3.5
YPL171C	0.0	0.0	0.0	0.0	0.0	0.0	0.0	0.0	0.0	-3.9	0.0	0.0	0.0	0.0	0.0	0.0	0.0	0.0
YPL179W	0.0	0.0	0.0	0.0	0.0	0.0	0.0	0.0	0.0	0.0	-1.3	-1.5	0.0	0.0	0.0	0.0	0.0	0.0
YPL230W	0.0	0.0	0.0	0.0	0.0	0.0	-1.2	-1.2	-1.1	0.0	0.0	0.0	0.0	0.0	0.0	0.0	0.0	0.0
YPL245W	0.0	0.0	0.0	0.0	0.0	0.0	0.0	0.0	0.0	-1.6	0.0	0.0	0.0	0.0	0.0	0.0	0.0	0.0
YPL265W	0.0	0.0	0.0	0.0	0.0	0.0	0.0	0.0	0.0	0.0	0.0	1.2	0.0	0.0	0.0	0.0	0.0	0.0
YPR014C	0.0	0.0	0.0	0.0	0.0	0.0	0.0	0.0	0.0	-2.8	0.0	0.0	0.0	0.0	0.0	0.0	0.0	0.0
YPR044C	0.0	0.0	0.0	0.0	0.0	0.0	0.0	2.4	0.0	0.0	0.0	0.0	0.0	0.0	0.0	0.0	0.0	0.0
YPR049C	0.0	0.0	0.0	0.0	0.0	0.0	1.4	1.5	1.5	0.0	0.0	0.0	0.0	0.0	0.0	0.0	0.0	0.0
YPR054W	0.0	0.0	0.0	0.0	0.0	0.0	0.0	0.0	0.0	-3.2	0.0	0.0	0.0	0.0	0.0	0.0	0.0	0.0
YPR076W	0.0	0.0	0.0	0.0	0.0	0.0	-1.8	-1.8	-1.7	-2.9	0.0	0.0	0.0	0.0	0.0	0.0	0.0	0.0
YPR079W	0.0	0.0	0.0	0.0	0.0	0.0	0.0	0.0	0.0	-1.7	0.0	0.0	0.0	0.0	0.0	0.0	0.0	0.0
YPR083W	0.0	0.0	0.0	0.0	0.0	0.0	0.0	0.0	0.0	-2.4	0.0	0.0	0.0	0.0	0.0	0.0	0.0	0.0
YPR089W	0.0	0.0	0.0	0.0	0.0	0.0	0.0	0.0	0.0	-2.9	0.0	0.0	0.0	0.0	0.0	0.0	0.0	0.0
YPR092W	0.0	0.0	0.0	0.0	0.0	0.0	0.0	0.0	0.0	-2.8	0.0	0.0	0.0	0.0	0.0	0.0	0.0	0.0
YPR122W	0.0	0.0	0.0	0.0	0.0	0.0	0.0	0.0	0.0	0.0	1.3	0.0	0.0	0.0	0.0	0.0	0.0	0.0
YPR139C	0.0	0.0	0.0	0.0	0.0	0.0	0.0	1.8	1.8	0.0	0.0	0.0	0.0	0.0	0.0	0.0	0.0	0.0
YPR157W	0.0	0.0	0.0	0.0	0.0	0.0	0.0	1.7	1.7	0.0	0.0	0.0	0.0	0.0	0.0	0.0	0.0	0.0
YPR173C	0.0	0.0	0.0	0.0	0.0	0.0	0.0	0.0	0.0	0.0	0.0	-3.1	0.0	0.0	0.0	0.0	0.0	0.0
YPR188C	0.0	0.0	0.0	0.0	0.0	0.0	0.0	0.0	0.0	-2.5	0.0	0.0	0.0	0.0	0.0	0.0	0.0	0.0
YPR192W	0.0	0.0	0.0	0.0	0.0	0.0	0.0	0.0	0.0	-2.4	0.0	0.0	0.0	0.0	0.0	0.0	0.0	0.0
YAL005C	0.0	0.0	0.0	0.0	0.0	0.0	0.0	0.0	0.0	0.0	0.0	0.0	0.0	0.0	0.0	0.0	0.0	-1.9
YAL009W	0.0	0.0	0.0	0.0	0.0	0.0	0.0	0.0	0.0	0.0	0.0	0.0	0.0	0.0	0.0	0.0	0.0	-2.8
YBL010C	0.0	0.0	0.0	0.0	0.0	0.0	0.0	0.0	0.0	0.0	0.0	0.0	0.0	0.0	0.0	2.4	0.0	0.0
YBL013W	0.0	0.0	0.0	0.0	0.0	0.0	0.0	0.0	0.0	0.0	0.0	0.0	0.0	0.0	0.0	2.6	0.0	0.0
YBL038W	0.0	0.0	0.0	0.0	0.0	0.0	0.0	0.0	0.0	0.0	0.0	0.0	0.0	0.0	0.0	0.0	0.0	3.05
YBL071C	0.0	0.0	0.0	0.0	0.0	0.0	0.0	0.0	0.0	0.0	0.0	0.0	0.0	0.0	0.0	0.0	0.0	2.4
YBL087C	0.0	0.0	0.0	0.0	0.0	0.0	0.0	0.0	0.0	0.0	0.0	0.0	0.0	0.0	2.1	0.0	0.0	0.0
YBL090W	0.0	0.0	0.0	0.0	0.0	0.0	0.0	0.0	0.0	0.0	0.0	0.0	0.0	0.0	0.0	0.0	0.0	3.8
YBL093C	0.0	0.0	0.0	0.0	0.0	0.0	0.0	0.0	0.0	0.0	0.0	0.0	-3.1	0.0	0.0	0.0	0.0	0.0
YBR008C	0.0	0.0	0.0	0.0	0.0	0.0	0.0	0.0	0.0	0.0	0.0	0.0	0.0	0.0	0.0	2.8	0.0	0.0
YBR015C	0.0	0.0	0.0	0.0	0.0	0.0	0.0	0.0	0.0	0.0	0.0	0.0	0.0	0.0	0.0	3.3	0.0	0.0
YBR024W	0.0	0.0	0.0	0.0	0.0	0.0	0.0	0.0	0.0	0.0	0.0	0.0	0.0	0.0	0.0	2.1	1.9	0.0
YBR031W	0.0	0.0	0.0	0.0	0.0	0.0	0.0	0.0	0.0	0.0	0.0	0.0	0.0	0.0	0.0	2.1	0.0	0.0
YBR058C	0.0	0.0	0.0	0.0	0.0	0.0	0.0	0.0	0.0	0.0	0.0	0.0	0.0	0.0	0.0	1.9	0.0	0.0
YBR084C-A	0.0	0.0	0.0	0.0	0.0	0.0	0.0	0.0	0.0	0.0	0.0	0.0	0.0	0.0	0.0	2.4	0.0	0.0
YBR084W	0.0	0.0	0.0	0.0	0.0	0.0	0.0	0.0	0.0	0.0	0.0	0.0	0.0	0.0	0.0	4.2	0.0	0.0
YBR103W	0.0	0.0	0.0	0.0	0.0	0.0	0.0	0.0	0.0	0.0	0.0	0.0	0.0	0.0	0.0	2.0	0.0	2.55
YBR107C	0.0	0.0	0.0	0.0	0.0	0.0	0.0	0.0	0.0	0.0	0.0	0.0	0.0	0.0	0.0	2.9	0.0	0.0
YBR162C	0.0	0.0	0.0	0.0	0.0	0.0	0.0	0.0	0.0	0.0	0.0	0.0	0.0	0.0	0.0	2.2	0.0	0.0
YBR172C	0.0	0.0	0.0	0.0	0.0	0.0	0.0	0.0	0.0	0.0	0.0	0.0	0.0	0.0	0.0	3.9	0.0	0.0
YBR210W	0.0	0.0	0.0	0.0	0.0	0.0	0.0	0.0	0.0	0.0	0.0	0.0	0.0	0.0	0.0	2.3	0.0	0.0
YBR216C	0.0	0.0	0.0	0.0	0.0	0.0	0.0	0.0	0.0	0.0	0.0	0.0	0.0	0.0	0.0	0.0	-4.5	-4.4
YBR219C	0.0	0.0	0.0	0.0	0.0	0.0	0.0	0.0	0.0	0.0	0.0	0.0	0.0	0.0	0.0	2.2	0.0	0.0
YBR231C	0.0	0.0	0.0	0.0	0.0	0.0	0.0	0.0	0.0	0.0	0.0	0.0	0.0	0.0	0.0	2.1	0.0	0.0
YBR251W	0.0	0.0	0.0	0.0	0.0	0.0	0.0	0.0	0.0	0.0	0.0	0.0	0.0	0.0	0.0	0.0	0.0	3.2
YBR269C	0.0	0.0	0.0	0.0	0.0	0.0	0.0	0.0	0.0	0.0	0.0	0.0	0.0	0.0	0.0	1.9	0.0	0.0
YBR279W	0.0	0.0	0.0	0.0	0.0	0.0	0.0	0.0	0.0	0.0	0.0	0.0	-2.2	0.0	0.0	0.0	0.0	0.0
YCL001W-A	0.0	0.0	0.0	0.0	0.0	0.0	0.0	0.0	0.0	0.0	0.0	0.0	0.0	0.0	0.0	0.0	0.0	-2.5
YCR022C	0.0	0.0	0.0	0.0	0.0	0.0	0.0	0.0	0.0	0.0	0.0	0.0	0.0	0.0	0.0	2.2	2.5	2.5
YCR107W	0.0	0.0	0.0	0.0	0.0	0.0	0.0	0.0	0.0	0.0	0.0	0.0	0.0	0.0	0.0	2.2	0.0	0.0
YDL044C	0.0	0.0	0.0	0.0	0.0	0.0	0.0	0.0	0.0	0.0	0.0	0.0	0.0	0.0	0.0	0.0	0.0	2.5
YDL138W	0.0	0.0	0.0	0.0	0.0	0.0	0.0	0.0	0.0	0.0	0.0	0.0	0.0	0.0	0.0	2.1	0.0	0.0
YDL160C	0.0	0.0	0.0	0.0	0.0	0.0	0.0	0.0	0.0	0.0	0.0	0.0	-2.5	0.0	-3.0	0.0	0.0	0.0
YDL175C	0.0	0.0	0.0	0.0	0.0	0.0	0.0	0.0	0.0	0.0	0.0	0.0	0.0	0.0	0.0	3.3	0.0	0.0
YDL200C	0.0	0.0	0.0	0.0	0.0	0.0	0.0	0.0	0.0	0.0	0.0	0.0	0.0	0.0	0.0	2.5	0.0	0.0
YDL214C	0.0	0.0	0.0	0.0	0.0	0.0	0.0	0.0	0.0	0.0	0.0	0.0	1.6	0.0	0.0	0.0	0.0	0.0
YDR069C	0.0	0.0	0.0	0.0	0.0	0.0	0.0	0.0	0.0	0.0	0.0	0.0	-3.5	0.0	0.0	0.0	0.0	0.0
YDR122W	0.0	0.0	0.0	0.0	0.0	0.0	0.0	0.0	0.0	0.0	0.0	0.0	0.0	0.0	0.0	3.8	0.0	0.0
YDR144C	0.0	0.0	0.0	0.0	0.0	0.0	0.0	0.0	0.0	0.0	0.0	0.0	0.0	0.0	0.0	2.8	0.0	0.0
YDR193W	0.0	0.0	0.0	0.0	0.0	0.0	0.0	0.0	0.0	0.0	0.0	0.0	0.0	0.0	0.0	2.4	0.0	0.0
YDR200C	0.0	0.0	0.0	0.0	0.0	0.0	0.0	0.0	0.0	0.0	0.0	0.0	0.0	0.0	-2.2	0.0	0.0	0.0
YDR248C	0.0	0.0	0.0	0.0	0.0	0.0	0.0	0.0	0.0	0.0	0.0	0.0	0.0	0.0	0.0	2.4	0.0	0.0
YDR251W	0.0	0.0	0.0	0.0	0.0	0.0	0.0	0.0	0.0	0.0	0.0	0.0	0.0	0.0	1.3	0.0	0.0	0.0
YDR252W	0.0	0.0	0.0	0.0	0.0	0.0	0.0	0.0	0.0	0.0	0.0	0.0	0.0	0.0	0.0	2.5	2.1	0.0
YDR255C	0.0	0.0	0.0	0.0	0.0	0.0	0.0	0.0	0.0	0.0	0.0	0.0	0.0	0.0	0.0	1.8	0.0	0.0
YDR258C	0.0	0.0	0.0	0.0	0.0	0.0	0.0	0.0	0.0	0.0	0.0	0.0	0.0	0.0	0.0	2.1	0.0	0.0
YDR268W	0.0	0.0	0.0	0.0	0.0	0.0	0.0	0.0	0.0	0.0	0.0	0.0	0.0	0.0	0.0	0.0	0.0	2.9
YDR269C	0.0	0.0	0.0	0.0	0.0	0.0	0.0	0.0	0.0	0.0	0.0	0.0	0.0	0.0	0.0	2.6	0.0	0.0
YDR271C	0.0	0.0	0.0	0.0	0.0	0.0	0.0	0.0	0.0	0.0	0.0	0.0	0.0	0.0	0.0	2.2	0.0	0.0
YDR285W	0.0	0.0	0.0	0.0	0.0	0.0	0.0	0.0	0.0	0.0	0.0	0.0	0.0	0.0	2.0	4.3	0.0	0.0
YDR286C	0.0	0.0	0.0	0.0	0.0	0.0	0.0	0.0	0.0	0.0	0.0	0.0	0.0	0.0	0.0	2.3	0.0	0.0
YDR298C	0.0	0.0	0.0	0.0	0.0	0.0	0.0	0.0	0.0	0.0	0.0	0.0	0.0	0.0	0.0	0.0	0.0	3.4
YDR321W	0.0	0.0	0.0	0.0	0.0	0.0	0.0	0.0	0.0	0.0	0.0	0.0	0.0	0.0	0.0	2.0	1.9	2.0
YDR333C	0.0	0.0	0.0	0.0	0.0	0.0	0.0	0.0	0.0	0.0	0.0	0.0	0.0	0.0	0.0	2.4	0.0	0.0
YDR337W	0.0	0.0	0.0	0.0	0.0	0.0	0.0	0.0	0.0	0.0	0.0	0.0	0.0	0.0	0.0	0.0	2.0	2.85
YDR338C	0.0	0.0	0.0	0.0	0.0	0.0	0.0	0.0	0.0	0.0	0.0	0.0	0.0	0.0	0.0	0.0	0.0	1.5
YDR340W	0.0	0.0	0.0	0.0	0.0	0.0	0.0	0.0	0.0	0.0	0.0	0.0	0.0	0.0	0.0	3.8	0.0	0.0
YDR347W	0.0	0.0	0.0	0.0	0.0	0.0	0.0	0.0	0.0	0.0	0.0	0.0	0.0	0.0	0.0	0.0	0.0	2.75
YDR360W	0.0	0.0	0.0	0.0	0.0	0.0	0.0	0.0	0.0	0.0	0.0	0.0	0.0	0.0	0.0	2.0	0.0	0.0
YDR370C	0.0	0.0	0.0	0.0	0.0	0.0	0.0	0.0	0.0	0.0	0.0	0.0	0.0	0.0	0.0	2.5	0.0	0.0
YDR391C	0.0	0.0	0.0	0.0	0.0	0.0	0.0	0.0	0.0	0.0	0.0	0.0	0.0	0.0	0.0	2.1	0.0	2.6
YDR405W	0.0	0.0	0.0	0.0	0.0	0.0	0.0	0.0	0.0	0.0	0.0	0.0	0.0	0.0	0.0	2.1	0.0	0.0
YDR424C	0.0	0.0	0.0	0.0	0.0	0.0	0.0	0.0	0.0	0.0	0.0	0.0	0.0	0.0	0.0	0.0	0.0	1.6
YDR430C	0.0	0.0	0.0	0.0	0.0	0.0	0.0	0.0	0.0	0.0	0.0	0.0	0.0	0.0	0.0	0.0	1.9	2.2
YDR440W	0.0	0.0	0.0	0.0	0.0	0.0	0.0	0.0	0.0	0.0	0.0	0.0	0.0	0.0	0.0	0.0	0.0	1.9
YDR461W	0.0	0.0	0.0	0.0	0.0	0.0	0.0	0.0	0.0	0.0	0.0	0.0	0.0	0.0	0.0	2.3	0.0	0.0
YDR496C	0.0	0.0	0.0	0.0	0.0	0.0	0.0	0.0	0.0	0.0	0.0	0.0	0.0	0.0	0.0	2.5	2.2	0.0
YEL010W	0.0	0.0	0.0	0.0	0.0	0.0	0.0	0.0	0.0	0.0	0.0	0.0	0.0	0.0	0.0	3.8	0.0	0.0
YEL050C	0.0	0.0	0.0	0.0	0.0	0.0	0.0	0.0	0.0	0.0	0.0	0.0	0.0	0.0	0.0	0.0	0.0	2.85
YEL065W	0.0	0.0	0.0	0.0	0.0	0.0	0.0	0.0	0.0	0.0	0.0	0.0	0.0	0.0	0.0	0.0	0.0	-2.1
YER042W	0.0	0.0	0.0	0.0	0.0	0.0	0.0	0.0	0.0	0.0	0.0	0.0	0.0	0.0	0.0	2.2	0.0	0.0
YER050C	0.0	0.0	0.0	0.0	0.0	0.0	0.0	0.0	0.0	0.0	0.0	0.0	0.0	0.0	0.0	0.0	0.0	2.8
YER077C	0.0	0.0	0.0	0.0	0.0	0.0	0.0	0.0	0.0	0.0	0.0	0.0	0.0	0.0	0.0	0.0	0.0	2.9
YER087W	0.0	0.0	0.0	0.0	0.0	0.0	0.0	0.0	0.0	0.0	0.0	0.0	0.0	0.0	0.0	0.0	0.0	3.0
YER088C	0.0	0.0	0.0	0.0	0.0	0.0	0.0	0.0	0.0	0.0	0.0	0.0	0.0	0.0	0.0	2.2	0.0	0.0
YER092W	0.0	0.0	0.0	0.0	0.0	0.0	0.0	0.0	0.0	0.0	0.0	0.0	0.0	0.0	0.0	2.3	0.0	1.7
YER103W	0.0	0.0	0.0	0.0	0.0	0.0	0.0	0.0	0.0	0.0	0.0	0.0	0.0	0.0	0.0	2.1	0.0	0.0
YER122C	0.0	0.0	0.0	0.0	0.0	0.0	0.0	0.0	0.0	0.0	0.0	0.0	0.0	0.0	0.0	0.0	0.0	2.5
YFL007W	0.0	0.0	0.0	0.0	0.0	0.0	0.0	0.0	0.0	0.0	0.0	0.0	0.0	0.0	0.0	2.1	0.0	0.0
YFL013C	0.0	0.0	0.0	0.0	0.0	0.0	0.0	0.0	0.0	0.0	0.0	0.0	0.0	0.0	0.0	0.0	0.0	2.8
YFL036W	0.0	0.0	0.0	0.0	0.0	0.0	0.0	0.0	0.0	0.0	0.0	0.0	0.0	0.0	0.0	0.0	0.0	2.7
YFR024C-A	0.0	0.0	0.0	0.0	0.0	0.0	0.0	0.0	0.0	0.0	0.0	0.0	0.0	0.0	0.0	2.3	0.0	0.0
YFR048W	0.0	0.0	0.0	0.0	0.0	0.0	0.0	0.0	0.0	0.0	0.0	0.0	0.0	2.3	0.0	0.0	0.0	0.0
YGL016W	0.0	0.0	0.0	0.0	0.0	0.0	0.0	0.0	0.0	0.0	0.0	0.0	0.0	0.0	0.0	0.0	0.0	1.8
YGL020C	0.0	0.0	0.0	0.0	0.0	0.0	0.0	0.0	0.0	0.0	0.0	0.0	2.8	0.0	0.0	0.0	0.0	0.0
YGL064C	0.0	0.0	0.0	0.0	0.0	0.0	0.0	0.0	0.0	0.0	0.0	0.0	0.0	0.0	0.0	0.0	0.0	2.6
YGL088W	0.0	0.0	0.0	0.0	0.0	0.0	0.0	0.0	0.0	0.0	0.0	0.0	0.0	0.0	0.0	3.7	0.0	0.0
YGL090W	0.0	0.0	0.0	0.0	0.0	0.0	0.0	0.0	0.0	0.0	0.0	0.0	0.0	0.0	0.0	2.3	0.0	0.0
YGL146C	0.0	0.0	0.0	0.0	0.0	0.0	0.0	0.0	0.0	0.0	0.0	0.0	0.0	0.0	0.0	0.0	0.0	-1.7
YGL148W	0.0	0.0	0.0	0.0	0.0	0.0	0.0	0.0	0.0	0.0	0.0	0.0	0.0	0.0	-1.3	0.0	-2.6	-3.05
YGL168W	0.0	0.0	0.0	0.0	0.0	0.0	0.0	0.0	0.0	0.0	0.0	0.0	0.0	0.0	-1.6	0.0	0.0	0.0
YGL199C	0.0	0.0	0.0	0.0	0.0	0.0	0.0	0.0	0.0	0.0	0.0	0.0	0.0	0.0	0.0	2.6	0.0	0.0
YGL215W	0.0	0.0	0.0	0.0	0.0	0.0	0.0	0.0	0.0	0.0	0.0	0.0	0.0	0.0	0.0	2.0	0.0	2.3
YGL220W	0.0	0.0	0.0	0.0	0.0	0.0	0.0	0.0	0.0	0.0	0.0	0.0	0.0	0.0	0.0	1.9	0.0	0.0
YGL241W	0.0	0.0	0.0	0.0	0.0	0.0	0.0	0.0	0.0	0.0	0.0	0.0	0.0	0.0	0.0	2.0	0.0	0.0
YGL261C	0.0	0.0	0.0	0.0	0.0	0.0	0.0	0.0	0.0	0.0	0.0	0.0	0.0	0.0	0.0	2.4	0.0	0.0
YGR043C	0.0	0.0	0.0	0.0	0.0	0.0	0.0	0.0	0.0	0.0	0.0	0.0	0.0	0.0	0.0	2.0	0.0	0.0
YGR052W	0.0	0.0	0.0	0.0	0.0	0.0	0.0	0.0	0.0	0.0	0.0	0.0	0.0	0.0	0.0	2.8	0.0	0.0
YGR053C	0.0	0.0	0.0	0.0	0.0	0.0	0.0	0.0	0.0	0.0	0.0	0.0	0.0	0.0	0.0	2.9	0.0	0.0
YGR058W	0.0	0.0	0.0	0.0	0.0	0.0	0.0	0.0	0.0	0.0	0.0	0.0	0.0	0.0	0.0	2.7	2.0	2.4
YGR102C	0.0	0.0	0.0	0.0	0.0	0.0	0.0	0.0	0.0	0.0	0.0	0.0	0.0	0.0	0.0	0.0	0.0	2.45
YGR108W	0.0	0.0	0.0	0.0	0.0	0.0	0.0	0.0	0.0	0.0	0.0	0.0	0.0	0.0	0.0	2.1	0.0	0.0
YGR121C	0.0	0.0	0.0	0.0	0.0	0.0	0.0	0.0	0.0	0.0	0.0	0.0	0.0	0.0	0.0	2.8	0.0	0.0
YGR133W	0.0	0.0	0.0	0.0	0.0	0.0	0.0	0.0	0.0	0.0	0.0	0.0	0.0	0.0	0.0	2.2	0.0	0.0
YGR143W	0.0	0.0	0.0	0.0	0.0	0.0	0.0	0.0	0.0	0.0	0.0	0.0	0.0	0.0	0.0	2.8	0.0	0.0
YGR215W	0.0	0.0	0.0	0.0	0.0	0.0	0.0	0.0	0.0	0.0	0.0	0.0	0.0	0.0	0.0	0.0	0.0	2.7
YGR220C	0.0	0.0	0.0	0.0	0.0	0.0	0.0	0.0	0.0	0.0	0.0	0.0	0.0	0.0	0.0	0.0	0.0	2.4
YGR229C	0.0	0.0	0.0	0.0	0.0	0.0	0.0	0.0	0.0	0.0	0.0	0.0	-2.9	0.0	0.0	0.0	0.0	0.0
YGR276C	0.0	0.0	0.0	0.0	0.0	0.0	0.0	0.0	0.0	0.0	0.0	0.0	0.0	0.0	0.0	0.0	0.0	2.4
YHL002W	0.0	0.0	0.0	0.0	0.0	0.0	0.0	0.0	0.0	0.0	0.0	0.0	0.0	0.0	0.0	2.3	0.0	0.0
YHL046C	0.0	0.0	0.0	0.0	0.0	0.0	0.0	0.0	0.0	0.0	0.0	0.0	0.0	0.0	-1.1	0.0	0.0	0.0
YHR004C	0.0	0.0	0.0	0.0	0.0	0.0	0.0	0.0	0.0	0.0	0.0	0.0	0.0	0.0	0.0	0.0	0.0	-2.5
YHR095W	0.0	0.0	0.0	0.0	0.0	0.0	0.0	0.0	0.0	0.0	0.0	0.0	0.0	0.0	0.0	2.4	0.0	0.0
YHR105W	0.0	0.0	0.0	0.0	0.0	0.0	0.0	0.0	0.0	0.0	0.0	0.0	0.0	0.0	0.0	1.9	0.0	0.0
YHR106W	0.0	0.0	0.0	0.0	0.0	0.0	0.0	0.0	0.0	0.0	0.0	0.0	0.0	0.0	0.0	2.2	0.0	0.0
YHR108W	0.0	0.0	0.0	0.0	0.0	0.0	0.0	0.0	0.0	0.0	0.0	0.0	0.0	0.0	0.0	2.0	0.0	0.0
YHR111W	0.0	0.0	0.0	0.0	0.0	0.0	0.0	0.0	0.0	0.0	0.0	0.0	0.0	0.0	0.0	0.0	0.0	2.2
YHR133C	0.0	0.0	0.0	0.0	0.0	0.0	0.0	0.0	0.0	0.0	0.0	0.0	0.0	0.0	0.0	3.4	0.0	0.0
YHR147C	0.0	0.0	0.0	0.0	0.0	0.0	0.0	0.0	0.0	0.0	0.0	0.0	0.0	0.0	0.0	3.05	0.0	0.0
YHR150W	0.0	0.0	0.0	0.0	0.0	0.0	0.0	0.0	0.0	0.0	0.0	0.0	0.0	0.0	0.0	2.4	0.0	0.0
YHR152W	0.0	0.0	0.0	0.0	0.0	0.0	0.0	0.0	0.0	0.0	0.0	0.0	0.0	0.0	0.0	3.0	0.0	0.0
YHR160C	0.0	0.0	0.0	0.0	0.0	0.0	0.0	0.0	0.0	0.0	0.0	0.0	0.0	0.0	0.0	3.3	0.0	0.0
YHR171W	0.0	0.0	0.0	0.0	0.0	0.0	0.0	0.0	0.0	0.0	0.0	0.0	0.0	0.0	0.0	3.5	0.0	0.0
YHR176W	0.0	0.0	0.0	0.0	0.0	0.0	0.0	0.0	0.0	0.0	0.0	0.0	0.0	0.0	0.0	2.4	0.0	0.0
YHR180W	0.0	0.0	0.0	0.0	0.0	0.0	0.0	0.0	0.0	0.0	0.0	0.0	0.0	0.0	0.0	2.0	0.0	0.0
YHR189W	0.0	0.0	0.0	0.0	0.0	0.0	0.0	0.0	0.0	0.0	0.0	0.0	0.0	0.0	0.0	2.5	0.0	0.0
YHR195W	0.0	0.0	0.0	0.0	0.0	0.0	0.0	0.0	0.0	0.0	0.0	0.0	0.0	0.0	0.0	2.4	0.0	0.0
YIL003W	0.0	0.0	0.0	0.0	0.0	0.0	0.0	0.0	0.0	0.0	0.0	0.0	2.6	0.0	0.0	0.0	0.0	0.0
YIL006W	0.0	0.0	0.0	0.0	0.0	0.0	0.0	0.0	0.0	0.0	0.0	0.0	0.0	0.0	0.0	2.5	0.0	0.0
YIL044C	0.0	0.0	0.0	0.0	0.0	0.0	0.0	0.0	0.0	0.0	0.0	0.0	0.0	0.0	0.0	3.7	0.0	0.0
YIL052C	0.0	0.0	0.0	0.0	0.0	0.0	0.0	0.0	0.0	0.0	0.0	0.0	0.0	0.0	0.0	3.3	0.0	0.0
YIL060W	0.0	0.0	0.0	0.0	0.0	0.0	0.0	0.0	0.0	0.0	0.0	0.0	0.0	0.0	0.0	0.0	0.0	1.9
YIL092W	0.0	0.0	0.0	0.0	0.0	0.0	0.0	0.0	0.0	0.0	0.0	0.0	0.0	0.0	0.0	2.6	0.0	0.0
YIL096C	0.0	0.0	0.0	0.0	0.0	0.0	0.0	0.0	0.0	0.0	0.0	0.0	0.0	0.0	0.0	4.1	0.0	0.0
YIL107C	0.0	0.0	0.0	0.0	0.0	0.0	0.0	0.0	0.0	0.0	0.0	0.0	0.0	0.0	0.0	0.0	0.0	1.5
YIL114C	0.0	0.0	0.0	0.0	0.0	0.0	0.0	0.0	0.0	0.0	0.0	0.0	0.0	0.0	0.0	2.0	0.0	0.0
YIL152W	0.0	0.0	0.0	0.0	0.0	0.0	0.0	0.0	0.0	0.0	0.0	0.0	0.0	0.0	0.0	2.6	0.0	0.0
YIL154C	0.0	0.0	0.0	0.0	0.0	0.0	0.0	0.0	0.0	0.0	0.0	0.0	0.0	0.0	0.0	0.0	0.0	-3.2
YIR020C	0.0	0.0	0.0	0.0	0.0	0.0	0.0	0.0	0.0	0.0	0.0	0.0	0.0	0.0	0.0	2.7	0.0	0.0
YIR024C	0.0	0.0	0.0	0.0	0.0	0.0	0.0	0.0	0.0	0.0	0.0	0.0	0.0	0.0	0.0	1.9	0.0	0.0
YIR025W	0.0	0.0	0.0	0.0	0.0	0.0	0.0	0.0	0.0	0.0	0.0	0.0	0.0	0.0	0.0	2.0	0.0	0.0
YJL007C	0.0	0.0	0.0	0.0	0.0	0.0	0.0	0.0	0.0	0.0	0.0	0.0	0.0	0.0	0.0	2.8	0.0	0.0
YJL013C	0.0	0.0	0.0	0.0	0.0	0.0	0.0	0.0	0.0	0.0	0.0	0.0	0.0	0.0	0.0	2.0	0.0	0.0
YJL052W	0.0	0.0	0.0	0.0	0.0	0.0	0.0	0.0	0.0	0.0	0.0	0.0	0.0	0.0	0.0	0.0	0.0	2.6
YJL082W	0.0	0.0	0.0	0.0	0.0	0.0	0.0	0.0	0.0	0.0	0.0	0.0	0.0	0.0	0.0	2.0	0.0	0.0
YJL117W	0.0	0.0	0.0	0.0	0.0	0.0	0.0	0.0	0.0	0.0	0.0	0.0	-3.3	0.0	0.0	0.0	0.0	0.0
YJL150W	0.0	0.0	0.0	0.0	0.0	0.0	0.0	0.0	0.0	0.0	0.0	0.0	0.0	0.0	0.0	1.9	0.0	0.0
YJL168C	0.0	0.0	0.0	0.0	0.0	0.0	0.0	0.0	0.0	0.0	0.0	0.0	0.0	0.0	0.0	2.2	0.0	0.0
YJL214W	0.0	0.0	0.0	0.0	0.0	0.0	0.0	0.0	0.0	0.0	0.0	0.0	0.0	0.0	0.0	2.2	0.0	0.0
YJR032W	0.0	0.0	0.0	0.0	0.0	0.0	0.0	0.0	0.0	0.0	0.0	0.0	0.0	0.0	0.0	0.0	2.2	0.0
YJR040W	0.0	0.0	0.0	0.0	0.0	0.0	0.0	0.0	0.0	0.0	0.0	0.0	0.0	0.0	0.0	0.0	0.0	-2.1
YJR073C	0.0	0.0	0.0	0.0	0.0	0.0	0.0	0.0	0.0	0.0	0.0	0.0	0.0	0.0	-1.55	0.0	0.0	0.0
YJR130C	0.0	0.0	0.0	0.0	0.0	0.0	0.0	0.0	0.0	0.0	0.0	0.0	0.0	0.0	0.0	0.0	2.4	0.0
YJR149W	0.0	0.0	0.0	0.0	0.0	0.0	0.0	0.0	0.0	0.0	0.0	0.0	0.0	0.0	0.0	2.1	0.0	0.0
YKL086W	0.0	0.0	0.0	0.0	0.0	0.0	0.0	0.0	0.0	0.0	0.0	0.0	0.0	0.0	-1.4	0.0	0.0	-4.25
YKL090W	0.0	0.0	0.0	0.0	0.0	0.0	0.0	0.0	0.0	0.0	0.0	0.0	-1.4	0.0	0.0	0.0	0.0	0.0
YKL131W	0.0	0.0	0.0	0.0	0.0	0.0	0.0	0.0	0.0	0.0	0.0	0.0	0.0	0.0	0.0	0.0	0.0	-1.6
YKR093W	0.0	0.0	0.0	0.0	0.0	0.0	0.0	0.0	0.0	0.0	0.0	0.0	0.0	0.0	0.0	2.7	0.0	0.0
YKR105C	0.0	0.0	0.0	0.0	0.0	0.0	0.0	0.0	0.0	0.0	0.0	0.0	0.0	0.0	0.0	2.1	0.0	0.0
YLL013C	0.0	0.0	0.0	0.0	0.0	0.0	0.0	0.0	0.0	0.0	0.0	0.0	0.0	0.0	0.0	0.0	0.0	1.2
YLL021W	0.0	0.0	0.0	0.0	0.0	0.0	0.0	0.0	0.0	0.0	0.0	0.0	0.0	0.0	0.0	3.3	0.0	0.0
YLL061W	0.0	0.0	0.0	0.0	0.0	0.0	0.0	0.0	0.0	0.0	0.0	0.0	0.0	0.0	0.0	2.2	0.0	0.0
YLR004C	0.0	0.0	0.0	0.0	0.0	0.0	0.0	0.0	0.0	0.0	0.0	0.0	0.0	0.0	0.0	2.5	0.0	0.0
YLR049C	0.0	0.0	0.0	0.0	0.0	0.0	0.0	0.0	0.0	0.0	0.0	0.0	0.0	0.0	0.0	2.4	0.0	0.0
YLR053C	0.0	0.0	0.0	0.0	0.0	0.0	0.0	0.0	0.0	0.0	0.0	0.0	0.0	0.0	0.0	1.9	0.0	0.0
YLR055C	0.0	0.0	0.0	0.0	0.0	0.0	0.0	0.0	0.0	0.0	0.0	0.0	0.0	0.0	0.0	0.0	0.0	2.9
YLR057W	0.0	0.0	0.0	0.0	0.0	0.0	0.0	0.0	0.0	0.0	0.0	0.0	0.0	0.0	0.0	2.0	0.0	0.0
YLR069C	0.0	0.0	0.0	0.0	0.0	0.0	0.0	0.0	0.0	0.0	0.0	0.0	0.0	0.0	0.0	0.0	0.0	2.6
YLR098C	0.0	0.0	0.0	0.0	0.0	0.0	0.0	0.0	0.0	0.0	0.0	0.0	0.0	0.0	0.0	2.3	0.0	0.0
YLR108C	0.0	0.0	0.0	0.0	0.0	0.0	0.0	0.0	0.0	0.0	0.0	0.0	0.0	0.0	0.0	0.0	2.3	2.8
YLR142W	0.0	0.0	0.0	0.0	0.0	0.0	0.0	0.0	0.0	0.0	0.0	0.0	0.0	0.0	0.0	2.1	0.0	0.0
YLR151C	0.0	0.0	0.0	0.0	0.0	0.0	0.0	0.0	0.0	0.0	0.0	0.0	0.0	0.0	0.0	2.5	0.0	0.0
YLR170C	0.0	0.0	0.0	0.0	0.0	0.0	0.0	0.0	0.0	0.0	0.0	0.0	0.0	0.0	0.0	2.2	0.0	0.0
YLR190W	0.0	0.0	0.0	0.0	0.0	0.0	0.0	0.0	0.0	0.0	0.0	0.0	0.0	0.0	0.0	2.2	0.0	0.0
YLR193C	0.0	0.0	0.0	0.0	0.0	0.0	0.0	0.0	0.0	0.0	0.0	0.0	0.0	0.0	-1.2	0.0	0.0	0.0
YLR225C	0.0	0.0	0.0	0.0	0.0	0.0	0.0	0.0	0.0	0.0	0.0	0.0	0.0	0.0	0.0	2.3	0.0	0.0
YLR257W	0.0	0.0	0.0	0.0	0.0	0.0	0.0	0.0	0.0	0.0	0.0	0.0	0.0	0.0	1.4	0.0	0.0	0.0
YLR334C	0.0	0.0	0.0	0.0	0.0	0.0	0.0	0.0	0.0	0.0	0.0	0.0	0.0	0.0	0.0	0.0	0.0	1.7
YLR346C	0.0	0.0	0.0	0.0	0.0	0.0	0.0	0.0	0.0	0.0	0.0	0.0	0.0	0.0	0.0	2.9	0.0	0.0
YLR366W	0.0	0.0	0.0	0.0	0.0	0.0	0.0	0.0	0.0	0.0	0.0	0.0	0.0	0.0	0.0	2.5	0.0	0.0
YLR382C	0.0	0.0	0.0	0.0	0.0	0.0	0.0	0.0	0.0	0.0	0.0	0.0	0.0	0.0	0.0	0.0	0.0	2.9
YLR386W	0.0	0.0	0.0	0.0	0.0	0.0	0.0	0.0	0.0	0.0	0.0	0.0	0.0	0.0	-2.0	0.0	0.0	0.0
YLR387C	0.0	0.0	0.0	0.0	0.0	0.0	0.0	0.0	0.0	0.0	0.0	0.0	0.0	0.0	0.0	0.0	0.0	-2.6
YLR396C	0.0	0.0	0.0	0.0	0.0	0.0	0.0	0.0	0.0	0.0	0.0	0.0	-2.4	0.0	0.0	0.0	0.0	0.0
YLR402W	0.0	0.0	0.0	0.0	0.0	0.0	0.0	0.0	0.0	0.0	0.0	0.0	0.0	0.0	0.0	0.0	0.0	3.3
YLR435W	0.0	0.0	0.0	0.0	0.0	0.0	0.0	0.0	0.0	0.0	0.0	0.0	0.0	0.0	-2.1	0.0	0.0	0.0
YML007W	0.0	0.0	0.0	0.0	0.0	0.0	0.0	0.0	0.0	0.0	0.0	0.0	0.0	0.0	-2.1	0.0	0.0	0.0
YML009W-B	0.0	0.0	0.0	0.0	0.0	0.0	0.0	0.0	0.0	0.0	0.0	0.0	0.0	0.0	0.0	0.0	0.0	3.0
YML061C	0.0	0.0	0.0	0.0	0.0	0.0	0.0	0.0	0.0	0.0	0.0	0.0	0.0	0.0	0.0	0.0	0.0	2.8
YML076C	0.0	0.0	0.0	0.0	0.0	0.0	0.0	0.0	0.0	0.0	0.0	0.0	0.0	0.0	0.0	2.6	0.0	0.0
YML094W	0.0	0.0	0.0	0.0	0.0	0.0	0.0	0.0	0.0	0.0	0.0	0.0	-2.6	0.0	0.0	0.0	0.0	0.0
YML115C	0.0	0.0	0.0	0.0	0.0	0.0	0.0	0.0	0.0	0.0	0.0	0.0	0.0	0.0	0.0	2.6	0.0	2.3
YML124C	0.0	0.0	0.0	0.0	0.0	0.0	0.0	0.0	0.0	0.0	0.0	0.0	0.0	0.0	0.0	0.0	0.0	1.9
YMR002W	0.0	0.0	0.0	0.0	0.0	0.0	0.0	0.0	0.0	0.0	0.0	0.0	0.0	0.0	0.0	2.9	0.0	0.0
YMR008C	0.0	0.0	0.0	0.0	0.0	0.0	0.0	0.0	0.0	0.0	0.0	0.0	0.0	-1.3	0.0	0.0	0.0	0.0
YMR016C	0.0	0.0	0.0	0.0	0.0	0.0	0.0	0.0	0.0	0.0	0.0	0.0	0.0	0.0	0.0	2.7	0.0	1.6
YMR053C	0.0	0.0	0.0	0.0	0.0	0.0	0.0	0.0	0.0	0.0	0.0	0.0	0.0	0.0	0.0	2.3	0.0	0.0
YMR072W	0.0	0.0	0.0	0.0	0.0	0.0	0.0	0.0	0.0	0.0	0.0	0.0	0.0	1.8	0.0	0.0	0.0	0.0
YMR083W	0.0	0.0	0.0	0.0	0.0	0.0	0.0	0.0	0.0	0.0	0.0	0.0	0.0	0.0	0.0	2.6	0.0	0.0
YMR084W	0.0	0.0	0.0	0.0	0.0	0.0	0.0	0.0	0.0	0.0	0.0	0.0	0.0	0.0	0.0	2.1	0.0	0.0
YMR097C	0.0	0.0	0.0	0.0	0.0	0.0	0.0	0.0	0.0	0.0	0.0	0.0	0.0	0.0	0.0	0.0	0.0	3.2
YMR098C	0.0	0.0	0.0	0.0	0.0	0.0	0.0	0.0	0.0	0.0	0.0	0.0	0.0	0.0	0.0	0.0	0.0	3.1
YMR137C	0.0	0.0	0.0	0.0	0.0	0.0	0.0	0.0	0.0	0.0	0.0	0.0	0.0	0.0	0.0	2.1	0.0	0.0
YMR139W	0.0	0.0	0.0	0.0	0.0	0.0	0.0	0.0	0.0	0.0	0.0	0.0	0.0	0.0	0.0	2.8	0.0	0.0
YMR155W	0.0	0.0	0.0	0.0	0.0	0.0	0.0	0.0	0.0	0.0	0.0	0.0	0.0	0.0	0.0	0.0	0.0	1.3
YMR161W	0.0	0.0	0.0	0.0	0.0	0.0	0.0	0.0	0.0	0.0	0.0	0.0	0.0	0.0	0.0	3.1	0.0	0.0
YMR164C	0.0	0.0	0.0	0.0	0.0	0.0	0.0	0.0	0.0	0.0	0.0	0.0	0.0	0.0	0.0	4.0	0.0	0.0
YMR182C	0.0	0.0	0.0	0.0	0.0	0.0	0.0	0.0	0.0	0.0	0.0	0.0	0.0	0.0	0.0	0.0	2.1	0.0
YMR193W	0.0	0.0	0.0	0.0	0.0	0.0	0.0	0.0	0.0	0.0	0.0	0.0	0.0	0.0	0.0	0.0	0.0	3.25
YMR195W	0.0	0.0	0.0	0.0	0.0	0.0	0.0	0.0	0.0	0.0	0.0	0.0	0.0	0.0	0.0	3.3	0.0	0.0
YMR228W	0.0	0.0	0.0	0.0	0.0	0.0	0.0	0.0	0.0	0.0	0.0	0.0	0.0	0.0	0.0	0.0	0.0	2.7
YMR267W	0.0	0.0	0.0	0.0	0.0	0.0	0.0	0.0	0.0	0.0	0.0	0.0	0.0	0.0	0.0	0.0	0.0	3.3
YMR306W	0.0	0.0	0.0	0.0	0.0	0.0	0.0	0.0	0.0	0.0	0.0	0.0	0.0	0.0	0.0	1.9	0.0	0.0
YNL041C	0.0	0.0	0.0	0.0	0.0	0.0	0.0	0.0	0.0	0.0	0.0	0.0	0.0	0.0	0.0	0.0	-2.2	0.0
YNL058C	0.0	0.0	0.0	0.0	0.0	0.0	0.0	0.0	0.0	0.0	0.0	0.0	0.0	0.0	1.3	0.0	0.0	0.0
YNL098C	0.0	0.0	0.0	0.0	0.0	0.0	0.0	0.0	0.0	0.0	0.0	0.0	0.0	0.0	0.0	2.4	0.0	0.0
YNL120C	0.0	0.0	0.0	0.0	0.0	0.0	0.0	0.0	0.0	0.0	0.0	0.0	0.0	0.0	0.0	0.0	0.0	3.0
YNL128W	0.0	0.0	0.0	0.0	0.0	0.0	0.0	0.0	0.0	0.0	0.0	0.0	0.0	0.0	0.0	2.45	0.0	0.0
YNL135C	0.0	0.0	0.0	0.0	0.0	0.0	0.0	0.0	0.0	0.0	0.0	0.0	0.0	0.0	0.0	3.4	0.0	0.0
YNL141W	0.0	0.0	0.0	0.0	0.0	0.0	0.0	0.0	0.0	0.0	0.0	0.0	0.0	0.0	0.0	2.8	0.0	0.0
YNL154C	0.0	0.0	0.0	0.0	0.0	0.0	0.0	0.0	0.0	0.0	0.0	0.0	0.0	0.0	0.0	1.7	0.0	0.0
YNL170W	0.0	0.0	0.0	0.0	0.0	0.0	0.0	0.0	0.0	0.0	0.0	0.0	0.0	0.0	0.0	1.9	0.0	0.0
YNL177C	0.0	0.0	0.0	0.0	0.0	0.0	0.0	0.0	0.0	0.0	0.0	0.0	0.0	0.0	0.0	4.2	0.0	0.0
YNL203C	0.0	0.0	0.0	0.0	0.0	0.0	0.0	0.0	0.0	0.0	0.0	0.0	0.0	0.0	0.0	1.9	0.0	0.0
YNL217W	0.0	0.0	0.0	0.0	0.0	0.0	0.0	0.0	0.0	0.0	0.0	0.0	0.0	0.0	0.0	2.1	0.0	0.0
YNL270C	0.0	0.0	0.0	0.0	0.0	0.0	0.0	0.0	0.0	0.0	0.0	0.0	0.0	0.0	0.0	2.3	0.0	0.0
YNL284C	0.0	0.0	0.0	0.0	0.0	0.0	0.0	0.0	0.0	0.0	0.0	0.0	0.0	0.0	0.0	0.0	0.0	2.65
YNR064C	0.0	0.0	0.0	0.0	0.0	0.0	0.0	0.0	0.0	0.0	0.0	0.0	0.0	0.0	0.0	2.7	0.0	0.0
YOL002C	0.0	0.0	0.0	0.0	0.0	0.0	0.0	0.0	0.0	0.0	0.0	0.0	0.0	0.0	0.0	0.0	0.0	-1.8
YOL023W	0.0	0.0	0.0	0.0	0.0	0.0	0.0	0.0	0.0	0.0	0.0	0.0	0.0	0.0	0.0	0.0	0.0	3.0
YOL028C	0.0	0.0	0.0	0.0	0.0	0.0	0.0	0.0	0.0	0.0	0.0	0.0	0.0	0.0	0.0	2.9	0.0	0.0
YOL031C	0.0	0.0	0.0	0.0	0.0	0.0	0.0	0.0	0.0	0.0	0.0	0.0	0.0	0.0	0.0	3.3	0.0	0.0
YOL068C	0.0	0.0	0.0	0.0	0.0	0.0	0.0	0.0	0.0	0.0	0.0	0.0	0.0	0.0	0.0	1.7	0.0	0.0
YOL089C	0.0	0.0	0.0	0.0	0.0	0.0	0.0	0.0	0.0	0.0	0.0	0.0	0.0	0.0	0.0	0.0	0.0	-2.4
YOL163W	0.0	0.0	0.0	0.0	0.0	0.0	0.0	0.0	0.0	0.0	0.0	0.0	0.0	0.0	0.0	0.0	1.7	1.5
YOR006C	0.0	0.0	0.0	0.0	0.0	0.0	0.0	0.0	0.0	0.0	0.0	0.0	0.0	0.0	0.0	0.0	0.0	2.6
YOR033C	0.0	0.0	0.0	0.0	0.0	0.0	0.0	0.0	0.0	0.0	0.0	0.0	0.0	0.0	0.0	2.2	0.0	0.0
YOR041C	0.0	0.0	0.0	0.0	0.0	0.0	0.0	0.0	0.0	0.0	0.0	0.0	0.0	0.0	0.0	2.5	1.8	0.0
YOR045W	0.0	0.0	0.0	0.0	0.0	0.0	0.0	0.0	0.0	0.0	0.0	0.0	0.0	0.0	0.0	3.5	0.0	0.0
YOR080W	0.0	0.0	0.0	0.0	0.0	0.0	0.0	0.0	0.0	0.0	0.0	0.0	-2.7	0.0	0.0	0.0	0.0	0.0
YOR118W	0.0	0.0	0.0	0.0	0.0	0.0	0.0	0.0	0.0	0.0	0.0	0.0	0.0	0.0	0.0	3.2	0.0	0.0
YOR123C	0.0	0.0	0.0	0.0	0.0	0.0	0.0	0.0	0.0	0.0	0.0	0.0	0.0	0.0	0.0	0.0	0.0	2.5
YOR205C	0.0	0.0	0.0	0.0	0.0	0.0	0.0	0.0	0.0	0.0	0.0	0.0	0.0	0.0	0.0	0.0	0.0	2.7
YOR230W	0.0	0.0	0.0	0.0	0.0	0.0	0.0	0.0	0.0	0.0	0.0	0.0	0.0	0.0	0.0	2.9	0.0	0.0
YOR234C	0.0	0.0	0.0	0.0	0.0	0.0	0.0	0.0	0.0	0.0	0.0	0.0	0.0	0.0	0.0	2.8	0.0	0.0
YOR308C	0.0	0.0	0.0	0.0	0.0	0.0	0.0	0.0	0.0	0.0	0.0	0.0	0.0	0.0	0.0	3.1	0.0	0.0
YOR330C	0.0	0.0	0.0	0.0	0.0	0.0	0.0	0.0	0.0	0.0	0.0	0.0	2.1	0.0	1.9	0.0	0.0	0.0
YOR338W	0.0	0.0	0.0	0.0	0.0	0.0	0.0	0.0	0.0	0.0	0.0	0.0	0.0	0.0	0.0	0.0	-1.5	-1.6
YOR380W	0.0	0.0	0.0	0.0	0.0	0.0	0.0	0.0	0.0	0.0	0.0	0.0	0.0	0.0	0.0	2.9	0.0	0.0
YOR386W	0.0	0.0	0.0	0.0	0.0	0.0	0.0	0.0	0.0	0.0	0.0	0.0	0.0	0.0	0.0	3.1	0.0	0.0
YPL003W	0.0	0.0	0.0	0.0	0.0	0.0	0.0	0.0	0.0	0.0	0.0	0.0	0.0	0.0	0.0	2.25	0.0	0.0
YPL005W	0.0	0.0	0.0	0.0	0.0	0.0	0.0	0.0	0.0	0.0	0.0	0.0	0.0	0.0	0.0	0.0	0.0	3.05
YPL006W	0.0	0.0	0.0	0.0	0.0	0.0	0.0	0.0	0.0	0.0	0.0	0.0	0.0	0.0	-2.5	0.0	0.0	0.0
YPL099C	0.0	0.0	0.0	0.0	0.0	0.0	0.0	0.0	0.0	0.0	0.0	0.0	0.0	0.0	0.0	2.4	0.0	0.0
YPL113C	0.0	0.0	0.0	0.0	0.0	0.0	0.0	0.0	0.0	0.0	0.0	0.0	0.0	0.0	0.0	2.0	0.0	0.0
YPL118W	0.0	0.0	0.0	0.0	0.0	0.0	0.0	0.0	0.0	0.0	0.0	0.0	0.0	0.0	0.0	0.0	0.0	2.7
YPL125W	0.0	0.0	0.0	0.0	0.0	0.0	0.0	0.0	0.0	0.0	0.0	0.0	-2.4	0.0	0.0	0.0	0.0	0.0
YPL132W	0.0	0.0	0.0	0.0	0.0	0.0	0.0	0.0	0.0	0.0	0.0	0.0	0.0	0.0	0.0	3.2	0.0	0.0
YPL147W	0.0	0.0	0.0	0.0	0.0	0.0	0.0	0.0	0.0	0.0	0.0	0.0	0.0	0.0	0.0	0.0	0.0	-2.3
YPL182C	0.0	0.0	0.0	0.0	0.0	0.0	0.0	0.0	0.0	0.0	0.0	0.0	0.0	0.0	0.0	0.0	0.0	2.3
YPL221W	0.0	0.0	0.0	0.0	0.0	0.0	0.0	0.0	0.0	0.0	0.0	0.0	0.0	0.0	0.0	0.0	1.8	0.0
YPR052C	0.0	0.0	0.0	0.0	0.0	0.0	0.0	0.0	0.0	0.0	0.0	0.0	0.0	0.0	0.0	2.1	0.0	0.0
YPR065W	0.0	0.0	0.0	0.0	0.0	0.0	0.0	0.0	0.0	0.0	0.0	0.0	0.0	0.0	0.0	0.0	0.0	1.7
YPR160W	0.0	0.0	0.0	0.0	0.0	0.0	0.0	0.0	0.0	0.0	0.0	0.0	0.0	0.0	0.0	0.0	1.7	0.0
YPR166C	0.0	0.0	0.0	0.0	0.0	0.0	0.0	0.0	0.0	0.0	0.0	0.0	0.0	0.0	0.0	1.6	0.0	0.0
