ORF	hom | growth (culture turbidity) | sodium arsenite [400 uM] | Jin YH~Freedman JH, 2008	hom | growth (culture turbidity) | cadmium dichloride [5 uM] | Jin YH~Freedman JH, 2008	hom | growth (culture turbidity) | silver(1+) nitrate [10 uM] | Jin YH~Freedman JH, 2008	hom | growth (culture turbidity) | mercury dichloride [19 uM] | Jin YH~Freedman JH, 2008	hom | growth (culture turbidity) | chromium trioxide [400 uM] | Jin YH~Freedman JH, 2008	hom | growth (culture turbidity) | zinc sulfate [1 mM] | Jin YH~Freedman JH, 2008	hom | growth (culture turbidity) | copper(II) sulfate [5 mM] | Jin YH~Freedman JH, 2008	hom | growth (culture turbidity) | sodium arsenite [1.25 mM] | Jin YH~Freedman JH, 2008	hom | growth (culture turbidity) | cadmium dichloride [25 uM] | Jin YH~Freedman JH, 2008	hom | growth (culture turbidity) | chromium trioxide [900 uM] | Jin YH~Freedman JH, 2008	hom | growth (culture turbidity) | copper(II) sulfate [7 mM] | Jin YH~Freedman JH, 2008	hom | growth (culture turbidity) | silver(1+) nitrate [20 uM] | Jin YH~Freedman JH, 2008	hom | growth (culture turbidity) | mercury dichloride [49 uM] | Jin YH~Freedman JH, 2008	hom | growth (culture turbidity) | zinc sulfate [2 mM] | Jin YH~Freedman JH, 2008
YAL002W	0.000	0.000	0.000	0.000	0.000	0.000	0.000	0.196	-0.397	-0.214	-0.661	0.017	0.000	-0.116
YAL007C	0.000	0.000	0.000	0.000	0.000	0.000	0.000	0.079	-0.340	0.205	-0.783	0.023	0.004	-0.110
YAL012W	0.031	0.129	-0.053	-0.062	-0.954	-0.018	-0.239	-0.504	-0.816	-0.868	-0.925	-0.048	-0.000	-0.043
YAL014C	0.000	0.000	0.000	0.000	0.000	0.000	0.000	0.055	-0.594	0.190	0.063	-0.008	-0.044	-0.085
YAL016W	0.015	-0.177	-0.121	-0.024	-0.913	-0.107	-0.064	-0.602	-0.936	-0.913	-0.098	-0.170	-0.052	-0.491
YAL021C	0.009	-0.039	-0.073	-0.011	-0.564	-0.063	0.011	0.248	-0.908	-0.630	-0.715	-0.071	0.044	-0.906
YAL023C	0.000	0.000	0.000	0.000	0.000	0.000	0.000	0.240	-0.764	-0.115	0.030	-0.048	-0.116	-0.074
YAL024C	0.000	0.000	0.000	0.000	0.000	0.000	0.000	0.031	-0.624	0.104	-0.039	-0.029	-0.031	0.098
YAL026C	0.000	0.000	0.000	0.000	0.000	0.000	0.000	0.317	-0.366	0.097	-0.286	0.066	-0.070	-0.709
YAL034C	0.000	0.000	0.000	0.000	0.000	0.000	0.000	0.072	-0.343	0.115	-0.648	0.004	-0.054	-0.084
YAL035W	0.000	0.000	0.000	0.000	0.000	0.000	0.000	0.310	-0.672	0.113	-0.180	0.161	0.083	-0.430
YAL040C	0.000	0.000	0.000	0.000	0.000	0.000	0.000	0.069	-0.654	-0.405	-0.909	0.018	-0.009	-0.003
YAL047C	0.000	0.000	0.000	0.000	0.000	0.000	0.000	0.121	-0.790	-0.272	0.264	-0.031	0.118	0.058
YAL056C-A	0.000	0.000	0.000	0.000	0.000	0.000	0.000	-0.125	-0.069	0.499	-0.753	-0.052	-0.026	-0.081
YAL056W	0.000	0.000	0.000	0.000	0.000	0.000	0.000	-0.021	-0.500	0.004	-0.002	0.032	0.030	-0.083
YAL058W	0.000	0.000	0.000	0.000	0.000	0.000	0.000	-0.005	-0.237	0.253	-0.722	-0.052	-0.048	-0.113
YAR014C	0.000	0.000	0.000	0.000	0.000	0.000	0.000	0.019	-0.184	0.337	-0.780	-0.004	-0.032	-0.115
YAR018C	0.000	0.000	0.000	0.000	0.000	0.000	0.000	0.211	-0.211	0.352	-0.907	-0.064	-0.048	0.024
YBL007C	0.000	0.000	0.000	0.000	0.000	0.000	0.000	0.164	-0.106	-0.821	-0.413	0.028	0.213	0.155
YBL008W	0.000	0.000	0.000	0.000	0.000	0.000	0.000	-0.051	-0.090	0.193	-0.504	-0.016	0.096	0.001
YBL017C	0.000	0.000	0.000	0.000	0.000	0.000	0.000	0.085	-0.012	0.596	-0.513	0.001	0.118	0.013
YBL025W	0.000	0.000	0.000	0.000	0.000	0.000	0.000	-0.006	-0.626	-0.503	-0.298	-0.044	-0.024	-0.722
YBL046W	0.000	0.000	0.000	0.000	0.000	0.000	0.000	-0.086	-0.524	0.003	-0.558	-0.138	0.047	-0.048
YBL047C	0.000	0.000	0.000	0.000	0.000	0.000	0.000	-0.006	-0.158	0.650	-0.552	-0.117	-0.033	-0.063
YBL051C	0.000	0.000	0.000	0.000	0.000	0.000	0.000	-0.072	0.046	0.912	-0.839	0.124	0.178	0.031
YBL058W	0.000	0.000	0.000	0.000	0.000	0.000	0.000	-0.093	-0.014	-0.695	-0.807	0.053	0.324	0.137
YBL061C	0.000	0.000	0.000	0.000	0.000	0.000	0.000	-0.058	-0.307	-0.026	-0.572	-0.073	-0.018	-0.042
YBL093C	0.000	0.000	0.000	0.000	0.000	0.000	0.000	0.005	-0.663	-0.341	-0.451	-0.089	0.042	0.086
YBR011C	0.056	-0.104	0.002	0.011	-0.936	-0.986	-0.088	0.238	-0.548	-0.948	0.204	-0.078	0.100	-0.996
YBR036C	0.000	0.000	0.000	0.000	0.000	0.000	0.000	0.197	-0.539	-0.228	-0.680	0.057	0.097	0.072
YBR081C	0.000	0.000	0.000	0.000	0.000	0.000	0.000	-0.372	-0.813	0.123	-0.132	-0.074	-0.030	0.045
YBR112C	-0.478	-0.814	0.024	-0.206	-0.599	-0.129	-0.148	-0.981	-0.952	-0.673	-0.601	-0.164	-0.248	-0.133
YBR126C	0.000	0.000	0.000	0.000	0.000	0.000	0.000	-0.469	-0.323	-0.839	-0.296	-0.046	0.043	0.071
YBR127C	0.013	-0.041	0.032	0.061	-0.929	-0.975	-0.018	0.236	-0.591	-0.933	0.021	-0.397	0.048	-0.994
YBR131W	0.000	0.000	0.000	0.000	0.000	0.000	0.000	0.172	-0.033	-0.402	0.079	0.059	0.073	-0.878
YBR151W	0.000	0.000	0.000	0.000	0.000	0.000	0.000	0.081	-0.324	-0.130	-0.583	0.009	0.073	-0.012
YBR163W	0.000	0.000	0.000	0.000	0.000	0.000	0.000	0.147	-0.139	-0.662	0.046	0.110	0.119	0.072
YBR171W	0.000	0.000	0.000	0.000	0.000	0.000	0.000	-0.329	-0.699	-0.676	-0.322	-0.134	-0.037	-0.062
YBR179C	0.000	0.000	0.000	0.000	0.000	0.000	0.000	0.167	-0.135	-0.564	0.115	0.098	0.204	0.086
YBR200W	0.050	0.002	-0.127	0.121	-0.732	0.023	0.084	-0.010	-0.352	-0.665	0.121	-0.979	0.122	0.064
YBR221C	0.000	0.000	0.000	0.000	0.000	0.000	0.000	0.068	-0.393	-0.512	0.086	-0.057	0.201	0.019
YBR255W	0.000	0.000	0.000	0.000	0.000	0.000	0.000	-0.026	-0.148	-0.203	-0.043	-0.009	-0.977	-0.072
YBR260C	0.009	-0.510	-0.008	0.028	-0.402	-0.040	0.021	0.048	-0.774	-0.201	0.066	-0.066	0.167	-0.092
YBR281C	0.000	0.000	0.000	0.000	0.000	0.000	0.000	-0.116	-0.176	-0.532	0.087	-0.052	0.087	-0.053
YBR282W	0.000	0.000	0.000	0.000	0.000	0.000	0.000	-0.927	-0.434	-0.725	0.004	0.032	0.068	-0.026
YBR285W	0.000	0.000	0.000	0.000	0.000	0.000	0.000	-0.163	-0.279	-0.547	0.023	-0.100	0.034	-0.242
YBR289W	0.000	0.000	0.000	0.000	0.000	0.000	0.000	0.263	-0.796	-0.604	-0.075	0.082	0.019	0.128
YBR298C	0.000	0.000	0.000	0.000	0.000	0.000	0.000	-0.670	-0.203	-0.318	0.124	0.036	0.054	-0.067
YCL005W-A	-0.010	-0.104	0.024	0.005	-0.909	-0.984	0.007	0.076	-0.633	-0.879	0.010	-0.994	-0.959	-0.995
YCL008C	0.000	0.000	0.000	0.000	0.000	0.000	0.000	0.150	-0.358	-0.651	-0.111	-0.104	0.084	-0.040
YCL061C	0.000	0.000	0.000	0.000	0.000	0.000	0.000	0.022	-0.269	-0.002	-0.732	0.038	0.062	0.127
YCR008W	0.000	0.000	0.000	0.000	0.000	0.000	0.000	0.010	-0.177	0.114	-0.625	0.080	-0.004	0.118
YCR009C	0.000	0.000	0.000	0.000	0.000	0.000	0.000	-0.024	-0.144	-0.679	-0.705	-0.034	-0.015	0.094
YCR024C	0.015	-0.107	-0.003	0.035	-0.570	-0.092	-0.086	-0.880	-0.419	-0.848	-0.049	0.026	-0.033	-0.015
YCR044C	0.000	0.000	0.000	0.000	0.000	0.000	0.000	-0.063	-0.653	-0.382	-0.016	-0.008	0.031	0.006
YCR047C	0.000	0.000	0.000	0.000	0.000	0.000	0.000	0.151	-0.721	-0.174	-0.174	0.028	0.060	-0.218
YCR071C	0.000	0.000	0.000	0.000	0.000	0.000	0.000	-0.631	-0.363	-0.266	0.143	0.044	0.046	-0.017
YCR077C	0.000	0.000	0.000	0.000	0.000	0.000	0.000	0.124	-0.536	-0.019	0.275	-0.015	0.058	0.051
YCR081W	0.000	0.000	0.000	0.000	0.000	0.000	0.000	-0.988	-0.668	0.290	-0.401	-0.034	-0.003	-0.091
YCR084C	0.000	0.000	0.000	0.000	0.000	0.000	0.000	-0.977	-0.775	-0.537	0.454	0.322	0.246	0.683
YCR094W	0.000	0.000	0.000	0.000	0.000	0.000	0.000	0.239	-0.065	0.191	0.137	0.023	-0.058	-0.723
YDL001W	0.000	0.000	0.000	0.000	0.000	0.000	0.000	0.097	-0.616	-0.346	-0.030	-0.024	0.075	0.060
YDL002C	0.000	0.000	0.000	0.000	0.000	0.000	0.000	-0.063	-0.639	-0.404	-0.042	-0.021	0.058	0.021
YDL006W	0.000	0.000	0.000	0.000	0.000	0.000	0.000	-0.144	-0.266	-0.752	-0.125	-0.039	-0.004	-0.795
YDL013W	0.000	0.000	0.000	0.000	0.000	0.000	0.000	0.057	-0.658	-0.641	0.136	0.095	0.103	0.196
YDL020C	-0.210	-0.584	0.055	-0.049	0.099	0.000	0.084	-0.287	-0.809	0.096	-0.069	0.027	-0.049	0.046
YDL044C	0.000	0.000	0.000	0.000	0.000	0.000	0.000	0.195	-0.490	-0.603	-0.014	0.050	0.035	0.008
YDL045W-A	0.000	0.000	0.000	0.000	0.000	0.000	0.000	-0.531	-0.631	-0.527	-0.031	0.097	0.092	0.072
YDL047W	0.000	0.000	0.000	0.000	0.000	0.000	0.000	0.298	-0.596	-0.780	-0.037	0.125	0.112	0.184
YDL069C	0.000	0.000	0.000	0.000	0.000	0.000	0.000	0.026	-0.361	-0.605	0.043	0.074	0.049	0.069
YDL077C	0.000	0.000	0.000	0.000	0.000	0.000	0.000	0.079	-0.132	-0.621	0.094	0.025	0.023	0.046
YDL094C	0.000	0.000	0.000	0.000	0.000	0.000	0.000	0.086	-0.578	0.254	-0.040	-0.007	-0.026	0.114
YDL106C	0.000	0.000	0.000	0.000	0.000	0.000	0.000	0.086	-0.614	0.179	-0.002	-0.062	0.076	0.099
YDL116W	0.000	0.000	0.000	0.000	0.000	0.000	0.000	-0.016	-0.567	-0.398	-0.081	-0.241	0.001	-0.155
YDL118W	0.000	0.000	0.000	0.000	0.000	0.000	0.000	0.095	-0.649	0.086	0.065	0.037	0.079	-0.114
YDL133W	0.000	0.000	0.000	0.000	0.000	0.000	0.000	-0.170	-0.675	-0.311	0.004	-0.019	-0.012	-0.758
YDL146W	0.000	0.000	0.000	0.000	0.000	0.000	0.000	-0.048	-0.134	-0.118	-0.638	0.019	0.030	-0.052
YDL151C	0.000	0.000	0.000	0.000	0.000	0.000	0.000	-0.459	-0.046	-0.736	0.236	0.125	0.293	-0.215
YDL160C	0.000	0.000	0.000	0.000	0.000	0.000	0.000	0.064	-0.725	-0.163	0.060	0.005	0.107	-0.227
YDL173W	0.000	0.000	0.000	0.000	0.000	0.000	0.000	-0.179	-0.416	-0.542	-0.046	-0.011	-0.043	-0.167
YDL203C	0.000	0.000	0.000	0.000	0.000	0.000	0.000	-0.031	-0.891	-0.184	0.035	0.026	-0.010	0.001
YDR017C	0.000	0.000	0.000	0.000	0.000	0.000	0.000	0.114	-0.601	0.109	0.030	0.079	0.001	-0.781
YDR027C	0.000	0.000	0.000	0.000	0.000	0.000	0.000	0.200	-0.137	-0.370	-0.825	0.170	0.059	-0.617
YDR028C	0.000	0.000	0.000	0.000	0.000	0.000	0.000	-0.896	-0.275	0.002	0.052	0.028	0.020	0.077
YDR057W	0.000	0.000	0.000	0.000	0.000	0.000	0.000	-0.108	-0.573	-0.170	0.100	-0.023	0.056	-0.010
YDR069C	0.000	0.000	0.000	0.000	0.000	0.000	0.000	-0.143	-0.705	0.208	0.070	0.004	0.026	0.096
YDR074W	0.000	0.000	0.000	0.000	0.000	0.000	0.000	0.147	-0.118	-0.540	-0.038	0.008	-0.020	-0.165
YDR080W	0.000	0.000	0.000	0.000	0.000	0.000	0.000	-0.026	-0.040	-0.521	0.076	0.000	-0.022	-0.107
YDR129C	0.000	0.000	0.000	0.000	0.000	0.000	0.000	-0.288	-0.298	-0.835	-0.965	0.186	0.143	0.204
YDR135C	0.000	0.000	0.000	0.000	0.000	0.000	0.000	-0.772	-0.862	0.058	0.042	0.037	-0.109	0.022
YDR136C	0.000	0.000	0.000	0.000	0.000	0.000	0.000	-0.885	-0.813	-0.124	-0.041	0.065	-0.097	-0.188
YDR138W	0.000	0.000	0.000	0.000	0.000	0.000	0.000	-0.152	0.074	-0.584	0.091	0.078	0.069	-0.191
YDR174W	0.000	0.000	0.000	0.000	0.000	0.000	0.000	0.273	-0.532	0.012	0.091	0.014	0.071	0.120
YDR176W	0.000	0.000	0.000	0.000	0.000	0.000	0.000	-0.856	-0.648	0.232	0.306	0.087	-0.048	0.260
YDR200C	0.000	0.000	0.000	0.000	0.000	0.000	0.000	-0.028	0.030	-0.569	-0.568	0.069	-0.050	0.137
YDR207C	0.000	0.000	0.000	0.000	0.000	0.000	0.000	-0.147	-0.129	-0.312	-0.502	-0.034	-0.045	0.099
YDR226W	-0.756	0.040	0.042	0.014	-0.140	0.021	-0.036	-0.989	-0.142	-0.446	-0.087	0.044	-0.001	0.069
YDR233C	0.000	0.000	0.000	0.000	0.000	0.000	0.000	-0.090	-0.181	0.131	-0.514	-0.011	-0.049	0.074
YDR245W	0.000	0.000	0.000	0.000	0.000	0.000	0.000	-0.169	-0.909	-0.509	-0.965	-0.044	-0.053	-0.413
YDR264C	-0.013	-0.366	0.082	0.056	-0.550	0.078	0.057	-0.935	-0.820	-0.902	0.221	0.040	-0.050	-0.968
YDR268W	0.000	0.000	0.000	0.000	0.000	0.000	0.000	0.093	-0.478	-0.609	0.129	0.024	0.055	0.147
YDR293C	0.000	0.000	0.000	0.000	0.000	0.000	0.000	-0.772	-0.131	-0.127	-0.023	0.047	-0.029	0.054
YDR300C	-0.025	-0.097	0.019	-0.002	-0.777	0.059	-0.012	-0.133	-0.790	-0.764	-0.009	0.033	0.000	0.032
YDR320C	0.000	0.000	0.000	0.000	0.000	0.000	0.000	0.076	-0.321	0.349	-0.939	0.114	0.067	0.170
YDR323C	-0.111	-0.412	0.043	0.002	-0.558	-0.654	-0.084	-0.044	-0.787	-0.702	-0.507	0.023	-0.052	-0.931
YDR335W	0.000	0.000	0.000	0.000	0.000	0.000	0.000	0.089	-0.121	0.122	-0.672	0.041	0.020	0.099
YDR359C	0.000	0.000	0.000	0.000	0.000	0.000	0.000	-0.017	-0.615	-0.645	-0.130	-0.064	-0.081	-0.026
YDR377W	0.000	0.000	0.000	0.000	0.000	0.000	0.000	0.048	-0.216	-0.632	-0.040	0.022	-0.011	0.020
YDR388W	0.000	0.000	0.000	0.000	0.000	0.000	0.000	0.032	-0.580	-0.824	-0.640	0.101	0.035	0.148
YDR389W	0.000	0.000	0.000	0.000	0.000	0.000	0.000	0.025	0.037	0.309	-0.565	0.012	-0.015	0.107
YDR414C	0.000	0.000	0.000	0.000	0.000	0.000	0.000	0.075	-0.016	0.049	-0.737	0.049	-0.013	0.084
YDR442W	0.000	0.000	0.000	0.000	0.000	0.000	0.000	-0.427	-0.654	-0.368	-0.287	0.072	0.100	0.073
YDR443C	0.000	0.000	0.000	0.000	0.000	0.000	0.000	-0.032	-0.566	0.161	-0.218	0.004	-0.007	-0.018
YDR448W	0.000	0.000	0.000	0.000	0.000	0.000	0.000	-0.901	-0.794	0.573	0.053	0.007	-0.016	0.101
YDR455C	0.000	0.000	0.000	0.000	0.000	0.000	0.000	0.150	-0.175	-0.095	-0.557	-0.029	-0.061	0.004
YDR456W	0.000	0.000	0.000	0.000	0.000	0.000	0.000	0.102	-0.249	-0.158	-0.677	-0.046	-0.091	-0.063
YDR462W	0.000	0.000	0.000	0.000	0.000	0.000	0.000	0.178	-0.330	-0.548	0.044	0.083	0.093	0.083
YDR463W	0.000	0.000	0.000	0.000	0.000	0.000	0.000	-0.119	-0.381	-0.715	0.006	-0.110	-0.082	0.030
YDR477W	0.000	0.000	0.000	0.000	0.000	0.000	0.000	0.081	-0.622	-0.636	0.059	0.052	0.042	-0.152
YDR484W	0.000	0.000	0.000	0.000	0.000	0.000	0.000	0.070	-0.358	0.129	-0.023	-0.053	-0.017	-0.568
YDR486C	0.000	0.000	0.000	0.000	0.000	0.000	0.000	0.178	-0.485	-0.548	-0.066	0.084	0.012	0.011
YDR495C	0.000	0.000	0.000	0.000	0.000	0.000	0.000	0.089	-0.617	-0.760	-0.479	-0.110	0.063	-0.502
YDR507C	0.000	0.000	0.000	0.000	0.000	0.000	0.000	0.174	-0.413	-0.690	0.038	0.069	0.121	0.121
YDR509W	0.000	0.000	0.000	0.000	0.000	0.000	0.000	0.133	-0.584	0.530	0.085	0.077	0.060	0.065
YDR532C	0.000	0.000	0.000	0.000	0.000	0.000	0.000	0.165	-0.774	-0.273	0.045	0.103	0.076	0.020
YEL003W	0.000	0.000	0.000	0.000	0.000	0.000	0.000	-0.576	-0.187	-0.263	-0.275	-0.101	-0.025	-0.004
YEL027W	-0.037	-0.154	-0.079	-0.056	-0.934	-0.986	-0.127	0.020	-0.611	-0.907	-0.045	-0.205	-0.074	-0.995
YEL029C	-0.058	-0.573	-0.104	-0.001	-0.835	-0.059	-0.055	-0.743	-0.809	-0.916	-0.064	-0.134	0.091	-0.052
YEL031W	0.000	0.000	0.000	0.000	0.000	0.000	0.000	-0.245	-0.403	-0.651	-0.668	-0.133	-0.048	-0.065
YEL033W	0.000	0.000	0.000	0.000	0.000	0.000	0.000	0.060	-0.570	0.819	-0.032	-0.089	0.029	-0.018
YEL036C	-0.098	-0.618	-0.197	-0.117	-0.545	-0.107	-0.240	-0.139	-0.952	-0.706	-0.943	-0.252	-0.455	-0.080
YEL044W	-0.059	-0.069	-0.081	-0.068	-0.508	-0.056	-0.090	0.024	-0.501	-0.685	-0.075	-0.094	-0.048	-0.034
YEL045C	-0.084	-0.262	-0.085	-0.102	-0.660	-0.033	-0.123	-0.096	-0.764	-0.836	-0.094	-0.084	-0.079	-0.019
YEL046C	-0.036	-0.165	-0.082	-0.068	-0.779	-0.017	-0.076	-0.076	-0.817	-0.852	-0.089	-0.116	-0.089	-0.007
YEL050C	0.000	0.000	0.000	0.000	0.000	0.000	0.000	0.007	-0.495	-0.743	-0.037	-0.042	-0.013	0.029
YEL051W	0.026	-0.140	-0.049	-0.003	-0.934	-0.980	-0.007	0.024	-0.645	-0.913	-0.018	-0.069	0.014	-0.994
YEL054C	0.000	0.000	0.000	0.000	0.000	0.000	0.000	-0.059	-0.215	-0.594	-0.153	-0.132	-0.103	-0.119
YEL062W	-0.024	-0.223	-0.069	-0.021	-0.906	-0.041	-0.041	0.039	-0.619	-0.855	-0.011	-0.084	-0.041	-0.019
YER014C-A	-0.093	-0.836	0.018	0.013	-0.688	-0.116	-0.026	-0.669	-0.895	-0.687	-0.028	-0.050	0.023	-0.509
YER014W	-0.015	-0.537	-0.049	0.015	-0.433	-0.047	-0.004	-0.550	-0.574	-0.515	0.046	-0.044	0.060	-0.104
YER019W	-0.085	-0.300	-0.107	-0.078	-0.514	-0.079	-0.076	0.000	0.000	0.000	0.000	0.000	0.000	0.000
YER061C	0.000	0.000	0.000	0.000	0.000	0.000	0.000	0.106	-0.717	-0.115	0.130	0.161	0.176	0.088
YER068W	-0.025	0.041	0.010	-0.008	-0.770	-0.045	-0.123	0.161	-0.563	-0.927	-0.091	-0.037	0.017	0.054
YER070W	0.066	-0.504	0.005	-0.047	-0.342	-0.204	-0.099	-0.476	-0.870	-0.511	-0.037	-0.007	0.010	-0.057
YER074W	0.000	0.000	0.000	0.000	0.000	0.000	0.000	0.160	-0.277	-0.524	0.009	0.045	0.083	0.009
YER092W	0.000	0.000	0.000	0.000	0.000	0.000	0.000	0.118	-0.541	-0.044	0.099	-0.013	0.002	0.014
YER111C	0.000	0.000	0.000	0.000	0.000	0.000	0.000	0.095	-0.437	-0.504	0.054	0.112	0.050	0.115
YER117W	0.000	0.000	0.000	0.000	0.000	0.000	0.000	0.079	-0.680	0.582	0.108	0.159	0.063	0.165
YER118C	0.000	0.000	0.000	0.000	0.000	0.000	0.000	-0.060	-0.667	0.580	0.055	0.039	0.014	0.157
YER141W	0.000	0.000	0.000	0.000	0.000	0.000	0.000	-0.031	-0.582	-0.114	-0.056	-0.001	-0.000	0.036
YER151C	0.000	0.000	0.000	0.000	0.000	0.000	0.000	-0.088	-0.409	-0.682	0.028	0.028	-0.045	0.028
YER156C	0.000	0.000	0.000	0.000	0.000	0.000	0.000	-0.001	-0.272	0.162	0.006	0.059	0.032	-0.802
YER164W	0.000	0.000	0.000	0.000	0.000	0.000	0.000	-0.038	-0.651	-0.446	0.081	0.050	0.010	0.028
YFL001W	0.000	0.000	0.000	0.000	0.000	0.000	0.000	-0.728	-0.201	-0.142	-0.030	-0.029	0.042	0.063
YFL012W-A	0.000	0.000	0.000	0.000	0.000	0.000	0.000	0.048	-0.550	-0.157	-0.009	-0.022	0.061	0.187
YFL031W	0.011	-0.776	0.032	-0.026	0.108	0.020	0.017	0.042	-0.951	0.078	-0.085	-0.003	-0.036	-0.052
YFL032W	0.049	-0.732	0.027	0.009	0.179	0.021	0.033	0.135	-0.943	0.184	-0.064	0.063	-0.010	-0.056
YFR010W	0.000	0.000	0.000	0.000	0.000	0.000	0.000	0.111	-0.547	1.158	-0.060	0.011	-0.038	-0.000
YFR019W	0.000	0.000	0.000	0.000	0.000	0.000	0.000	0.163	-0.872	-0.626	0.041	0.023	0.129	0.073
YFR039C	0.000	0.000	0.000	0.000	0.000	0.000	0.000	0.007	-0.235	-0.038	-0.782	0.023	0.024	0.079
YFR048W	0.000	0.000	0.000	0.000	0.000	0.000	0.000	0.148	-0.501	-0.273	0.174	-0.010	0.008	0.063
YGL007W	0.023	-0.182	-0.025	-0.036	-0.532	-0.001	-0.091	0.010	-0.480	-0.730	0.044	-0.035	-0.012	-0.100
YGL012W	-0.047	-0.097	0.012	-0.022	-0.772	0.004	-0.103	-0.182	-0.208	-0.880	-0.962	-0.032	-0.042	-0.132
YGL020C	0.000	0.000	0.000	0.000	0.000	0.000	0.000	0.130	0.010	-0.032	0.120	0.062	0.134	-0.758
YGL026C	-0.023	-0.015	-0.014	-0.021	-0.598	-0.049	-0.142	0.073	-0.023	-0.896	-0.130	-0.060	-0.018	-0.106
YGL038C	0.006	-0.293	-0.015	0.025	-0.462	-0.041	-0.944	-0.853	-0.511	-0.845	-0.984	-0.047	-0.747	-0.951
YGL054C	0.000	0.000	0.000	0.000	0.000	0.000	0.000	0.041	-0.103	-0.662	-0.005	-0.028	-0.083	-0.095
YGL058W	0.000	0.000	0.000	0.000	0.000	0.000	0.000	0.096	-0.587	0.282	0.006	0.006	-0.002	0.057
YGL066W	0.000	0.000	0.000	0.000	0.000	0.000	0.000	-0.135	-0.594	-0.036	0.033	-0.055	0.028	-0.043
YGL070C	0.000	0.000	0.000	0.000	0.000	0.000	0.000	-0.938	-0.682	-0.457	0.066	-0.034	0.085	0.126
YGL071W	-0.006	0.014	0.024	-0.013	-0.747	-0.021	-0.048	0.028	-0.030	-0.703	0.027	-0.040	0.057	-0.892
YGL084C	0.000	0.000	0.000	0.000	0.000	0.000	0.000	-0.115	-0.221	-0.514	-0.637	-0.080	-0.042	-0.055
YGL095C	0.000	0.000	0.000	0.000	0.000	0.000	0.000	-0.971	-0.042	-0.643	-0.658	-0.010	0.089	-0.928
YGL107C	0.000	0.000	0.000	0.000	0.000	0.000	0.000	0.006	-0.208	-0.553	-0.044	0.004	0.039	-0.019
YGL109W	0.000	0.000	0.000	0.000	0.000	0.000	0.000	-0.044	-0.387	-0.570	0.031	0.065	0.023	0.097
YGL124C	0.000	0.000	0.000	0.000	0.000	0.000	0.000	-0.017	-0.157	-0.542	0.098	0.105	0.068	-0.803
YGL135W	0.000	0.000	0.000	0.000	0.000	0.000	0.000	0.179	-0.433	-0.680	-0.058	0.085	0.143	0.004
YGL165C	-0.032	-0.144	-0.020	-0.051	-0.103	-0.010	-0.963	-0.189	-0.199	-0.006	-0.984	-0.057	-0.084	-0.038
YGL166W	0.010	-0.125	0.006	-0.005	-0.061	0.052	-0.978	-0.040	-0.256	0.019	-0.986	-0.045	-0.015	0.030
YGL167C	0.000	0.000	0.000	0.000	0.000	0.000	0.000	-0.549	-0.208	-0.173	-0.034	-0.030	0.002	0.076
YGL195W	0.000	0.000	0.000	0.000	0.000	0.000	0.000	0.090	-0.417	-0.613	-0.011	-0.003	-0.015	-0.087
YGL197W	0.000	0.000	0.000	0.000	0.000	0.000	0.000	-0.022	-0.361	-0.576	-0.167	-0.001	-0.020	-0.066
YGL206C	0.000	0.000	0.000	0.000	0.000	0.000	0.000	0.023	-0.666	-0.440	-0.973	0.049	0.079	-0.209
YGL211W	0.000	0.000	0.000	0.000	0.000	0.000	0.000	0.054	-0.144	-0.056	-0.562	-0.001	-0.026	-0.040
YGL212W	-0.030	-0.159	0.053	-0.070	-0.613	-0.093	-0.029	-0.035	-0.188	-0.724	-0.071	-0.013	-0.028	-0.154
YGL213C	0.000	0.000	0.000	0.000	0.000	0.000	0.000	0.106	-0.263	-0.525	-0.001	0.017	0.013	-0.019
YGL231C	0.000	0.000	0.000	0.000	0.000	0.000	0.000	-0.050	-0.283	-0.354	-0.521	-0.057	-0.007	-0.063
YGL244W	0.000	0.000	0.000	0.000	0.000	0.000	0.000	0.085	-0.580	-0.454	0.093	0.001	-0.008	0.013
YGL250W	0.000	0.000	0.000	0.000	0.000	0.000	0.000	0.087	-0.686	0.159	0.015	-0.069	-0.032	0.002
YGR006W	-0.025	-0.494	-0.049	-0.135	-0.659	-0.163	-0.166	-0.722	-0.880	-0.686	-0.398	-0.060	-0.307	-0.646
YGR020C	-0.006	-0.080	-0.009	-0.022	-0.924	-0.975	-0.097	0.038	-0.394	-0.945	-0.051	-0.026	-0.041	-0.988
YGR036C	0.000	0.000	0.000	0.000	0.000	0.000	0.000	0.193	-0.161	-0.136	-0.044	0.032	0.033	-0.688
YGR055W	0.000	0.000	0.000	0.000	0.000	0.000	0.000	-0.172	-0.118	-0.947	-0.005	-0.018	-0.007	-0.172
YGR057C	0.000	0.000	0.000	0.000	0.000	0.000	0.000	-0.791	-0.135	-0.054	0.064	-0.010	0.020	-0.195
YGR077C	0.000	0.000	0.000	0.000	0.000	0.000	0.000	0.186	-0.167	0.114	0.175	0.111	0.127	-0.529
YGR078C	-0.685	-0.207	-0.057	-0.041	-0.021	-0.049	-0.017	-0.948	-0.378	0.058	0.111	-0.042	0.022	-0.057
YGR092W	0.000	0.000	0.000	0.000	0.000	0.000	0.000	-0.127	-0.776	-0.250	0.088	-0.004	-0.003	-0.283
YGR101W	0.000	0.000	0.000	0.000	0.000	0.000	0.000	0.119	-0.628	-0.745	0.096	0.080	0.082	-0.060
YGR102C	0.000	0.000	0.000	0.000	0.000	0.000	0.000	0.212	-0.411	-0.594	0.141	0.051	0.040	-0.013
YGR105W	0.088	-0.100	0.038	0.041	-0.930	-0.986	-0.047	0.237	-0.533	-0.952	0.097	0.112	-0.054	-0.991
YGR150C	0.000	0.000	0.000	0.000	0.000	0.000	0.000	0.010	-0.167	-0.578	0.059	-0.002	0.026	-0.047
YGR155W	0.103	0.110	0.014	-0.019	-0.817	0.052	-0.429	-0.275	-0.974	-0.995	-0.936	0.058	0.077	0.178
YGR160W	0.000	0.000	0.000	0.000	0.000	0.000	0.000	0.086	-0.605	0.265	-0.069	-0.014	-0.012	0.002
YGR165W	0.000	0.000	0.000	0.000	0.000	0.000	0.000	-0.055	-0.142	-0.548	-0.051	0.007	0.003	-0.119
YGR167W	-0.030	-0.720	0.030	0.047	-0.111	0.027	-0.017	-0.689	-0.910	-0.239	-0.635	-0.046	-0.028	-0.136
YGR170W	0.000	0.000	0.000	0.000	0.000	0.000	0.000	-0.078	-0.310	-0.288	-0.585	-0.082	-0.026	-0.066
YGR171C	0.000	0.000	0.000	0.000	0.000	0.000	0.000	-0.060	-0.181	-0.519	-0.020	0.014	0.002	-0.033
YGR180C	-0.045	-0.182	-0.000	0.003	-0.661	-0.109	-0.011	-0.206	-0.534	-0.763	-0.011	0.026	0.020	-0.303
YGR196C	-0.042	-0.595	-0.049	-0.055	-0.439	-0.051	-0.046	-0.062	-0.851	-0.656	-0.031	-0.050	0.026	-0.071
YGR219W	0.000	0.000	0.000	0.000	0.000	0.000	0.000	0.188	-0.506	0.401	0.222	0.110	0.113	0.020
YGR229C	0.000	0.000	0.000	0.000	0.000	0.000	0.000	-0.763	-0.156	-0.384	-0.870	-0.092	-0.137	-0.059
YGR252W	0.000	0.000	0.000	0.000	0.000	0.000	0.000	-0.692	-0.857	0.011	0.004	0.001	-0.088	0.159
YGR257C	0.000	0.000	0.000	0.000	0.000	0.000	0.000	-0.034	-0.524	-0.370	0.043	0.037	0.114	0.064
YGR262C	0.000	0.000	0.000	0.000	0.000	0.000	0.000	0.213	-0.815	-0.620	0.130	0.078	0.089	-0.619
YGR271C-A	0.000	0.000	0.000	0.000	0.000	0.000	0.000	0.104	-0.680	0.164	-0.064	-0.071	0.028	0.177
YGR285C	0.000	0.000	0.000	0.000	0.000	0.000	0.000	0.154	-0.047	0.222	-0.818	0.042	-0.003	0.002
YHL007C	0.000	0.000	0.000	0.000	0.000	0.000	0.000	0.040	-0.628	-0.042	0.048	0.098	0.054	0.065
YHL009C	0.000	0.000	0.000	0.000	0.000	0.000	0.000	-0.186	-0.588	-0.046	-0.019	-0.046	0.009	-0.029
YHL011C	0.000	0.000	0.000	0.000	0.000	0.000	0.000	0.064	-0.513	0.394	0.044	-0.014	-0.026	-0.017
YHL023C	0.078	-0.104	0.096	0.228	-0.875	0.062	0.071	0.128	-0.567	-0.877	0.122	0.031	0.056	-0.008
YHL025W	0.000	0.000	0.000	0.000	0.000	0.000	0.000	0.019	-0.842	-0.210	-0.135	-0.091	0.002	0.123
YHL031C	0.000	0.000	0.000	0.000	0.000	0.000	0.000	-0.043	-0.086	-0.575	-0.068	-0.005	0.046	-0.029
YHR010W	0.000	0.000	0.000	0.000	0.000	0.000	0.000	0.211	-0.001	-0.678	0.026	0.066	0.075	0.085
YHR030C	-0.050	-0.811	0.001	0.256	-0.864	0.021	-0.004	-0.119	-0.945	-0.888	0.063	-0.064	-0.019	0.032
YHR039C-A	0.052	-0.315	0.046	-0.164	-0.951	-0.990	0.075	0.178	-0.744	-0.967	0.151	0.096	-0.309	-0.995
YHR060W	-0.006	-0.082	-0.062	0.222	-0.930	-0.993	-0.068	-0.059	-0.573	-0.913	-0.069	-0.072	-0.001	-0.998
YHR079C	0.080	-0.631	0.102	0.369	0.090	0.086	0.113	0.041	-0.911	0.367	0.056	0.044	0.071	0.055
YHR104W	0.000	0.000	0.000	0.000	0.000	0.000	0.000	-0.071	-0.569	0.507	0.043	-0.020	0.030	0.021
YHR151C	0.000	0.000	0.000	0.000	0.000	0.000	0.000	-0.197	-0.314	-0.226	-0.475	-0.040	-0.032	-0.809
YHR177W	0.000	0.000	0.000	0.000	0.000	0.000	0.000	-0.145	-0.276	0.017	0.004	-0.031	-0.004	-0.512
YHR210C	0.000	0.000	0.000	0.000	0.000	0.000	0.000	-0.176	-0.243	-0.121	-0.562	-0.008	-0.022	0.009
YIL018W	0.000	0.000	0.000	0.000	0.000	0.000	0.000	0.060	-0.550	-0.203	-0.012	0.029	0.040	0.085
YIL033C	0.000	0.000	0.000	0.000	0.000	0.000	0.000	-0.989	-0.865	-0.569	0.052	-0.031	-0.058	0.012
YIL045W	0.000	0.000	0.000	0.000	0.000	0.000	0.000	-0.122	-0.507	-0.351	-0.133	-0.131	-0.035	-0.114
YIL053W	0.000	0.000	0.000	0.000	0.000	0.000	0.000	-0.047	-0.554	-0.015	-0.073	-0.064	-0.001	-0.093
YIL069C	0.000	0.000	0.000	0.000	0.000	0.000	0.000	0.122	-0.581	0.104	0.040	0.010	0.078	0.088
YIL077C	0.000	0.000	0.000	0.000	0.000	0.000	0.000	-0.035	-0.540	0.023	-0.223	-0.127	-0.062	-0.095
YIL093C	0.000	0.000	0.000	0.000	0.000	0.000	0.000	0.017	-0.250	-0.548	-0.027	0.016	0.032	-0.052
YIL098C	0.000	0.000	0.000	0.000	0.000	0.000	0.000	0.224	-0.554	0.112	-0.239	0.033	0.055	0.037
YIL105C	0.000	0.000	0.000	0.000	0.000	0.000	0.000	-0.041	-0.544	-0.123	-0.050	-0.011	0.017	-0.026
YIL107C	0.000	0.000	0.000	0.000	0.000	0.000	0.000	-0.050	-0.685	-0.121	-0.084	-0.017	-0.037	-0.034
YIL123W	0.000	0.000	0.000	0.000	0.000	0.000	0.000	0.101	-0.777	0.076	-0.039	0.063	0.029	-0.165
YIL125W	0.000	0.000	0.000	0.000	0.000	0.000	0.000	0.044	-0.549	-0.192	0.014	0.063	0.005	-0.019
YIL154C	0.042	-0.005	0.011	-0.036	-0.989	0.000	-0.130	0.000	0.000	0.000	0.000	0.000	0.000	0.000
YIL159W	0.000	0.000	0.000	0.000	0.000	0.000	0.000	0.045	-0.504	0.091	-0.026	0.017	-0.008	-0.027
YIL160C	0.000	0.000	0.000	0.000	0.000	0.000	0.000	0.063	-0.618	-0.103	-0.008	-0.031	-0.025	-0.080
YIR017C	0.000	0.000	0.000	0.000	0.000	0.000	0.000	-0.190	-0.521	0.050	-0.025	0.015	-0.006	-0.172
YIR023W	0.000	0.000	0.000	0.000	0.000	0.000	0.000	-0.017	-0.290	-0.115	-0.881	-0.066	-0.085	-0.103
YIR030C	0.000	0.000	0.000	0.000	0.000	0.000	0.000	-0.107	-0.277	-0.200	-0.546	-0.064	-0.056	-0.107
YIR033W	0.000	0.000	0.000	0.000	0.000	0.000	0.000	-0.012	-0.273	0.079	-0.086	0.001	0.051	-0.781
YJL012C	0.000	0.000	0.000	0.000	0.000	0.000	0.000	0.006	-0.021	-0.055	0.052	0.061	-0.009	-0.562
YJL022W	0.000	0.000	0.000	0.000	0.000	0.000	0.000	0.002	-0.205	-0.552	0.070	-0.104	0.052	-0.040
YJL028W	0.000	0.000	0.000	0.000	0.000	0.000	0.000	0.103	-0.148	-0.332	-0.916	0.007	-0.003	-0.861
YJL046W	0.000	0.000	0.000	0.000	0.000	0.000	0.000	0.226	-0.519	-0.149	0.081	0.108	0.208	0.008
YJL052W	0.000	0.000	0.000	0.000	0.000	0.000	0.000	0.003	-0.550	0.136	-0.037	0.007	0.009	0.048
YJL063C	0.000	0.000	0.000	0.000	0.000	0.000	0.000	0.014	-0.668	0.195	0.040	0.099	0.110	0.095
YJL075C	0.000	0.000	0.000	0.000	0.000	0.000	0.000	0.276	-0.768	-0.336	0.161	0.097	0.178	0.123
YJL092W	0.000	0.000	0.000	0.000	0.000	0.000	0.000	-0.018	-0.487	-0.697	0.181	0.112	0.136	-0.136
YJL095W	0.029	-0.875	0.100	0.113	-0.732	-0.059	0.044	0.094	-0.976	-0.652	0.224	0.046	0.061	-0.637
YJL101C	0.000	0.000	0.000	0.000	0.000	0.000	0.000	-0.020	-0.936	0.037	0.061	0.007	0.080	0.009
YJL115W	0.000	0.000	0.000	0.000	0.000	0.000	0.000	0.133	-0.608	-0.311	0.094	0.049	0.061	0.031
YJL117W	0.000	0.000	0.000	0.000	0.000	0.000	0.000	0.122	-0.206	-0.501	0.080	0.049	0.067	-0.473
YJL124C	0.000	0.000	0.000	0.000	0.000	0.000	0.000	0.199	-0.764	-0.023	0.124	-0.007	0.008	-0.063
YJL128C	0.000	0.000	0.000	0.000	0.000	0.000	0.000	-0.971	-0.251	-0.147	-0.018	-0.018	0.059	0.000
YJL129C	0.000	0.000	0.000	0.000	0.000	0.000	0.000	0.279	-0.050	-0.243	-0.926	0.077	0.088	-0.652
YJL131C	0.000	0.000	0.000	0.000	0.000	0.000	0.000	-0.593	-0.360	0.021	-0.019	-0.029	-0.041	-0.119
YJL150W	0.000	0.000	0.000	0.000	0.000	0.000	0.000	-0.240	-0.505	0.221	0.057	0.087	0.044	-0.041
YJL155C	0.000	0.000	0.000	0.000	0.000	0.000	0.000	-0.049	-0.640	-0.178	0.005	0.064	0.007	-0.029
YJL162C	0.000	0.000	0.000	0.000	0.000	0.000	0.000	0.090	-0.513	-0.183	0.061	0.007	0.066	-0.107
YJL164C	0.000	0.000	0.000	0.000	0.000	0.000	0.000	0.020	-0.535	0.171	0.044	0.026	0.044	-0.031
YJL165C	0.000	0.000	0.000	0.000	0.000	0.000	0.000	0.171	-0.074	0.487	-0.909	0.028	0.085	-0.462
YJL166W	0.000	0.000	0.000	0.000	0.000	0.000	0.000	0.072	-0.333	-0.500	0.052	0.094	0.097	0.001
YJL175W	0.000	0.000	0.000	0.000	0.000	0.000	0.000	0.058	-0.618	-0.300	0.144	0.002	0.035	0.187
YJL176C	0.024	-0.636	0.076	0.123	0.132	0.055	-0.032	-0.189	-0.877	0.322	0.101	0.025	0.100	0.068
YJL179W	0.000	0.000	0.000	0.000	0.000	0.000	0.000	-0.939	-0.771	-0.181	-0.093	0.031	0.043	-0.082
YJL183W	0.000	0.000	0.000	0.000	0.000	0.000	0.000	0.245	-0.917	-0.389	-0.480	-0.050	0.067	-0.358
YJL184W	0.000	0.000	0.000	0.000	0.000	0.000	0.000	0.314	-0.144	-0.402	-0.011	0.092	-0.057	-0.672
YJL186W	0.000	0.000	0.000	0.000	0.000	0.000	0.000	0.088	-0.621	0.101	0.031	0.011	0.088	-0.044
YJL187C	0.000	0.000	0.000	0.000	0.000	0.000	0.000	0.096	-0.548	-0.059	0.119	0.054	0.083	-0.010
YJL204C	0.000	0.000	0.000	0.000	0.000	0.000	0.000	0.146	-0.255	-0.101	0.039	-0.018	0.055	-0.507
YJR033C	0.000	0.000	0.000	0.000	0.000	0.000	0.000	0.249	0.022	-0.319	0.074	0.003	0.118	-0.696
YJR075W	0.000	0.000	0.000	0.000	0.000	0.000	0.000	-0.146	-0.542	-0.177	-0.648	0.009	-0.036	-0.092
YJR083C	0.000	0.000	0.000	0.000	0.000	0.000	0.000	-0.196	-0.576	-0.039	0.048	0.014	-0.049	-0.149
YJR087W	0.000	0.000	0.000	0.000	0.000	0.000	0.000	-0.014	-0.191	0.145	-0.539	-0.019	-0.029	-0.060
YJR090C	0.000	0.000	0.000	0.000	0.000	0.000	0.000	-0.078	-0.502	0.085	-0.320	-0.058	-0.034	-0.017
YJR091C	0.000	0.000	0.000	0.000	0.000	0.000	0.000	-0.027	-0.181	0.898	-0.759	-0.040	-0.047	-0.067
YJR102C	0.000	0.000	0.000	0.000	0.000	0.000	0.000	0.041	-0.222	-0.688	-0.175	-0.004	-0.037	-0.164
YJR104C	-0.082	-0.193	-0.042	-0.113	-0.813	-0.100	-0.112	-0.050	-0.550	-0.814	-0.252	-0.076	-0.071	-0.159
YJR105W	0.000	0.000	0.000	0.000	0.000	0.000	0.000	0.051	-0.794	-0.448	-0.013	0.020	-0.003	-0.091
YJR116W	0.000	0.000	0.000	0.000	0.000	0.000	0.000	-0.096	-0.097	0.381	-0.896	0.001	0.015	-0.144
YJR117W	0.000	0.000	0.000	0.000	0.000	0.000	0.000	0.005	-0.588	0.311	-0.612	-0.006	-0.015	-0.638
YJR122W	0.000	0.000	0.000	0.000	0.000	0.000	0.000	0.136	-0.604	0.066	0.119	0.079	0.027	-0.025
YJR139C	0.077	0.081	0.042	-0.005	-0.779	-0.082	-0.034	-0.023	-0.957	-0.864	-0.931	0.034	-0.014	-0.253
YJR145C	0.000	0.000	0.000	0.000	0.000	0.000	0.000	-0.021	-0.655	0.395	0.214	-0.066	-0.066	-0.148
YKL002W	0.000	0.000	0.000	0.000	0.000	0.000	0.000	0.101	-0.688	-0.403	-0.210	-0.024	0.000	-0.246
YKL003C	0.000	0.000	0.000	0.000	0.000	0.000	0.000	0.081	-0.522	0.294	0.019	0.084	0.125	0.090
YKL006W	0.000	0.000	0.000	0.000	0.000	0.000	0.000	-0.055	-0.780	-0.194	-0.118	-0.014	0.012	-0.045
YKL032C	0.000	0.000	0.000	0.000	0.000	0.000	0.000	0.006	-0.610	-0.269	-0.051	0.005	-0.048	-0.000
YKL041W	0.018	-0.651	0.007	-0.043	-0.242	-0.202	-0.073	0.008	-0.748	-0.347	-0.494	-0.002	0.004	-0.185
YKL054C	0.000	0.000	0.000	0.000	0.000	0.000	0.000	0.304	-0.509	0.047	-0.020	0.084	0.126	0.120
YKL076C	0.000	0.000	0.000	0.000	0.000	0.000	0.000	-0.092	-0.513	0.167	0.016	-0.051	-0.060	-0.218
YKL080W	-0.044	0.024	-0.101	0.012	-0.767	-0.890	-0.057	0.175	-0.451	-0.800	-0.016	0.039	0.113	-0.884
YKL101W	0.000	0.000	0.000	0.000	0.000	0.000	0.000	0.022	-0.319	-0.263	-0.099	-0.106	0.021	-0.526
YKL113C	0.000	0.000	0.000	0.000	0.000	0.000	0.000	0.010	-0.647	-0.079	-0.012	-0.048	0.050	-0.001
YKL119C	0.094	-0.065	0.010	0.060	-0.934	-0.990	-0.008	0.112	-0.629	-0.946	-0.059	0.007	0.083	-0.999
YKL121W	0.000	0.000	0.000	0.000	0.000	0.000	0.000	-0.288	-0.677	-0.242	-0.072	-0.064	-0.025	-0.451
YKL126W	-0.028	0.034	0.046	0.080	-0.964	0.042	0.117	-0.859	-0.141	-0.967	-0.959	-0.012	0.060	-0.319
YKL139W	0.000	0.000	0.000	0.000	0.000	0.000	0.000	0.317	0.032	-0.536	0.079	0.134	0.125	0.301
YKL170W	0.000	0.000	0.000	0.000	0.000	0.000	0.000	-0.106	-0.250	-0.507	-0.022	-0.010	-0.010	-0.128
YKL176C	0.000	0.000	0.000	0.000	0.000	0.000	0.000	-0.767	-0.240	-0.028	-0.027	-0.033	-0.036	-0.118
YKL190W	0.000	0.000	0.000	0.000	0.000	0.000	0.000	-0.019	-0.336	-0.609	-0.523	-0.045	-0.025	-0.797
YKL201C	0.000	0.000	0.000	0.000	0.000	0.000	0.000	-0.041	-0.571	-0.034	0.084	0.022	-0.026	-0.092
YKL205W	0.000	0.000	0.000	0.000	0.000	0.000	0.000	-0.057	-0.513	-0.295	0.059	0.029	0.002	-0.173
YKL206C	0.000	0.000	0.000	0.000	0.000	0.000	0.000	-0.025	-0.311	-0.050	-0.673	0.015	0.003	-0.123
YKL212W	0.000	0.000	0.000	0.000	0.000	0.000	0.000	-0.534	-0.092	-0.105	-0.666	0.030	-0.006	-0.142
YKL213C	0.000	0.000	0.000	0.000	0.000	0.000	0.000	0.064	-0.573	0.217	0.054	0.015	-0.069	-0.040
YKR001C	0.000	0.000	0.000	0.000	0.000	0.000	0.000	0.105	-0.128	-0.371	-0.535	0.040	-0.043	-0.046
YKR020W	0.000	0.000	0.000	0.000	0.000	0.000	0.000	0.155	-0.155	-0.044	0.043	0.075	0.012	-0.511
YKR085C	0.000	0.000	0.000	0.000	0.000	0.000	0.000	0.132	-0.159	-0.617	0.110	0.170	0.223	0.164
YLL002W	0.000	0.000	0.000	0.000	0.000	0.000	0.000	-0.090	-0.652	-0.539	0.147	0.074	0.235	-0.517
YLL006W	0.000	0.000	0.000	0.000	0.000	0.000	0.000	-0.001	-0.572	-0.559	0.015	0.078	-0.042	-0.170
YLL009C	0.000	0.000	0.000	0.000	0.000	0.000	0.000	0.164	-0.215	-0.567	0.121	0.139	0.059	-0.059
YLL013C	0.000	0.000	0.000	0.000	0.000	0.000	0.000	-0.099	-0.425	-0.520	-0.501	-0.003	-0.020	-0.532
YLL014W	0.000	0.000	0.000	0.000	0.000	0.000	0.000	-0.145	-0.183	-0.091	-0.071	0.050	-0.009	-0.752
YLL020C	0.000	0.000	0.000	0.000	0.000	0.000	0.000	-0.035	-0.310	-0.097	-0.600	-0.033	-0.052	-0.117
YLL021W	0.000	0.000	0.000	0.000	0.000	0.000	0.000	-0.215	-0.386	-0.332	-0.067	-0.062	-0.047	-0.506
YLL027W	0.000	0.000	0.000	0.000	0.000	0.000	0.000	0.348	-0.641	-0.252	0.158	0.188	0.173	0.082
YLL040C	0.000	0.000	0.000	0.000	0.000	0.000	0.000	0.115	-0.360	-0.064	0.026	0.009	0.072	-0.872
YLL043W	0.000	0.000	0.000	0.000	0.000	0.000	0.000	0.359	-0.754	-0.421	0.060	0.040	0.035	0.023
YLL044W	0.000	0.000	0.000	0.000	0.000	0.000	0.000	0.096	-0.591	0.091	0.052	-0.016	0.013	0.022
YLR006C	0.000	0.000	0.000	0.000	0.000	0.000	0.000	-0.984	-0.299	-0.262	-0.024	-0.028	-0.033	-0.775
YLR025W	0.000	0.000	0.000	0.000	0.000	0.000	0.000	0.380	-0.327	-0.609	-0.711	0.022	0.078	-0.293
YLR027C	0.000	0.000	0.000	0.000	0.000	0.000	0.000	0.187	-0.723	0.126	-0.048	0.019	0.017	-0.037
YLR052W	0.000	0.000	0.000	0.000	0.000	0.000	0.000	0.145	-0.639	-0.199	-0.005	0.091	0.040	0.010
YLR069C	0.000	0.000	0.000	0.000	0.000	0.000	0.000	0.281	-0.588	0.388	0.062	0.018	0.052	-0.014
YLR079W	0.000	0.000	0.000	0.000	0.000	0.000	0.000	0.050	-0.340	-0.243	0.042	0.086	0.059	-0.577
YLR085C	0.000	0.000	0.000	0.000	0.000	0.000	0.000	0.202	-0.128	0.187	0.052	0.052	0.108	-0.680
YLR087C	0.000	0.000	0.000	0.000	0.000	0.000	0.000	0.200	-0.385	-0.172	0.065	0.028	-0.020	-0.967
YLR093C	0.000	0.000	0.000	0.000	0.000	0.000	0.000	0.101	-0.061	0.183	0.123	0.035	-0.020	-0.590
YLR113W	0.000	0.000	0.000	0.000	0.000	0.000	0.000	-0.995	0.026	0.115	0.172	0.041	0.007	-0.262
YLR120C	0.000	0.000	0.000	0.000	0.000	0.000	0.000	0.347	-0.081	0.214	0.181	0.010	0.003	-0.668
YLR139C	0.000	0.000	0.000	0.000	0.000	0.000	0.000	0.222	-0.509	0.339	0.072	-0.090	0.058	0.008
YLR148W	-0.047	-0.301	-0.043	0.059	-0.842	-0.936	-0.100	-0.834	-0.919	-0.879	-0.600	-0.065	0.020	-0.956
YLR149C	0.000	0.000	0.000	0.000	0.000	0.000	0.000	0.199	-0.531	0.400	0.137	-0.055	0.096	0.090
YLR169W	0.000	0.000	0.000	0.000	0.000	0.000	0.000	-0.079	-0.445	-0.004	-0.638	-0.016	-0.061	-0.016
YLR180W	-0.017	-0.175	-0.024	-0.052	-0.970	-0.024	0.028	0.059	-0.137	-0.945	0.029	0.012	-0.056	0.012
YLR190W	0.000	0.000	0.000	0.000	0.000	0.000	0.000	-0.117	-0.503	0.094	0.016	0.032	-0.052	-0.070
YLR200W	-0.598	-0.131	-0.025	-0.003	0.015	0.031	0.012	-0.933	-0.289	0.176	-0.604	-0.057	0.014	0.101
YLR204W	0.000	0.000	0.000	0.000	0.000	0.000	0.000	-0.101	-0.560	-0.001	-0.125	-0.032	-0.086	-0.065
YLR226W	0.116	-0.509	0.047	-0.038	-0.394	-0.003	-0.016	0.280	-0.656	-0.479	0.203	0.084	-0.103	-0.240
YLR232W	0.000	0.000	0.000	0.000	0.000	0.000	0.000	0.068	-0.629	0.110	0.066	0.062	0.034	0.038
YLR234W	0.000	0.000	0.000	0.000	0.000	0.000	0.000	0.176	-0.525	-0.629	0.077	0.046	0.055	0.149
YLR235C	-0.009	0.022	0.004	0.034	-0.597	0.058	-0.107	0.200	-0.304	-0.717	-0.021	-0.015	0.037	-0.230
YLR240W	-0.106	-0.254	-0.016	0.041	-0.846	-0.842	-0.042	-0.981	-0.953	-0.896	-0.375	-0.032	0.063	-0.981
YLR268W	0.000	0.000	0.000	0.000	0.000	0.000	0.000	-0.674	-0.902	-0.534	0.004	-0.033	0.058	-0.801
YLR292C	0.000	0.000	0.000	0.000	0.000	0.000	0.000	-0.226	-0.686	0.036	-0.124	-0.073	-0.115	-0.173
YLR300W	0.000	0.000	0.000	0.000	0.000	0.000	0.000	-0.166	-0.501	0.210	-0.073	-0.038	-0.096	-0.074
YLR304C	0.000	0.000	0.000	0.000	0.000	0.000	0.000	0.033	-0.551	-0.635	0.028	0.016	0.045	0.097
YLR320W	0.000	0.000	0.000	0.000	0.000	0.000	0.000	0.121	-0.731	-0.403	0.093	0.003	0.036	-0.321
YLR331C	0.000	0.000	0.000	0.000	0.000	0.000	0.000	-0.088	-0.951	0.127	0.034	0.006	-0.100	0.036
YLR332W	-0.079	-0.595	-0.019	-0.070	-0.025	-0.041	-0.010	-0.196	-0.961	-0.128	0.004	-0.018	-0.089	-0.065
YLR337C	0.061	-0.647	0.082	0.241	-0.812	0.167	0.141	-0.911	-0.920	-0.959	-0.724	0.016	0.151	0.206
YLR338W	0.000	0.000	0.000	0.000	0.000	0.000	0.000	-0.067	-0.609	-0.594	-0.391	0.040	0.160	0.210
YLR358C	0.000	0.000	0.000	0.000	0.000	0.000	0.000	0.354	-0.120	-0.765	0.068	-0.017	0.039	0.184
YLR369W	0.000	0.000	0.000	0.000	0.000	0.000	0.000	-0.045	-0.198	-0.701	0.110	0.110	0.103	0.097
YLR370C	0.000	0.000	0.000	0.000	0.000	0.000	0.000	0.115	-0.585	-0.931	-0.974	-0.068	0.026	0.096
YLR372W	0.000	0.000	0.000	0.000	0.000	0.000	0.000	-0.965	-0.055	-0.093	0.041	0.089	0.010	-0.094
YLR373C	0.000	0.000	0.000	0.000	0.000	0.000	0.000	0.152	-0.375	-0.510	0.186	0.203	0.133	-0.616
YLR386W	0.000	0.000	0.000	0.000	0.000	0.000	0.000	0.235	-0.699	-0.337	0.036	0.057	0.041	0.029
YLR396C	-0.013	-0.013	0.066	0.021	-0.731	-0.805	0.033	-0.270	-0.772	-0.854	-0.577	0.035	0.007	-0.958
YLR407W	0.000	0.000	0.000	0.000	0.000	0.000	0.000	0.019	-0.659	0.272	0.121	0.055	0.012	0.090
YLR417W	0.000	0.000	0.000	0.000	0.000	0.000	0.000	0.230	-0.419	-0.644	-0.041	-0.031	0.029	-0.103
YLR423C	0.000	0.000	0.000	0.000	0.000	0.000	0.000	0.059	-0.572	-0.395	-0.094	-0.032	-0.034	-0.019
YLR425W	0.000	0.000	0.000	0.000	0.000	0.000	0.000	0.112	-0.528	-0.246	-0.128	-0.049	-0.112	0.014
YLR447C	0.039	-0.088	0.029	0.021	-0.939	-0.985	0.028	0.063	-0.473	-0.955	0.068	0.010	0.037	-0.997
YML001W	0.000	0.000	0.000	0.000	0.000	0.000	0.000	0.169	-0.176	-0.320	0.132	0.042	0.036	-0.731
YML007W	0.000	0.000	0.000	0.000	0.000	0.000	0.000	0.098	-0.516	-0.113	0.044	-0.015	0.020	0.030
YML008C	0.000	0.000	0.000	0.000	0.000	0.000	0.000	0.023	-0.312	-0.241	-0.845	0.050	0.016	-0.300
YML009C-A	0.000	0.000	0.000	0.000	0.000	0.000	0.000	0.105	-0.720	-0.738	-0.024	0.019	-0.037	-0.013
YML009W-B	0.000	0.000	0.000	0.000	0.000	0.000	0.000	0.241	-0.524	-0.233	0.159	0.030	0.023	0.080
YML012C-A	0.000	0.000	0.000	0.000	0.000	0.000	0.000	0.270	-0.808	-0.039	0.215	0.007	0.047	-0.142
YML016C	0.000	0.000	0.000	0.000	0.000	0.000	0.000	-0.926	-0.232	0.486	0.176	0.034	-0.026	-0.026
YML034C-A	0.000	0.000	0.000	0.000	0.000	0.000	0.000	0.028	-0.513	-0.071	-0.002	0.013	0.005	0.063
YML034W	0.000	0.000	0.000	0.000	0.000	0.000	0.000	0.125	-0.598	0.033	-0.054	0.023	0.018	0.023
YML072C	0.000	0.000	0.000	0.000	0.000	0.000	0.000	-0.063	-0.256	0.327	-0.845	-0.044	-0.022	-0.106
YML081W	0.000	0.000	0.000	0.000	0.000	0.000	0.000	0.083	-0.300	0.136	-0.762	0.004	-0.019	-0.018
YML094C-A	-0.914	-0.115	-0.055	-0.001	0.048	0.014	0.081	-0.974	-0.623	-0.661	-0.470	-0.113	0.199	0.009
YML096W	0.000	0.000	0.000	0.000	0.000	0.000	0.000	0.098	-0.385	-0.743	0.066	-0.021	0.126	0.167
YML097C	0.000	0.000	0.000	0.000	0.000	0.000	0.000	0.194	-0.326	-0.649	-0.565	-0.036	0.072	-0.019
YML110C	0.000	0.000	0.000	0.000	0.000	0.000	0.000	-0.116	-0.134	-0.559	0.041	-0.186	0.104	0.004
YML117W	0.000	0.000	0.000	0.000	0.000	0.000	0.000	0.003	-0.339	-0.670	0.184	0.005	0.013	-0.179
YMR003W	0.000	0.000	0.000	0.000	0.000	0.000	0.000	0.217	-0.520	-0.049	-0.367	0.036	0.020	0.131
YMR032W	0.000	0.000	0.000	0.000	0.000	0.000	0.000	0.114	-0.646	0.099	0.031	-0.027	0.084	-0.071
YMR035W	0.000	0.000	0.000	0.000	0.000	0.000	0.000	0.091	-0.321	-0.985	-0.959	0.047	0.012	-0.967
YMR036C	0.000	0.000	0.000	0.000	0.000	0.000	0.000	-0.049	-0.722	0.112	-0.176	0.020	0.016	-0.031
YMR038C	0.000	0.000	0.000	0.000	0.000	0.000	0.000	0.070	-0.761	-0.721	0.007	0.033	0.040	-0.007
YMR060C	0.000	0.000	0.000	0.000	0.000	0.000	0.000	-0.083	-0.653	0.013	0.011	0.005	0.010	-0.124
YMR073C	0.000	0.000	0.000	0.000	0.000	0.000	0.000	0.032	-0.323	-0.674	0.185	0.036	0.037	0.006
YMR077C	0.000	0.000	0.000	0.000	0.000	0.000	0.000	0.211	-0.179	-0.653	-0.032	0.032	0.044	-0.095
YMR091C	0.000	0.000	0.000	0.000	0.000	0.000	0.000	0.108	-0.558	-0.277	-0.072	-0.110	-0.068	0.023
YMR097C	0.000	0.000	0.000	0.000	0.000	0.000	0.000	0.250	-0.505	0.053	0.137	-0.097	0.127	0.026
YMR115W	0.000	0.000	0.000	0.000	0.000	0.000	0.000	0.143	-0.532	0.093	-0.087	-0.008	0.000	-0.055
YMR123W	0.035	-0.190	0.039	0.080	-0.293	-0.881	0.063	0.289	-0.623	-0.823	0.123	0.010	0.087	-0.985
YMR125W	0.000	0.000	0.000	0.000	0.000	0.000	0.000	0.216	-0.494	-0.614	0.141	0.083	0.005	-0.098
YMR126C	0.000	0.000	0.000	0.000	0.000	0.000	0.000	0.049	-0.343	-0.039	-0.399	0.039	0.003	-0.868
YMR138W	0.000	0.000	0.000	0.000	0.000	0.000	0.000	0.171	-0.086	-0.538	0.019	0.094	0.085	-0.122
YMR142C	0.000	0.000	0.000	0.000	0.000	0.000	0.000	0.220	-0.131	-0.646	0.053	-0.003	0.005	0.038
YMR152W	0.000	0.000	0.000	0.000	0.000	0.000	0.000	-0.094	-0.571	0.006	0.002	-0.019	0.021	-0.112
YMR156C	0.000	0.000	0.000	0.000	0.000	0.000	0.000	0.058	-0.621	-0.161	0.032	0.008	0.007	0.004
YMR202W	0.000	0.000	0.000	0.000	0.000	0.000	0.000	0.147	0.080	-0.416	0.080	0.060	0.180	-0.791
YMR205C	0.000	0.000	0.000	0.000	0.000	0.000	0.000	0.054	-0.687	-0.626	0.128	0.002	0.120	-0.690
YMR216C	0.000	0.000	0.000	0.000	0.000	0.000	0.000	0.091	-0.506	-0.719	0.140	-0.012	0.059	-0.034
YMR243C	0.000	0.000	0.000	0.000	0.000	0.000	0.000	0.074	-0.098	0.205	0.154	0.031	-0.007	-0.675
YMR275C	0.000	0.000	0.000	0.000	0.000	0.000	0.000	-0.993	-0.151	0.198	0.034	0.006	0.025	-0.011
YMR276W	0.037	0.025	0.297	-0.287	0.296	-0.590	0.076	0.000	0.000	0.000	0.000	0.000	0.000	0.000
YMR291W	0.000	0.000	0.000	0.000	0.000	0.000	0.000	-0.082	-0.356	-0.054	-0.907	-0.024	-0.139	-0.012
YMR294W	0.000	0.000	0.000	0.000	0.000	0.000	0.000	-0.153	-0.375	-0.097	0.350	0.227	0.265	-0.789
YMR315W	0.000	0.000	0.000	0.000	0.000	0.000	0.000	0.091	-0.321	-0.186	-0.819	-0.035	0.097	-0.012
YNL025C	0.000	0.000	0.000	0.000	0.000	0.000	0.000	-0.943	-0.669	0.197	-0.468	0.032	0.038	0.067
YNL032W	0.000	0.000	0.000	0.000	0.000	0.000	0.000	0.121	-0.180	0.019	-0.628	0.085	0.142	0.200
YNL054W	0.000	0.000	0.000	0.000	0.000	0.000	0.000	0.176	-0.633	-0.104	0.038	0.050	0.077	0.074
YNL059C	0.000	0.000	0.000	0.000	0.000	0.000	0.000	0.163	-0.672	-0.349	0.102	0.035	0.045	0.188
YNL064C	0.058	0.054	-0.010	0.056	-0.763	-0.064	0.023	-0.994	-0.047	-0.897	0.059	-0.017	0.048	0.084
YNL070W	0.000	0.000	0.000	0.000	0.000	0.000	0.000	0.078	-0.594	-0.430	-0.134	-0.077	-0.092	-0.638
YNL079C	0.000	0.000	0.000	0.000	0.000	0.000	0.000	-0.267	-0.534	-0.801	-0.867	-0.181	-0.074	-0.204
YNL080C	0.000	0.000	0.000	0.000	0.000	0.000	0.000	0.072	-0.689	-0.297	0.071	-0.097	-0.088	-0.591
YNL084C	-0.001	-0.158	0.026	0.050	-0.782	0.012	-0.006	0.072	-0.517	-0.921	-0.963	-0.042	0.058	-0.073
YNL099C	0.000	0.000	0.000	0.000	0.000	0.000	0.000	-0.064	-0.243	-0.318	-0.509	-0.069	-0.082	-0.141
YNL105W	0.000	0.000	0.000	0.000	0.000	0.000	0.000	-0.009	-0.200	-0.210	-0.532	-0.069	-0.088	-0.151
YNL106C	0.000	0.000	0.000	0.000	0.000	0.000	0.000	0.068	-0.211	-0.164	-0.569	-0.032	-0.036	-0.137
YNL119W	0.000	0.000	0.000	0.000	0.000	0.000	0.000	0.118	-0.232	-0.531	-0.887	-0.096	0.015	-0.313
YNL120C	0.000	0.000	0.000	0.000	0.000	0.000	0.000	0.164	-0.287	-0.296	-0.882	-0.087	-0.005	-0.124
YNL140C	0.021	-0.561	-0.010	0.040	-0.951	0.034	-0.544	-0.822	-0.898	-0.953	-0.961	-0.431	-0.483	-0.224
YNL147W	0.000	0.000	0.000	0.000	0.000	0.000	0.000	0.100	-0.569	0.111	0.084	-0.001	0.033	0.113
YNL184C	0.000	0.000	0.000	0.000	0.000	0.000	0.000	0.105	-0.201	-0.651	0.083	0.090	0.100	0.027
YNL197C	0.000	0.000	0.000	0.000	0.000	0.000	0.000	0.239	-0.645	0.075	0.042	-0.010	0.014	0.050
YNL206C	0.000	0.000	0.000	0.000	0.000	0.000	0.000	0.075	-0.149	-0.178	-0.129	-0.024	0.008	-0.579
YNL220W	0.000	0.000	0.000	0.000	0.000	0.000	0.000	0.076	-0.655	-0.172	0.070	-0.016	-0.033	-0.019
YNL229C	0.000	0.000	0.000	0.000	0.000	0.000	0.000	-0.926	-0.560	-0.911	0.006	0.024	0.068	0.034
YNL236W	0.000	0.000	0.000	0.000	0.000	0.000	0.000	-0.182	-0.288	-0.784	-0.809	-0.041	-0.035	-0.052
YNL250W	0.000	0.000	0.000	0.000	0.000	0.000	0.000	-0.202	-0.040	-0.536	0.031	-0.536	0.034	0.038
YNL271C	0.000	0.000	0.000	0.000	0.000	0.000	0.000	-0.116	-0.464	-0.547	-0.509	-0.147	-0.038	-0.236
YNL284C	0.000	0.000	0.000	0.000	0.000	0.000	0.000	0.023	-0.501	0.287	-0.014	0.003	0.040	0.036
YNL296W	0.181	0.164	0.122	0.041	-0.515	-0.939	0.209	0.107	-0.364	-0.764	-0.048	0.148	0.085	-0.979
YNL297C	0.000	0.000	0.000	0.000	0.000	0.000	0.000	-0.978	-0.161	-0.365	-0.797	0.066	0.031	-0.712
YNR005C	0.000	0.000	0.000	0.000	0.000	0.000	0.000	0.235	-0.526	-0.060	-0.134	0.064	0.135	0.114
YNR006W	0.000	0.000	0.000	0.000	0.000	0.000	0.000	0.314	-0.610	-0.166	-0.783	0.041	0.186	-0.019
YNR029C	0.000	0.000	0.000	0.000	0.000	0.000	0.000	0.104	-0.187	0.147	-0.622	0.083	0.169	0.131
YNR031C	0.000	0.000	0.000	0.000	0.000	0.000	0.000	-0.988	-0.186	-0.065	0.250	0.075	0.169	0.132
YNR037C	0.000	0.000	0.000	0.000	0.000	0.000	0.000	0.056	-0.181	-0.543	0.007	-0.044	0.003	-0.016
YNR052C	0.000	0.000	0.000	0.000	0.000	0.000	0.000	-0.179	-0.516	-0.539	-0.050	-0.053	0.081	-0.732
YNR060W	0.000	0.000	0.000	0.000	0.000	0.000	0.000	-0.146	-0.384	-0.033	-0.575	-0.001	-0.049	-0.111
YOL001W	0.000	0.000	0.000	0.000	0.000	0.000	0.000	0.092	-0.803	-0.105	-0.682	0.042	-0.088	-0.263
YOL004W	0.000	0.000	0.000	0.000	0.000	0.000	0.000	-0.974	-0.485	0.070	0.156	0.009	-0.028	-0.094
YOL018C	0.000	0.000	0.000	0.000	0.000	0.000	0.000	0.025	-0.142	0.166	-0.406	0.055	0.020	-0.777
YOL033W	0.000	0.000	0.000	0.000	0.000	0.000	0.000	0.011	-0.201	-0.585	-0.015	0.052	0.071	-0.018
YOL049W	0.000	0.000	0.000	0.000	0.000	0.000	0.000	0.036	-0.844	-0.752	0.008	0.016	0.025	-0.085
YOL051W	0.000	0.000	0.000	0.000	0.000	0.000	0.000	0.000	-0.014	-0.612	-0.143	-0.034	0.002	0.075
YOL060C	0.000	0.000	0.000	0.000	0.000	0.000	0.000	-0.110	-0.520	-0.429	-0.051	-0.061	-0.035	-0.134
YOL064C	0.000	0.000	0.000	0.000	0.000	0.000	0.000	0.187	0.058	0.087	-0.087	0.037	0.038	-0.611
YOL067C	0.000	0.000	0.000	0.000	0.000	0.000	0.000	-0.071	-0.481	-0.575	-0.131	-0.020	-0.024	-0.133
YOL072W	0.000	0.000	0.000	0.000	0.000	0.000	0.000	0.116	-0.362	-0.507	-0.074	-0.218	-0.045	-0.487
YOL075C	0.000	0.000	0.000	0.000	0.000	0.000	0.000	-0.113	-0.414	-0.425	-0.713	-0.203	-0.115	-0.439
YOL076W	0.021	-0.044	-0.028	0.030	-0.822	-0.045	-0.025	0.095	-0.268	-0.895	-0.041	-0.085	-0.052	-0.308
YOL081W	0.000	0.000	0.000	0.000	0.000	0.000	0.000	-0.932	-0.662	-0.520	0.017	0.042	-0.036	-0.645
YOL086C	-0.948	-0.690	-0.097	-0.421	-0.260	-0.455	-0.493	-0.995	-0.972	-0.959	-0.532	-0.326	-0.614	-0.625
YOL089C	0.000	0.000	0.000	0.000	0.000	0.000	0.000	-0.101	-0.623	0.014	0.011	-0.037	-0.077	-0.009
YOL121C	0.000	0.000	0.000	0.000	0.000	0.000	0.000	0.029	-0.504	-0.066	-0.076	-0.017	-0.094	-0.125
YOL148C	-0.174	-0.765	-0.052	0.044	0.015	0.039	0.033	-0.641	-0.932	-0.260	0.076	-0.092	0.052	0.090
YOR014W	0.000	0.000	0.000	0.000	0.000	0.000	0.000	0.306	-0.077	-0.682	-0.275	-0.027	0.064	0.099
YOR028C	0.000	0.000	0.000	0.000	0.000	0.000	0.000	-0.042	-0.259	0.095	-0.531	-0.020	-0.078	-0.072
YOR035C	0.000	0.000	0.000	0.000	0.000	0.000	0.000	0.154	-0.269	-0.895	-0.868	-0.002	0.045	0.134
YOR036W	0.009	-0.328	0.001	0.023	-0.432	-0.507	-0.018	0.261	-0.780	-0.776	-0.425	-0.013	0.026	-0.872
YOR043W	0.000	0.000	0.000	0.000	0.000	0.000	0.000	0.086	-0.525	0.402	-0.501	0.032	0.018	0.038
YOR079C	0.000	0.000	0.000	0.000	0.000	0.000	0.000	-0.083	-0.599	0.063	-0.062	-0.002	-0.013	0.019
YOR080W	0.000	0.000	0.000	0.000	0.000	0.000	0.000	-0.028	-0.362	-0.624	0.132	0.062	0.081	0.021
YOR093C	0.000	0.000	0.000	0.000	0.000	0.000	0.000	-0.068	-0.611	0.184	-0.047	-0.002	-0.041	0.005
YOR096W	0.000	0.000	0.000	0.000	0.000	0.000	0.000	0.278	-0.420	-0.812	0.048	0.013	0.091	0.136
YOR104W	0.000	0.000	0.000	0.000	0.000	0.000	0.000	-0.000	-0.604	-0.043	0.059	0.093	0.069	-0.016
YOR106W	0.000	0.000	0.000	0.000	0.000	0.000	0.000	0.051	-0.154	-0.572	0.051	0.029	0.045	-0.296
YOR109W	0.000	0.000	0.000	0.000	0.000	0.000	0.000	-0.114	-0.194	-0.519	-0.098	0.011	-0.014	-0.021
YOR127W	0.000	0.000	0.000	0.000	0.000	0.000	0.000	0.025	-0.567	-0.308	0.008	0.047	0.057	0.082
YOR198C	0.000	0.000	0.000	0.000	0.000	0.000	0.000	0.045	-0.684	0.250	0.061	0.053	0.042	0.050
YOR200W	0.000	0.000	0.000	0.000	0.000	0.000	0.000	-0.063	-0.108	-0.524	0.102	0.140	0.023	0.051
YOR209C	0.000	0.000	0.000	0.000	0.000	0.000	0.000	-0.027	-0.160	-0.452	-0.501	0.156	0.102	-0.439
YOR231W	0.000	0.000	0.000	0.000	0.000	0.000	0.000	-0.107	-0.540	-0.205	-0.042	0.059	0.040	-0.052
YOR271C	0.000	0.000	0.000	0.000	0.000	0.000	0.000	0.236	-0.137	-0.404	0.141	-0.037	-0.039	-0.575
YOR290C	0.017	-0.707	-0.076	-0.024	0.263	0.100	-0.105	0.087	-0.836	0.210	-0.076	0.003	-0.003	-0.013
YOR305W	0.000	0.000	0.000	0.000	0.000	0.000	0.000	0.186	0.076	-0.558	0.074	0.078	0.157	0.082
YOR312C	0.000	0.000	0.000	0.000	0.000	0.000	0.000	0.151	-0.288	-0.117	-0.537	0.011	-0.006	-0.024
YOR322C	0.000	0.000	0.000	0.000	0.000	0.000	0.000	-0.035	-0.519	-0.124	0.109	0.034	0.016	-0.085
YOR323C	0.000	0.000	0.000	0.000	0.000	0.000	0.000	-0.143	-0.313	0.183	-0.034	0.031	-0.016	-0.615
YOR331C	0.003	-0.018	0.039	0.013	-0.926	-0.989	-0.021	0.184	-0.285	-0.927	0.059	0.037	0.009	-0.995
YOR332W	0.008	-0.012	-0.053	0.068	-0.923	-0.965	0.021	0.209	-0.580	-0.943	0.010	-0.011	-0.072	-0.974
YOR364W	0.000	0.000	0.000	0.000	0.000	0.000	0.000	0.036	-0.520	-0.135	-0.023	0.083	0.076	-0.024
YPL002C	0.001	-0.050	-0.064	0.008	-0.544	-0.078	-0.006	0.091	-0.402	-0.790	-0.370	-0.024	0.035	-0.122
YPL004C	0.000	0.000	0.000	0.000	0.000	0.000	0.000	0.076	-0.121	-0.087	-0.594	-0.027	0.001	-0.038
YPL013C	0.000	0.000	0.000	0.000	0.000	0.000	0.000	-0.072	-0.189	-0.552	-0.030	0.003	0.037	-0.006
YPL029W	0.000	0.000	0.000	0.000	0.000	0.000	0.000	0.000	-0.160	-0.575	0.061	-0.007	0.088	0.030
YPL031C	0.000	0.000	0.000	0.000	0.000	0.000	0.000	-0.681	-0.045	-0.228	-0.051	0.017	0.011	-0.018
YPL038W	0.000	0.000	0.000	0.000	0.000	0.000	0.000	-0.059	-0.207	-0.668	-0.049	-0.028	-0.051	-0.026
YPL040C	0.000	0.000	0.000	0.000	0.000	0.000	0.000	-0.008	-0.131	-0.540	0.018	0.062	0.065	-0.029
YPL042C	0.000	0.000	0.000	0.000	0.000	0.000	0.000	-0.709	-0.769	-0.014	-0.358	-0.039	-0.001	-0.070
YPL045W	0.038	-0.350	0.067	0.076	-0.900	-0.785	-0.023	0.030	-0.869	-0.935	-0.448	-0.235	0.160	-0.963
YPL050C	0.025	-0.337	-0.015	0.102	-0.697	0.006	-0.430	-0.070	-0.922	-0.878	-0.889	-0.036	-0.987	-0.702
YPL057C	0.000	0.000	0.000	0.000	0.000	0.000	0.000	-0.126	-0.401	-0.554	0.126	-0.071	0.016	0.027
YPL065W	0.000	0.000	0.000	0.000	0.000	0.000	0.000	0.122	-0.216	-0.645	-0.101	0.006	0.141	0.037
YPL084W	0.000	0.000	0.000	0.000	0.000	0.000	0.000	0.172	-0.602	-0.415	-0.337	0.065	0.030	0.146
YPL089C	0.000	0.000	0.000	0.000	0.000	0.000	0.000	0.021	-0.741	0.003	-0.037	0.047	-0.016	0.009
YPL090C	0.000	0.000	0.000	0.000	0.000	0.000	0.000	0.130	-0.229	-0.650	-0.081	0.041	-0.012	-0.061
YPL097W	0.000	0.000	0.000	0.000	0.000	0.000	0.000	0.009	-0.202	-0.540	0.023	0.018	0.046	-0.005
YPL102C	0.000	0.000	0.000	0.000	0.000	0.000	0.000	0.127	-0.150	-0.550	-0.070	0.001	-0.003	-0.004
YPL104W	0.000	0.000	0.000	0.000	0.000	0.000	0.000	0.154	-0.095	-0.826	-0.079	0.006	0.031	0.104
YPL106C	0.000	0.000	0.000	0.000	0.000	0.000	0.000	0.112	-0.308	-0.015	-0.127	-0.015	0.042	-0.519
YPL137C	0.000	0.000	0.000	0.000	0.000	0.000	0.000	0.134	-0.122	-0.565	-0.020	0.070	0.041	-0.010
YPL161C	-0.073	-0.117	0.007	-0.010	-0.576	-0.019	-0.024	-0.178	-0.143	-0.812	-0.509	-0.007	0.057	-0.106
YPL163C	0.000	0.000	0.000	0.000	0.000	0.000	0.000	-0.044	-0.528	-0.230	0.001	-0.013	0.007	0.006
YPL173W	0.000	0.000	0.000	0.000	0.000	0.000	0.000	-0.172	-0.299	-0.500	-0.045	0.003	0.019	-0.049
YPL177C	0.000	0.000	0.000	0.000	0.000	0.000	0.000	-0.097	-0.442	-0.519	-0.069	-0.011	0.006	0.002
YPL178W	0.000	0.000	0.000	0.000	0.000	0.000	0.000	-0.014	-0.626	-0.513	-0.019	-0.039	-0.036	-0.324
YPL183C	0.000	0.000	0.000	0.000	0.000	0.000	0.000	0.144	-0.094	-0.554	0.041	0.167	0.105	0.174
YPL254W	0.000	0.000	0.000	0.000	0.000	0.000	0.000	-0.094	-0.735	-0.161	-0.111	-0.053	-0.017	0.000
YPL268W	0.000	0.000	0.000	0.000	0.000	0.000	0.000	0.283	-0.265	0.047	-0.017	0.100	0.123	-0.533
YPL269W	0.000	0.000	0.000	0.000	0.000	0.000	0.000	-0.174	-0.495	-0.525	-0.163	-0.081	-0.065	-0.603
YPL271W	0.000	0.000	0.000	0.000	0.000	0.000	0.000	-0.262	-0.742	-0.644	0.006	0.029	0.107	0.007
YPR032W	0.000	0.000	0.000	0.000	0.000	0.000	0.000	0.074	0.033	-0.165	-0.659	0.044	0.029	0.138
YPR036W	0.103	0.051	0.088	0.124	-0.907	-0.977	0.078	0.188	-0.378	-0.908	0.149	0.056	-0.223	-0.988
YPR040W	0.000	0.000	0.000	0.000	0.000	0.000	0.000	0.032	-0.381	-0.533	0.030	-0.042	0.004	0.093
YPR047W	0.000	0.000	0.000	0.000	0.000	0.000	0.000	0.132	-0.435	-0.556	0.060	0.069	0.169	0.066
YPR060C	0.000	0.000	0.000	0.000	0.000	0.000	0.000	0.064	-0.473	-0.668	-0.067	0.016	0.093	0.061
YPR067W	0.000	0.000	0.000	0.000	0.000	0.000	0.000	0.279	-0.624	0.099	0.057	0.132	0.177	0.167
YPR070W	0.000	0.000	0.000	0.000	0.000	0.000	0.000	-0.143	-0.508	-0.036	0.024	0.008	0.084	-0.009
YPR072W	0.061	-0.003	0.019	0.061	-0.759	0.048	-0.258	-0.372	-0.653	-0.806	-0.386	0.014	0.013	0.115
YPR075C	0.000	0.000	0.000	0.000	0.000	0.000	0.000	0.019	-0.582	-0.070	0.035	0.009	0.109	0.057
YPR076W	0.000	0.000	0.000	0.000	0.000	0.000	0.000	-0.010	-0.549	0.204	0.045	0.038	0.081	-0.007
YPR101W	0.000	0.000	0.000	0.000	0.000	0.000	0.000	0.063	-0.514	0.087	0.024	-0.013	0.037	0.148
YPR123C	0.000	0.000	0.000	0.000	0.000	0.000	0.000	0.067	-0.073	-0.698	0.093	0.009	-0.002	0.034
YPR133W-A	0.000	0.000	0.000	0.000	0.000	0.000	0.000	0.087	-0.666	-0.457	0.036	0.012	0.063	-0.205
YPR135W	0.000	0.000	0.000	0.000	0.000	0.000	0.000	-0.214	-0.408	-0.590	-0.008	-0.085	-0.017	-0.125
YPR139C	0.000	0.000	0.000	0.000	0.000	0.000	0.000	0.060	-0.755	-0.034	0.094	0.073	0.195	0.172
YPR199C	0.000	0.000	0.000	0.000	0.000	0.000	0.000	-0.555	0.019	0.252	-0.022	0.005	0.110	0.054
YPR201W	0.000	0.000	0.000	0.000	0.000	0.000	0.000	-0.712	0.001	0.225	0.024	-0.010	0.084	0.069