orf	hom | growth (relative abundance in pooled culture) | toxaphene [160 uM] | Gaytan BD~Vulpe CD, 2013	hom | growth (relative abundance in pooled culture) | toxaphene [320 uM] | Gaytan BD~Vulpe CD, 2013	hom | growth (relative abundance in pooled culture) | toxaphene [640 uM] | Gaytan BD~Vulpe CD, 2013
YAL002W	1.3	1.0	0.0
YAL053W	-0.9	-1.1	0.0
YAL064C-A	1.3	1.1	0.0
YAR031W	0.0	-0.8	-0.9
YBL007C	0.0	0.0	1.5
YBL012C	0.0	0.0	-1.3
YBL013W	5.4	5.2	5.3
YBL019W	1.9	1.8	1.4
YBL038W	0.0	0.0	1.9
YBL039C	0.0	1.1	0.0
YBL047C	0.0	1.0	1.0
YBL061C	0.0	2.3	2.1
YBL065W	5.2	5.2	5.0
YBL079W	0.0	1.4	0.0
YBL090W	2.4	2.3	2.2
YBL096C	2.1	2.0	1.9
YBL102W	1.2	0.0	0.0
YBL106C	0.0	1.1	0.0
YBL107C	3.0	2.8	2.7
YBR006W	2.4	2.5	2.0
YBR013C	1.4	1.4	1.3
YBR015C	0.0	1.2	0.0
YBR026C	2.9	2.9	2.8
YBR027C	1.0	1.3	0.0
YBR037C	1.2	0.0	0.0
YBR040W	1.2	1.4	1.3
YBR046C	0.0	1.1	0.0
YBR048W	1.1	0.0	0.0
YBR057C	2.1	0.0	1.8
YBR068C	-0.9	-0.8	0.0
YBR074W	3.7	3.9	3.7
YBR077C	2.0	2.0	1.8
YBR084C-A	2.5	2.4	2.3
YBR090C	0.0	1.1	0.0
YBR106W	0.0	0.0	-1.5
YBR107C	1.5	1.4	0.0
YBR129C	2.0	1.9	2.0
YBR134W	2.7	2.6	3.0
YBR138C	5.2	5.5	5.4
YBR141C	1.4	1.6	0.0
YBR146W	1.2	0.0	0.0
YBR147W	1.6	1.6	1.6
YBR149W	3.8	3.8	3.7
YBR156C	0.0	0.0	1.5
YBR162C	0.0	1.8	2.2
YBR170C	1.6	1.9	1.7000000000000002
YBR171W	-2.3	-2.6	-2.4
YBR173C	2.3	2.2	1.9
YBR184W	1.3	0.0	0.0
YBR231C	0.0	0.0	1.1
YBR259W	2.1	2.1	1.9
YBR277C	0.0	1.1	0.0
YBR278W	0.0	1.0	0.0
YCL005W	3.2	3.6	3.1
YCL010C	0.0	1.5	0.0
YCL024W	1.3	0.0	0.0
YCL037C	2.4	1.7000000000000002	2.2
YCL049C	1.2	1.1	0.0
YCL058C	1.2	0.0	0.0
YCR007C	4.7	4.5	4.3
YCR009C	-1.65	0.0	0.0
YCR051W	1.3	0.0	0.0
YCR053W	0.0	-1.1	-1.4
YCR063W	1.0	0.0	0.0
YCR071C	-1.4	-1.7000000000000002	-2.6
YCR086W	-0.9	-1.1	-1.5
YCR087C-A	1.3	0.0	0.0
YCR101C	2.5	2.1	1.8
YDL010W	5.5	5.4	5.3
YDL013W	1.0	0.0	0.0
YDL020C	-3.15	-3.05	-2.55
YDL033C	1.4	1.4	1.6
YDL041W	0.0	0.0	2.7
YDL065C	2.0	2.0	1.8
YDL070W	3.2	3.5	3.4
YDL082W	2.4	2.8	2.8
YDL100C	-1.3	0.0	0.0
YDL117W	0.0	0.0	1.8
YDL127W	1.7000000000000002	1.6	1.7000000000000002
YDL161W	1.4	1.4	1.4
YDL175C	1.4	1.6	1.6
YDL188C	1.6	1.7000000000000002	1.8
YDL197C	0.9	1.0	0.0
YDL199C	1.5	1.3	1.3
YDL215C	1.7000000000000002	1.8	1.8
YDL231C	1.1	1.3	1.3
YDL241W	2.8	2.7	2.9
YDR007W	0.0	-0.9	0.0
YDR008C	-2.3	-2.8	-3.1
YDR028C	-1.5	0.0	-1.5
YDR032C	1.1	1.1	0.0
YDR035W	0.0	-1.1	-0.9
YDR055W	1.4	1.5	1.6
YDR083W	1.3	1.2	0.0
YDR085C	2.1	2.3	2.1
YDR097C	1.3	1.5	0.0
YDR098C	1.5	1.8	1.7000000000000002
YDR120C	1.4	1.6	1.5
YDR121W	0.0	1.3	0.0
YDR122W	4.4	4.4	4.7
YDR124W	2.8	3.0	2.8
YDR126W	-2.9	-3.2	-3.0
YDR128W	0.0	1.1	0.0
YDR146C	0.0	1.3	0.0
YDR179W-A	0.0	0.0	1.7000000000000002
YDR203W	-1.6	-1.9	-2.2
YDR204W	-1.0	-1.5	-1.4
YDR213W	1.0	1.0	0.0
YDR221W	2.7	2.8	2.9
YDR230W	0.0	-1.0	-1.0
YDR231C	-1.45	-1.85	-2.05
YDR249C	0.0	1.0	0.0
YDR274C	1.2	1.2	0.0
YDR279W	1.2	1.3	0.0
YDR286C	1.1	1.1	0.0
YDR291W	4.7	4.7	4.7
YDR322W	0.0	0.0	-1.1
YDR336W	2.6	2.7	2.5
YDR340W	0.0	0.0	1.2
YDR347W	0.0	1.1	1.2
YDR351W	1.5	1.5	1.6
YDR352W	1.0	1.2	0.0
YDR354W	-2.9	-4.5	-4.7
YDR357C	0.0	1.0	0.0
YDR360W	1.9	2.6	2.4
YDR363W	1.7000000000000002	2.0	2.0
YDR363W-A	1.5	0.0	0.0
YDR377W	-1.2	0.0	0.0
YDR379W	1.4	1.6	1.5
YDR384C	3.6	3.9	3.8
YDR385W	2.15	3.0	2.4
YDR391C	1.9	2.1	1.7000000000000002
YDR393W	1.5	1.5	0.0
YDR400W	3.0	3.0	2.8
YDR403W	2.3	1.9	2.6
YDR405W	0.0	0.0	-1.3
YDR415C	1.5	1.4	1.3
YDR423C	1.4	1.8	1.6
YDR430C	0.0	1.4	0.0
YDR435C	0.0	1.2	0.0
YDR439W	0.0	0.0	-1.1
YDR440W	1.4	1.5	1.6
YDR443C	1.3	1.15	0.0
YDR444W	1.7000000000000002	1.8	1.8
YDR447C	1.2	0.0	0.0
YDR453C	1.1	1.3	1.3
YDR455C	-1.4	-1.5	-1.3
YDR456W	2.2	0.5	2.3
YDR463W	-2.5	-3.1	-3.0
YDR484W	0.0	0.0	-1.7000000000000002
YDR539W	1.0	1.2	1.0
YEL023C	2.5	2.2	2.4
YEL028W	5.7	5.7	5.4
YEL031W	-1.55	-1.4	0.0
YEL033W	0.0	0.0	1.3
YEL039C	1.4	0.0	0.0
YEL045C	-2.2	-2.6	-2.4
YEL057C	1.8	1.5	0.0
YEL062W	0.0	-1.3	-1.4
YEL071W	1.7000000000000002	1.3	1.2
YER005W	0.0	0.0	-0.8
YER032W	2.8	2.9	2.7
YER050C	1.4	1.2	0.0
YER055C	1.5	1.3	0.0
YER056C	2.6	2.5	2.3
YER060W-A	3.3	3.2	2.9
YER066W	1.6	1.4	1.4
YER084W	-1.0	0.0	-1.1
YER110C	1.35	1.4	0.0
YER111C	0.0	0.0	1.4
YER124C	1.0	0.0	0.0
YER135C	1.2	1.0	0.0
YER141W	0.0	-1.2	-1.45
YER151C	0.0	-1.5	-2.05
YER152C	1.1	0.0	0.0
YER153C	0.0	0.0	-1.65
YER154W	0.0	0.0	-1.3
YER156C	1.7000000000000002	1.65	1.6
YER163C	1.1	0.0	0.0
YER175C	2.3	2.0	1.9
YER180C	0.0	1.0	0.0
YER187W	1.2	1.1	0.0
YFL003C	1.7000000000000002	1.5	0.0
YFL014W	2.2	2.4	1.8
YFL015C	1.9	1.7000000000000002	1.4
YFL023W	0.0	1.8	0.0
YFL025C	0.0	0.0	-1.7000000000000002
YFL031W	0.0	-2.0	0.0
YFL040W	1.8	1.6	0.0
YFL041W	3.7	3.5	3.3
YFL048C	1.2	0.0	0.0
YFL063W	1.1	0.0	0.0
YFR007W	1.2	0.0	0.0
YFR009W	0.0	-1.2	-1.4
YFR016C	2.3	1.9	1.3
YFR017C	1.3	0.0	0.0
YFR018C	1.8	1.6	0.0
YFR026C	2.9	2.7	2.3
YFR031C-A	1.3	0.0	0.0
YFR032C	1.2	1.2	0.0
YFR034C	-1.4	0.0	0.0
YFR036W	1.3	0.0	0.0
YFR044C	2.2	1.9	1.4
YGL005C	-1.5	-1.4	-1.4
YGL007W	-1.0	0.0	0.0
YGL013C	-2.15	-2.25	-2.7
YGL015C	2.4	2.4	2.4
YGL020C	-1.9	0.0	-2.1
YGL025C	-1.5	0.0	0.0
YGL031C	0.0	1.3	1.3
YGL037C	1.8	1.9	1.9
YGL043W	-0.8	-0.8	-1.0
YGL054C	-1.4	0.0	-1.7000000000000002
YGL064C	1.2	0.0	0.0
YGL114W	4.5	4.5	4.6
YGL147C	1.3	1.3	1.2
YGL148W	-0.8	0.0	-1.55
YGL149W	0.0	0.0	-1.8
YGL154C	1.0	0.0	0.0
YGL162W	1.4	1.2	1.2
YGL166W	0.0	1.0	0.0
YGL175C	1.7000000000000002	1.8	1.9
YGL232W	1.4	1.6	1.5
YGL253W	-0.7	-0.9	-1.3
YGL257C	2.4	2.4	2.2
YGR038W	1.5	1.7000000000000002	1.5
YGR040W	1.0	1.1	0.0
YGR041W	2.3	2.8	2.5
YGR043C	1.4	1.7000000000000002	0.0
YGR049W	2.3	2.5	2.5
YGR055W	1.5	1.6	1.7000000000000002
YGR063C	-2.0	-1.85	-1.9500000000000002
YGR064W	-2.0	0.0	-1.4
YGR068C	1.3	1.4	1.6
YGR088W	1.1	1.4	0.0
YGR102C	1.7000000000000002	0.0	0.0
YGR109C	0.0	1.1	0.0
YGR127W	2.3	2.4	2.4
YGR153W	-2.5	-2.6	-2.6
YGR157W	2.7	2.8	3.0
YGR166W	-1.3	-1.5	0.0
YGR171C	0.0	0.0	-1.7000000000000002
YGR178C	-1.2	-0.9	-1.1
YGR183C	0.0	0.0	-1.6
YGR222W	-0.95	-1.3	-1.35
YGR228W	-1.6	0.0	0.0
YGR234W	1.3	1.4	1.3
YGR242W	3.2	3.3	3.1
YGR256W	1.4	1.2	0.0
YGR276C	1.4	1.4	0.0
YGR282C	1.5	1.7000000000000002	1.8
YGR295C	3.0	3.2	3.0
YHL038C	0.0	0.0	-1.1
YHR029C	4.3	4.2	4.1
YHR032W	2.3	2.2	2.2
YHR034C	1.2	0.0	0.0
YHR066W	1.0	0.0	0.0
YHR073W	-1.1	-1.05	-1.7000000000000002
YHR079C-A	2.5	2.3	2.0
YHR096C	1.2	0.0	0.0
YHR116W	0.0	0.0	-1.4
YHR129C	-1.2	0.0	-0.9
YHR133C	0.0	0.0	-1.2
YHR140W	2.3	2.2	2.1
YHR142W	0.0	1.9	1.9
YHR153C	2.9	2.7	2.45
YHR155W	-1.25	-1.5	-1.75
YHR167W	-1.65	-2.0	-2.5
YHR168W	0.0	-1.0	-1.3
YHR171W	2.0	1.9	1.6
YHR189W	-1.3	0.0	-1.6
YIL009C-A	3.2	3.5	2.6
YIL018W	1.2	0.0	0.0
YIL024C	1.0	0.0	0.0
YIL052C	0.0	0.0	-1.75
YIL060W	1.4	0.0	0.0
YIL067C	2.2	2.5	3.4
YIL069C	1.05	1.0	0.0
YIL090W	-1.5	-1.5	-2.2
YIL107C	1.3	1.2	0.0
YIL110W	2.4	2.3	1.8
YIL112W	1.5	1.4	0.0
YIL160C	3.1	3.1	2.5
YIR017C	3.8	3.6	3.5
YIR021W	0.0	-1.2	-1.3
YIR023W	-3.1	-3.5	-3.0
YIR024C	1.6	1.5	1.4
YIR031C	1.0	0.8	0.0
YJL004C	0.0	-1.2	-1.4
YJL022W	0.0	-1.1	-1.4
YJL044C	0.0	1.6	0.0
YJL046W	4.3	4.6	4.5
YJL057C	1.8	1.6	1.7000000000000002
YJL099W	0.0	0.8	1.0
YJL101C	0.0	-1.0	0.0
YJL120W	-1.25	-1.3	-1.35
YJL121C	-1.0	-1.2	-1.6
YJL123C	0.0	1.0	0.0
YJL130C	-1.3	-1.4	-1.55
YJL141C	-1.0	-1.0	-1.2
YJL145W	1.2	1.2	0.0
YJL164C	2.0	1.8	1.7000000000000002
YJL166W	0.0	-1.35	-1.9
YJL175W	-3.3	0.0	0.0
YJL185C	1.7000000000000002	1.7000000000000002	1.5
YJL214W	3.1	2.8	2.7
YJR014W	1.0	0.0	0.0
YJR032W	0.0	1.3	0.0
YJR038C	1.2	1.4	1.3
YJR059W	-0.9	0.0	0.0
YJR073C	-0.9	0.0	0.0
YJR079W	1.6	1.9	1.8
YJR102C	0.0	1.4	0.0
YJR105W	1.1	1.5	2.2
YJR144W	0.0	0.0	-0.9
YJR154W	3.7	3.4	3.4
YKL037W	-2.5	0.0	0.0
YKL040C	1.3	1.1	1.2
YKL041W	1.1	0.0	0.0
YKL048C	0.0	0.0	2.0
YKL070W	1.1	0.0	0.0
YKL073W	0.0	1.7000000000000002	1.8
YKL076C	0.0	0.0	1.2
YKL077W	-1.75	-1.45	-1.2
YKL085W	2.5	2.4	2.1
YKL106W	1.6	1.7000000000000002	1.6
YKL112W	0.0	0.0	2.2
YKL113C	1.3	1.9	1.85
YKL121W	1.4	1.6	1.6
YKL131W	1.7000000000000002	1.2	1.3
YKL133C	4.4	3.9	3.8
YKL147C	2.8	2.6	2.4
YKL155C	-1.0	-1.5	-1.65
YKL156W	2.0	1.8	1.7000000000000002
YKL157W	1.4	0.0	0.0
YKL160W	0.0	-1.15	0.0
YKL174C	4.9	4.7	1.7000000000000002
YKL183W	1.4	1.5	1.3
YKL213C	1.2	1.3	0.0
YKR003W	1.2	0.0	0.0
YKR019C	-1.75	-2.5	-2.0
YKR021W	1.1	0.0	0.0
YKR026C	0.0	-1.2	-1.3
YKR041W	4.4	4.1	3.6
YKR057W	1.6	0.0	0.0
YKR061W	3.4	3.3	3.1
YKR072C	-0.9	0.0	0.0
YKR074W	0.0	1.1	0.0
YKR077W	2.5	2.5	2.2
YKR078W	0.0	0.0	1.5
YKR082W	0.0	0.0	1.8
YKR087C	1.3	1.1	0.0
YKR092C	1.3	1.1	0.0
YKR093W	0.0	-1.0	0.0
YKR104W	1.1	0.0	0.0
YLL001W	0.0	0.0	1.4
YLL007C	0.0	0.0	1.2
YLL019C	0.0	0.0	1.3
YLL021W	0.0	0.0	1.3
YLL023C	0.0	0.0	2.2
YLL028W	3.0	3.4	3.8
YLL032C	0.0	0.7	1.2
YLL033W	0.0	0.0	1.4
YLL039C	0.0	0.0	1.0
YLL044W	0.0	0.0	1.0
YLL045C	1.3	0.9	2.3
YLL046C	1.1	1.2	2.0
YLL061W	0.0	0.0	1.4
YLL063C	0.0	0.0	1.25
YLR004C	0.0	0.0	1.0
YLR014C	0.0	0.0	1.0
YLR017W	0.0	0.0	1.3
YLR018C	0.0	0.0	1.5
YLR020C	0.0	0.0	1.2
YLR023C	0.0	0.0	1.9
YLR024C	0.0	0.0	1.1
YLR025W	0.0	0.0	1.1
YLR031W	0.0	0.0	1.3
YLR034C	0.0	0.0	1.35
YLR035C	0.0	0.0	1.15
YLR036C	4.0	4.0	4.7
YLR043C	0.0	0.0	1.6
YLR047C	0.0	1.0	1.9
YLR049C	0.0	0.0	1.3
YLR052W	0.0	0.0	1.3
YLR053C	0.0	0.0	1.35
YLR057W	0.0	0.0	1.3
YLR059C	1.6	1.4	1.9500000000000002
YLR063W	0.0	0.0	1.4
YLR064W	0.0	0.0	1.1
YLR065C	0.0	0.0	1.3
YLR067C	0.0	0.0	1.1
YLR068W	1.6	1.6	2.05
YLR069C	1.35	1.65	1.9500000000000002
YLR070C	0.0	0.0	1.0
YLR072W	0.0	0.0	1.15
YLR073C	0.0	0.0	1.1
YLR081W	0.0	0.0	1.1
YLR082C	0.0	0.0	1.2
YLR083C	0.0	0.0	1.2
YLR089C	0.0	0.0	1.3
YLR091W	1.3	0.0	1.9500000000000002
YLR092W	0.0	0.0	1.5
YLR093C	0.0	0.0	1.6
YLR096W	0.0	0.0	1.0
YLR099C	0.0	0.0	1.7000000000000002
YLR102C	0.0	0.0	1.55
YLR108C	0.0	0.0	1.1
YLR109W	0.0	0.0	1.0
YLR110C	0.0	0.0	1.2
YLR111W	0.0	0.8	1.85
YLR112W	0.0	0.0	1.1
YLR114C	0.0	0.0	1.55
YLR119W	0.0	0.9	1.4
YLR121C	0.0	0.0	1.1
YLR124W	0.0	0.0	1.3
YLR126C	-1.2	-1.0	0.0
YLR128W	0.0	0.0	1.4
YLR130C	0.0	0.0	1.25
YLR131C	0.0	1.2	1.9
YLR133W	0.0	0.0	1.1
YLR143W	0.0	0.0	1.3
YLR144C	0.0	0.0	1.3
YLR146C	0.0	0.0	1.15
YLR150W	0.0	0.0	1.3
YLR151C	0.0	0.0	1.3
YLR170C	0.0	0.0	1.0
YLR176C	0.0	0.0	1.3
YLR177W	1.4	1.7000000000000002	2.2
YLR178C	2.9	3.0	2.4
YLR180W	0.0	0.0	1.3
YLR181C	0.9	1.2	1.9
YLR188W	1.7000000000000002	2.3	3.2
YLR192C	0.0	0.0	2.0
YLR193C	0.0	1.3	2.2
YLR199C	1.6	1.7000000000000002	1.7000000000000002
YLR200W	0.0	0.0	1.7000000000000002
YLR201C	-1.2	-1.5	0.0
YLR203C	3.9	4.4	5.0
YLR205C	0.0	0.0	1.3
YLR206W	0.0	1.1	1.4
YLR207W	0.0	0.0	1.1
YLR213C	0.0	1.2	1.4
YLR216C	0.9	1.2	1.8
YLR217W	0.0	0.0	1.5
YLR218C	0.0	0.0	1.2
YLR220W	2.8	2.5	3.5
YLR221C	0.0	0.0	1.1
YLR224W	0.0	0.9	1.2
YLR225C	0.0	0.0	1.2
YLR228C	0.0	0.0	1.4
YLR231C	0.0	0.0	1.5
YLR233C	0.0	1.6	1.8
YLR238W	0.0	0.0	1.6
YLR241W	0.0	0.0	1.4
YLR247C	0.0	1.0	1.6
YLR248W	1.4	1.6	1.7000000000000002
YLR253W	0.0	0.0	1.15
YLR255C	0.0	0.0	1.3
YLR257W	0.0	0.0	1.2
YLR262C-A	0.0	0.0	1.5
YLR264W	0.0	0.0	1.2
YLR265C	0.0	0.0	1.15
YLR266C	0.0	0.0	1.3
YLR270W	-1.35	-1.15	0.0
YLR284C	0.0	0.0	1.2
YLR285W	0.0	0.0	1.6
YLR286C	2.9	3.1	3.4
YLR287C-A	1.35	1.5	1.7000000000000002
YLR299W	0.0	0.0	1.2
YLR300W	0.0	0.0	1.1
YLR312C	0.0	0.0	1.2
YLR324W	0.0	0.0	1.3
YLR325C	0.0	1.4	1.55
YLR330W	-1.1	0.0	0.0
YLR334C	1.3	2.0	2.6
YLR341W	1.9	2.1	2.8
YLR344W	0.0	1.3	1.55
YLR345W	0.0	0.0	1.0
YLR349W	2.6	2.9	3.4
YLR351C	1.6	1.6	2.3
YLR356W	0.0	0.0	1.0
YLR357W	0.0	1.2	0.0
YLR358C	0.0	0.0	2.0
YLR360W	2.8	2.9	3.3
YLR364W	0.0	1.1	1.7000000000000002
YLR369W	1.6	0.0	1.5
YLR370C	0.0	0.0	1.3
YLR371W	2.6	0.0	0.0
YLR381W	0.0	0.0	1.3
YLR382C	0.0	1.65	2.2
YLR384C	0.0	0.0	1.85
YLR386W	2.15	2.3	2.8
YLR389C	0.0	0.0	1.8
YLR390W	0.0	0.0	1.0
YLR390W-A	0.0	0.9	1.1
YLR398C	0.0	0.0	1.0
YLR408C	1.8	2.0	2.7
YLR412W	0.0	1.3	1.8
YLR413W	1.3	1.2	2.2
YLR417W	0.0	0.0	1.0
YLR418C	0.0	-1.3	0.0
YLR420W	-1.0	0.0	0.0
YLR422W	0.0	0.0	1.1
YLR426W	0.0	0.0	1.6
YLR427W	0.0	0.0	1.4
YLR429W	0.0	0.0	1.3
YLR434C	0.0	0.0	1.1
YLR437C	1.3	1.5	2.0
YLR443W	0.0	0.0	1.3
YLR448W	1.7000000000000002	1.9	1.85
YLR450W	0.0	0.0	1.6
YLR461W	0.0	0.0	1.1
YML009C	5.0	5.2	5.0
YML009C-A	-1.0	0.0	0.0
YML012C-A	0.0	1.9	0.0
YML027W	1.7000000000000002	1.9	1.8
YML048W	-1.1	-1.1	-1.4
YML062C	-1.0	-1.3	-1.7000000000000002
YML068W	1.2	1.3	0.0
YML071C	0.0	0.0	-1.3
YML075C	2.5	2.4	2.2
YML094C-A	0.0	0.0	1.3
YML097C	0.0	1.2	1.6
YML116W-A	0.0	1.3	1.3
YML119W	4.8	5.6	5.7
YMR015C	0.0	-1.0	0.0
YMR022W	0.0	-0.7	0.0
YMR052C-A	1.2	1.5	0.0
YMR063W	0.0	1.1	0.0
YMR070W	-0.8	0.0	0.0
YMR101C	1.3	1.5	1.3
YMR105C	1.2	1.1	0.0
YMR114C	4.1	3.8	3.7
YMR115W	2.7	2.8	2.6
YMR119W-A	4.1	4.1	4.0
YMR132C	1.6	1.8	1.5
YMR135W-A	2.0	1.8	1.7000000000000002
YMR151W	0.0	-1.2	0.0
YMR158W	1.6	1.2	0.0
YMR193W	0.0	1.5	1.7000000000000002
YMR204C	3.8	3.8	3.8
YMR238W	-1.25	0.0	0.0
YMR245W	1.2	1.2	0.0
YMR255W	1.1	0.0	0.0
YMR264W	-1.2	-1.0	-1.15
YMR284W	3.9	4.3	4.2
YMR286W	0.0	-0.9	0.0
YMR294W-A	1.3	1.3	1.5
YMR299C	3.8	3.7	3.7
YMR311C	1.5	1.4	0.0
YMR312W	0.0	1.2	0.0
YMR320W	1.2	0.0	0.0
YNL010W	-1.1	-1.0	-0.8
YNL016W	1.8	2.0	2.05
YNL025C	0.0	1.4	0.0
YNL032W	-1.3	-1.3	-1.3
YNL047C	4.5	4.7	4.5
YNL054W	1.2	1.15	0.0
YNL091W	0.0	1.75	1.8
YNL096C	0.0	1.1	0.0
YNL098C	1.5	1.1	0.0
YNL099C	0.0	-1.0	0.0
YNL100W	1.1	0.0	0.0
YNL104C	1.3	1.5	1.2
YNL105W	3.4	3.4	3.0
YNL108C	3.6	3.6	3.3
YNL109W	1.1	1.1	0.0
YNL115C	1.1	1.0	0.0
YNL121C	1.7000000000000002	1.5	0.0
YNL135C	1.9	2.1	0.0
YNL136W	0.0	2.1	1.65
YNL140C	3.9	4.1	3.6
YNL144C	1.7000000000000002	1.8	1.6
YNL148C	-1.3	0.0	-1.0
YNL173C	1.5	1.4	1.4
YNL175C	1.2	0.0	0.0
YNL206C	-1.4	0.0	0.0
YNL226W	1.4	1.1	0.0
YNL229C	-2.75	-2.45	-2.95
YNL264C	1.6	1.5	0.0
YNL266W	1.6	1.6	1.3
YNL271C	0.0	2.2	2.3
YNL325C	1.1	1.0	0.0
YNL329C	0.0	-1.1	-1.4
YNL336W	1.6	1.5	1.6
YNR005C	1.4	1.2	1.4
YNR013C	1.8	1.6	0.0
YNR019W	2.0	2.2	1.9
YNR045W	0.0	0.0	-1.1
YNR051C	-0.95	-1.35	-1.8
YOL006C	1.8	1.8	1.6
YOL031C	1.6	1.7000000000000002	1.5
YOL053W	1.3	1.3	1.3
YOL081W	-1.2	0.0	0.0
YOL108C	1.9	1.9	1.4
YOL114C	1.6	1.2	0.0
YOL115W	2.4	2.7	2.8
YOL116W	3.2	3.2	3.5
YOL118C	4.7	4.7	4.7
YOL152W	3.5	3.6	3.6
YOL160W	2.1	2.5	2.2
YOL162W	0.9	1.2	0.0
YOR038C	1.3	1.4	0.0
YOR052C	-1.2	0.0	0.0
YOR054C	2.7	2.7	2.7
YOR058C	0.0	1.0	0.0
YOR062C	1.1	1.1	0.0
YOR067C	-0.8	-0.8	0.0
YOR070C	-1.25	-1.55	-1.5
YOR089C	0.0	0.0	1.6
YOR092W	4.9	4.9	4.9
YOR096W	0.0	1.3	0.0
YOR124C	1.0	1.2	0.0
YOR133W	1.2	1.2	1.3
YOR153W	-6.3	-5.8	-6.05
YOR177C	1.1	0.0	0.0
YOR186W	1.5	1.4	1.6
YOR191W	1.5	1.5	1.5
YOR199W	0.0	0.0	1.6
YOR201C	0.0	0.0	1.3
YOR205C	0.0	0.0	1.2
YOR213C	2.4	2.4	2.3
YOR216C	0.0	0.0	-1.4
YOR221C	1.2	0.0	0.0
YOR239W	2.1	2.2	2.1
YOR251C	2.1	2.0	2.2
YOR258W	3.7	4.2	4.3
YOR266W	2.2	2.4	2.3
YOR276W	3.1	3.4	3.3
YOR280C	1.1	1.2	0.0
YOR285W	0.9	1.0	0.0
YOR297C	-1.2	0.0	0.0
YOR304C-A	0.0	1.1	0.0
YOR322C	0.0	0.0	1.2
YOR330C	0.0	-1.6	-1.8
YOR381W	2.0	2.0	2.0
YPL002C	0.0	1.2	0.0
YPL065W	0.0	1.3	0.0
YPL066W	-1.3	0.0	0.0
YPL069C	1.3	1.3	1.5
YPL071C	0.0	1.2	0.0
YPL084W	1.0	1.0	0.0
YPL101W	0.0	1.2	0.0
YPL102C	0.0	1.8	0.0
YPL105C	1.1	1.0	0.0
YPL110C	1.9	2.0	1.9
YPL132W	0.0	0.0	-1.3
YPL172C	0.0	0.0	-1.2
YPL173W	2.2	1.9	1.8
YPL178W	0.0	1.55	0.0
YPL213W	1.3	1.6	1.75
YPL214C	1.3	1.6	1.3
YPL219W	0.0	1.2	0.0
YPL226W	1.5	0.0	0.0
YPL263C	2.6	2.6	2.3
YPL265W	1.2	1.1	0.0
YPR012W	2.8	3.1	2.8
YPR014C	2.9	3.1	3.3
YPR028W	1.6	1.7000000000000002	1.5
YPR053C	0.0	1.0	0.0
YPR057W	1.4	1.5	1.7000000000000002
YPR063C	1.1	0.0	0.0
YPR074C	-1.5	-1.4	-1.7000000000000002
YPR096C	2.4	2.8	2.8
YPR099C	0.0	-1.2	-1.4
YPR100W	0.0	-1.1	-0.9
YPR106W	1.4	1.3	1.5
YPR121W	1.2	1.2	0.0
YPR122W	2.1	2.0	1.9
YPR126C	1.6	1.7000000000000002	1.6
YPR140W	2.7	2.7	2.6
YPR167C	1.5	1.4	1.5
YPR170C	1.4	0.0	0.0
YPR196W	2.5	2.4	2.3
YPR198W	1.9	2.1	1.7000000000000002
