ORF	hom | growth (relative abundance in pooled culture) | formaldehyde [0.15mM], time [5 generations] | North M~Vulpe CD, 2016	hom | growth (relative abundance in pooled culture) | formaldehyde [0.3mM], time [5 generations] | North M~Vulpe CD, 2016	hom | growth (relative abundance in pooled culture) | formaldehyde [0.6 mM], time [5 generations] | North M~Vulpe CD, 2016	hom | growth (relative abundance in pooled culture) | formaldehyde [0.15mM], time [15 generations] | North M~Vulpe CD, 2016	hom | growth (relative abundance in pooled culture) | formaldehyde [0.3mM], time [15 generations] | North M~Vulpe CD, 2016	hom | growth (relative abundance in pooled culture) | formaldehyde [0.6 mM], time [15 generations] | North M~Vulpe CD, 2016
YCR060W	1.700	1.900	2.300	1.700	1.800	1.600
YAR042W	2.000	1.800	3.200	2.000	2.100	2.300
YAR031W	2.200	2.100	2.400	1.700	1.700	1.700
YBR114W	2.300	2.500	2.800	2.400	2.300	2.400
YMR261C	2.700	2.700	2.900	2.300	2.300	2.300
YNL010W	2.800	2.900	2.800	3.000	3.000	3.000
YDR456W	3.200	3.500	-1.900	1.800	1.900	2.000
YEL068C	3.900	3.800	3.100	3.600	3.500	3.400
YMR276W	1.300	1.300	1.600	1.500	1.400	1.500
YMR238W	1.800	1.800	1.800	2.100	2.400	2.600
YKL096W-A	2.100	2.100	3.100	2.700	2.600	2.800
YNL264C	2.300	2.300	2.400	2.900	2.900	3.100
YMR262W	2.300	2.300	2.500	2.400	2.200	1.900
YLR335W	2.600	2.600	2.300	2.600	2.400	2.300
YBR272C	3.400	3.400	1.300	2.800	2.800	3.300
YCR007C	-4.200	-4.200	0.000	0.100	-0.150	0.100
YLR231C	-3.500	-3.200	0.000	-2.700	-2.900	1.500
YER101C	-2.900	-2.800	0.000	-2.900	-3.100	-2.900
YGR010W	-2.400	-2.300	0.000	-2.100	-2.200	-2.100
YIL130W	-2.400	-2.500	0.000	-2.000	-2.100	-2.000
YER176W	-2.400	-2.200	0.000	-1.900	-2.000	-1.800
YHR115C	-2.300	-2.300	0.000	-2.200	-2.400	-2.200
YKL068W	-2.300	-2.100	0.000	-2.300	-2.300	-2.500
YDL127W	-2.300	-2.100	0.000	-1.900	-2.100	-0.450
YPR083W	-2.200	-2.100	0.000	-2.400	-2.200	-2.300
YKR089C	-2.100	-2.200	0.000	-1.900	-2.000	-1.900
YDR336W	-2.000	-1.900	0.000	2.200	0.400	2.400
YGR209C	-2.000	-1.800	0.000	-1.500	-1.300	-1.600
YHR094C	-1.700	-1.500	0.000	-1.400	-1.400	-1.400
YCL037C	-1.700	-1.600	0.000	-1.900	-2.400	-3.300
YMR040W	-1.700	-1.800	0.000	-1.500	-1.700	-1.600
YIL101C	-1.700	-1.600	0.000	-1.100	-1.300	-1.200
YIL099W	-1.700	-1.900	0.000	-1.300	-1.400	-1.300
YIL121W	-1.500	-1.400	0.000	-1.700	-1.700	-1.600
YNL299W	-1.500	-1.700	0.000	-1.600	-1.600	-1.500
YGL158W	-1.500	-1.400	0.000	-1.600	-1.700	-1.500
YKL063C	-1.400	-1.400	0.000	-1.600	-1.600	-1.500
YER058W	-1.300	-1.200	0.000	-1.100	-1.300	-1.200
YKL075C	-1.100	-1.200	0.000	-1.200	-1.200	-1.850
YJL048C	1.100	1.300	0.000	1.100	1.200	1.300
YBR056W	1.200	1.200	0.000	1.500	1.400	1.700
YJL020C	1.300	1.100	0.000	1.500	1.400	1.300
YAL042C-A	1.300	1.400	0.000	1.400	1.200	1.600
YPL140C	1.400	1.500	0.000	1.800	1.700	1.700
YNL058C	1.400	1.500	0.000	1.700	1.900	1.900
YDR251W	1.500	1.400	0.000	1.500	1.600	1.500
YJR050W	1.500	1.400	0.000	1.700	1.500	1.800
YOL020W	1.500	1.600	0.000	1.400	1.700	1.700
YDR034C	1.500	1.500	0.000	1.400	1.400	1.300
YOL064C	1.500	1.600	2.100	0.000	1.400	1.750
YOR044W	1.500	1.400	0.000	1.800	1.700	1.600
YLR202C	1.700	1.500	0.000	1.800	1.700	2.000
YBR044C	1.700	1.700	2.300	2.000	2.000	0.000
YNL123W	1.700	1.900	2.800	1.700	1.600	0.000
YCR011C	1.700	1.900	0.000	1.800	1.700	1.900
YBR035C	1.800	1.900	0.000	0.400	0.200	2.200
YMR272C	1.900	2.100	0.000	1.800	1.700	1.400
YGR192C	2.000	2.000	2.700	0.000	2.000	2.000
YOR137C	2.100	2.000	0.000	2.000	2.000	1.800
YML047W-A	2.100	2.100	0.000	1.700	1.700	1.700
YHR046C	2.300	2.600	2.800	1.800	2.000	0.000
YMR258C	2.400	2.400	0.000	2.700	2.700	2.500
YOR314W	2.500	2.500	0.000	1.800	2.000	1.800
YOR021C	3.300	3.200	0.000	2.400	2.500	2.000
YER169W	3.500	3.600	0.000	1.900	2.100	2.000
YBL065W	0.000	1.500	-2.100	5.500	5.300	5.300
YKL133C	-1.800	-2.400	0.000	3.500	3.700	3.600
YML035C	-1.700	-2.000	0.000	-4.500	-4.100	-3.400
YBR037C	1.400	1.300	0.000	2.500	2.300	2.500
YMR184W	1.900	1.900	0.000	2.000	2.000	1.900
YNL101W	2.300	2.300	0.000	3.100	2.800	2.700
YGR263C	2.400	2.400	0.000	2.300	2.300	2.200
YGL118C	2.600	2.600	0.000	2.600	2.500	2.600
YPL035C	2.700	3.300	0.000	1.600	1.600	1.600
YMR166C	2.800	2.700	0.000	2.800	2.800	2.800
YHL039W	2.900	2.500	0.000	1.600	1.700	1.600
YOR133W	3.300	3.400	0.000	2.600	2.400	2.200
YJR145C	-3.500	-3.300	0.000	-2.200	-2.500	0.000
YLR067C	-3.000	-2.900	0.000	-2.300	-2.700	0.000
YDL107W	-2.400	-2.200	0.000	-1.800	-2.000	0.000
YGR219W	-2.400	-2.300	0.000	-2.300	-2.100	0.000
YOR185C	-1.700	-1.300	0.000	0.000	-1.400	-1.400
YLR109W	-1.500	0.000	0.000	-1.500	-1.400	-1.800
YKR056W	-1.500	-1.500	0.000	-1.400	-1.400	0.000
YLR228C	-1.400	-1.200	0.000	-1.300	-1.300	0.000
YMR273C	-1.400	-1.500	0.000	-1.400	-1.400	0.000
YER110C	-1.200	0.000	0.000	-1.500	-1.600	-1.200
YMR133W	1.200	1.300	0.000	1.000	1.000	0.000
YIR020C	1.200	1.400	2.900	1.200	0.000	0.000
YMR316C-B	1.300	1.100	0.000	1.100	0.000	1.000
YBR040W	1.400	0.000	0.000	1.700	1.700	1.800
YHR014W	1.500	1.800	0.000	1.700	1.600	0.000
YMR175W	1.600	1.800	0.000	1.600	1.600	0.000
YJR105W	1.700	1.900	2.000	0.000	0.000	2.200
YNL334C	1.700	1.700	0.000	1.400	1.400	0.000
YHR200W	1.700	2.100	3.100	0.000	0.000	1.600
YDL223C	2.400	2.350	0.000	1.900	1.800	0.000
YLR297W	2.100	1.700	0.000	1.700	1.800	0.000
YML007W	2.700	2.600	0.000	2.200	1.900	0.000
YOR386W	0.000	-1.400	1.800	0.000	0.000	1.500
YLR257W	0.000	1.500	0.000	1.700	1.800	1.800
YHR160C	0.000	1.500	2.900	1.700	1.800	0.000
YBR173C	0.000	0.000	2.400	2.000	2.000	1.900
YBL008W	1.400	1.500	0.000	0.000	1.800	2.200
YKL174C	1.700	0.000	0.000	6.100	5.900	5.600
YMR103C	2.100	2.100	0.000	2.100	2.000	0.000
YGR070W	2.200	2.600	0.000	2.000	1.900	0.000
YJR010C-A	2.600	2.700	0.000	2.000	1.900	0.000
YMR244C-A	3.400	3.600	0.000	2.200	2.100	0.000
YGL227W	0.000	1.100	0.000	2.000	2.000	1.400
YDL010W	0.000	0.000	-2.500	4.700	4.500	4.600
YDR291W	0.000	0.000	-2.100	4.200	4.100	3.900
YOL118C	0.000	0.000	-2.100	4.400	4.300	4.300
YEL028W	0.000	0.000	-1.500	3.900	3.700	3.500
YJL121C	0.000	0.000	1.700	2.700	2.700	-1.900
YMR164C	0.000	0.000	2.900	2.200	2.100	2.100
YFR036W	-3.200	-3.700	-2.000	0.000	0.000	0.000
YDR175C	-2.750	-3.200	-2.300	0.000	0.000	0.000
YFR012W	-1.600	-1.600	0.000	0.000	-1.200	0.000
YKL091C	-1.400	-1.300	0.000	-0.900	0.000	0.000
YLR031W	-1.400	0.000	0.000	-1.200	-1.100	0.000
YJL123C	-1.100	-1.200	0.000	-1.400	0.000	0.000
YPR201W	1.400	1.500	3.000	0.000	0.000	0.000
YLR443W	1.500	1.600	2.300	0.000	0.000	0.000
YLR169W	1.500	1.600	3.000	0.000	0.000	0.000
YJL208C	1.500	1.600	2.400	0.000	0.000	0.000
YCR034W	1.600	0.000	2.900	0.000	0.000	1.800
YOR085W	1.600	1.400	0.000	0.000	0.000	2.400
YPL157W	2.500	2.750	1.900	0.000	0.000	0.000
YGR143W	1.700	1.800	3.300	0.000	0.000	0.000
YCR082W	1.700	1.600	2.200	0.000	0.000	0.000
YLR044C	1.900	2.000	2.400	0.000	0.000	0.000
YGR041W	2.000	2.000	0.000	0.000	0.000	1.300
YCL046W	2.100	2.300	0.000	1.600	0.000	0.000
YJL108C	2.400	2.500	2.600	0.000	0.000	0.000
YDR458C	3.000	3.100	0.000	0.000	1.900	0.000
YIL090W	3.000	3.000	2.900	0.000	0.000	0.000
YCR073W-A	3.300	3.400	2.150	0.000	0.000	0.000
YMR304W	3.700	4.000	0.000	1.900	0.000	0.000
YJR088C	3.900	4.200	2.100	0.000	0.000	0.000
YBR286W	0.000	1.000	0.000	1.200	1.100	0.000
YOR364W	2.300	2.200	2.300	0.000	0.000	0.000
YIL152W	0.000	0.000	3.300	1.300	0.000	1.300
YEL043W	-2.400	-1.600	0.000	-1.600	0.000	0.000
YOR052C	1.100	1.300	0.000	-1.200	0.000	0.000
YCR050C	1.200	0.000	0.000	2.100	1.900	0.000
YOR231W	1.200	1.100	0.000	0.000	1.300	0.000
YNL085W	1.500	1.700	0.000	1.800	0.000	0.000
YOR106W	2.000	2.500	1.400	0.000	0.000	0.000
YPL178W	2.000	2.400	1.900	0.000	0.000	0.000
YLR402W	2.100	2.100	2.000	0.000	0.000	0.000
YHR182W	2.300	2.200	1.600	0.000	0.000	0.000
YMR294W-A	2.500	2.700	0.000	1.800	0.000	0.000
YJR130C	2.500	2.600	0.000	1.800	0.000	0.000
YFR018C	2.600	2.900	0.000	2.400	0.000	0.000
YLL009C	2.600	2.600	1.900	0.000	0.000	0.000
YBR175W	3.000	3.400	2.600	0.000	0.000	0.000
YHR037W	3.100	3.000	0.000	1.900	0.000	0.000
YOR201C	3.500	3.600	1.700	0.000	0.000	0.000
YPL182C	0.000	1.100	0.000	0.000	1.400	1.600
YGR035C	0.000	1.300	0.000	1.800	1.700	0.000
YIL114C	0.000	0.000	2.900	-1.000	0.000	-1.000
YLR369W	0.000	0.000	0.000	-2.350	-2.200	-2.400
YDR457W	0.000	0.000	0.000	-2.300	-2.350	-1.700
YER156C	0.000	0.000	0.000	-1.700	-1.800	-1.500
YIL119C	0.000	0.000	0.000	-1.600	-1.700	-1.500
YLR126C	0.000	0.000	0.000	-1.400	-1.500	-1.600
YKL101W	0.000	0.000	0.000	-1.400	-1.200	-1.600
YGR089W	0.000	0.000	0.000	-1.300	-1.200	-1.500
YDL218W	0.000	0.000	0.000	-1.200	-1.200	-1.200
YDL211C	0.000	0.000	0.000	-1.200	-1.100	-1.200
YPR079W	0.000	0.000	0.000	-1.200	-1.200	-1.200
YAL027W	0.000	0.000	0.000	-1.100	-1.100	-1.000
YJL103C	0.000	0.000	0.000	1.100	1.100	1.200
YKR040C	0.000	0.000	0.000	1.200	1.200	1.300
YOR275C	0.000	0.000	0.000	1.300	1.600	1.300
YKR099W	0.000	0.000	0.000	1.400	1.400	1.500
YOR355W	0.000	0.000	0.000	1.400	1.500	1.700
YMR244W	0.000	0.000	0.000	1.400	1.400	1.400
YLR294C	0.000	0.000	0.000	1.500	1.500	1.600
YER088C	0.000	0.000	0.000	1.600	1.500	1.600
YDR540C	0.000	0.000	0.000	-1.500	-1.800	-2.400
YDL198C	0.000	0.000	0.000	-2.600	-2.000	-1.900
YCR028C	0.000	0.000	0.000	-2.100	-2.500	-2.400
YMR153W	0.000	0.000	0.000	-1.700	-1.700	-1.600
YOR173W	0.000	0.000	0.000	-1.500	-1.400	-1.400
YCL050C	0.000	0.000	0.000	-1.400	-1.400	-1.100
YHR022C	0.000	0.000	0.000	-1.400	-1.400	-1.600
YJL133W	0.000	0.000	0.000	-1.400	-1.400	-1.400
YEL065W	0.000	0.000	0.000	-1.300	-1.200	-1.100
YMR110C	0.000	0.000	0.000	1.100	1.200	1.000
YHR079C	0.000	0.000	0.000	1.200	1.200	1.200
YJR038C	0.000	0.000	0.000	1.200	1.300	1.100
YLR437C	0.000	0.000	0.000	1.400	1.400	1.200
YFR016C	0.000	0.000	0.000	1.400	1.400	1.500
YLR326W	0.000	0.000	0.000	1.500	1.500	1.400
YDR220C	0.000	0.000	0.000	1.500	1.500	1.400
YGL063W	0.000	0.000	0.000	1.500	1.600	1.500
YPL015C	0.000	0.000	0.000	1.600	1.500	1.500
YDR124W	0.000	0.000	0.000	1.600	1.700	1.600
YBR129C	0.000	0.000	0.000	1.700	1.500	1.400
YCR102C	0.000	0.000	0.000	1.700	1.400	1.500
YDR400W	0.000	0.000	0.000	1.700	1.700	1.900
YFR026C	0.000	0.000	0.000	1.700	1.600	1.900
YGR049W	0.000	0.000	0.000	1.700	1.800	1.700
YGR058W	0.000	0.000	0.000	1.800	1.800	1.800
YKL147C	0.000	0.000	0.000	1.800	1.700	1.500
YHR079C-A	0.000	0.000	0.000	1.900	1.900	1.900
YPR012W	0.000	0.000	0.000	2.000	2.100	1.900
YBR006W	0.000	0.000	0.000	2.000	1.900	1.500
YLR178C	0.000	0.000	0.000	2.000	1.900	1.900
YKR061W	0.000	0.000	0.000	2.000	1.900	1.900
YGR295C	0.000	0.000	0.000	2.000	1.900	1.800
YLR036C	0.000	0.000	0.000	2.000	1.700	1.900
YNL108C	0.000	0.000	0.000	2.000	1.900	1.900
YDL070W	0.000	0.000	0.000	2.100	2.100	2.200
YLR341W	0.000	0.000	0.000	2.100	1.900	1.900
YMR319C	0.000	0.000	0.000	2.200	2.300	2.100
YHR151C	0.000	0.000	0.000	2.200	2.100	2.200
YHR153C	0.000	0.000	0.000	2.200	2.200	2.400
YLR188W	0.000	0.000	0.000	2.200	2.200	2.000
YBR074W	0.000	0.000	0.000	2.300	2.300	2.300
YPR140W	0.000	0.000	0.000	2.400	2.300	2.300
YBR149W	0.000	0.000	0.000	2.400	2.600	2.400
YLR349W	0.000	0.000	0.000	2.500	2.100	2.100
YMR284W	0.000	0.000	0.000	2.500	2.400	1.900
YMR299C	0.000	0.000	0.000	2.500	2.400	2.300
YCL005W	0.000	0.000	0.000	2.500	2.700	2.900
YBL010C	0.000	0.000	0.000	2.600	2.500	2.400
YGR242W	0.000	0.000	0.000	2.700	2.400	2.600
YCR101C	0.000	0.000	0.000	2.800	2.700	2.500
YIR017C	0.000	0.000	0.000	2.800	2.500	2.300
YDR384C	0.000	0.000	0.000	2.900	2.900	3.200
YMR204C	0.000	0.000	0.000	2.900	2.800	2.900
YIL009C-A	0.000	0.000	0.000	3.300	2.900	3.200
YOR092W	0.000	0.000	0.000	3.400	3.200	3.300
YHR029C	0.000	0.000	0.000	3.400	3.200	3.300
YLR203C	0.000	0.000	0.000	3.500	3.300	3.400
YMR119W-A	0.000	0.000	0.000	3.600	3.600	3.500
YNL047C	0.000	0.000	0.000	4.300	4.300	4.100
YBR138C	0.000	0.000	0.000	4.700	4.500	4.500
YNL323W	-3.100	-3.100	0.000	0.000	0.000	0.000
YNL285W	-2.000	0.000	0.000	0.000	-1.500	0.000
YKR072C	-1.800	-1.600	0.000	0.000	0.000	0.000
YMR073C	-1.700	-1.900	0.000	0.000	0.000	0.000
YOR191W	-1.600	-1.400	0.000	0.000	0.000	0.000
YPL103C	-1.500	-1.200	0.000	0.000	0.000	0.000
YBL007C	-1.500	-2.100	0.000	0.000	0.000	0.000
YMR158W-B	-1.400	-1.400	0.000	0.000	0.000	0.000
YBL100C	-1.300	-1.400	0.000	0.000	0.000	0.000
YLR288C	-1.300	-1.300	0.000	0.000	0.000	0.000
YOR099W	-1.200	-1.400	0.000	0.000	0.000	0.000
YDR480W	-1.200	-1.300	0.000	0.000	0.000	0.000
YER122C	-1.200	-1.300	0.000	0.000	0.000	0.000
YNL179C	-1.200	-1.200	0.000	0.000	0.000	0.000
YOL160W	1.000	0.000	0.000	0.000	0.000	1.400
YMR326C	1.100	1.000	0.000	0.000	0.000	0.000
YMR199W	1.100	1.100	0.000	0.000	0.000	0.000
YLR448W	1.200	1.300	0.000	0.000	0.000	0.000
YML106W	1.200	1.300	0.000	0.000	0.000	0.000
YHL041W	1.200	0.000	0.000	-1.100	0.000	0.000
YJR052W	1.200	1.200	0.000	0.000	0.000	0.000
YNL004W	1.400	1.500	0.000	0.000	0.000	0.000
YIL113W	1.400	1.500	0.000	0.000	0.000	0.000
YBR298C	1.500	1.500	0.000	0.000	0.000	0.000
YDR409W	1.500	1.500	0.000	0.000	0.000	0.000
YGL175C	1.500	1.400	0.000	0.000	0.000	0.000
YBR057C	1.500	1.500	0.000	0.000	0.000	0.000
YML122C	1.500	1.600	0.000	0.000	0.000	0.000
YCR001W	1.500	1.600	0.000	0.000	0.000	0.000
YGR166W	1.600	1.600	0.000	0.000	0.000	0.000
YMR044W	1.600	1.700	0.000	0.000	0.000	0.000
YPL197C	1.600	1.600	0.000	0.000	0.000	0.000
YLR073C	1.600	2.000	0.000	0.000	0.000	0.000
YOR138C	1.600	1.900	0.000	0.000	0.000	0.000
YLR121C	1.600	1.700	0.000	0.000	0.000	0.000
YMR286W	1.600	1.700	0.000	0.000	0.000	0.000
YOR033C	1.600	1.700	0.000	0.000	0.000	0.000
YOR366W	1.600	1.700	0.000	0.000	0.000	0.000
YHR048W	1.600	1.800	0.000	0.000	0.000	0.000
YDR377W	1.700	1.800	0.000	0.000	0.000	0.000
YML073C	1.700	1.700	0.000	0.000	0.000	0.000
YOR292C	1.700	1.800	0.000	0.000	0.000	0.000
YDR441C	1.700	1.800	0.000	0.000	0.000	0.000
YGR282C	1.800	1.900	0.000	0.000	0.000	0.000
YDR520C	1.800	1.600	0.000	0.000	0.000	0.000
YLR093C	1.800	2.000	0.000	0.000	0.000	0.000
YDR422C	1.800	1.900	0.000	0.000	0.000	0.000
YOL013W-B	1.900	1.800	0.000	0.000	0.000	0.000
YDR025W	1.900	2.100	0.000	0.000	0.000	0.000
YJL131C	1.900	2.200	0.000	0.000	0.000	0.000
YER051W	2.000	2.100	0.000	0.000	0.000	0.000
YBR159W	2.000	2.200	0.000	0.000	0.000	0.000
YGL087C	2.000	1.900	0.000	0.000	0.000	0.000
YGL125W	2.100	2.500	0.000	0.000	0.000	0.000
YJR079W	2.100	2.400	0.000	0.000	0.000	0.000
YDR283C	2.200	2.300	0.000	0.000	0.000	0.000
YIL035C	2.300	2.300	0.000	0.000	0.000	0.000
YDR465C	2.300	2.400	0.000	0.000	0.000	0.000
YGL229C	2.400	2.800	0.000	0.000	0.000	0.000
YOR161C	2.600	2.400	0.000	0.000	0.000	0.000
YOR199W	2.700	2.900	0.000	0.000	0.000	0.000
YBR213W	2.800	2.800	0.000	0.000	0.000	0.000
YGL138C	2.800	3.000	0.000	0.000	0.000	0.000
YLR450W	2.900	3.000	0.000	0.000	0.000	0.000
YER002W	3.000	3.000	0.000	0.000	0.000	0.000
YJR044C	3.000	3.300	0.000	0.000	0.000	0.000
YIL139C	3.000	3.200	0.000	0.000	0.000	0.000
YGL226C-A	3.000	3.400	0.000	0.000	0.000	0.000
YCR006C	3.300	3.400	0.000	0.000	0.000	0.000
YBR241C	0.000	-1.400	0.000	-1.300	0.000	0.000
YBR053C	0.000	1.100	2.300	0.000	0.000	0.000
YHR202W	0.000	1.200	2.000	0.000	0.000	0.000
YDR354W	0.000	1.300	0.000	0.000	0.000	1.700
YPR200C	0.000	1.400	2.800	0.000	0.000	0.000
YJR070C	0.000	1.500	0.000	0.000	0.000	1.700
YNL187W	0.000	1.600	0.000	1.400	0.000	0.000
YHL011C	0.000	1.600	2.400	0.000	0.000	0.000
YNL105W	0.000	0.000	2.100	0.000	0.000	1.200
YLL006W	-1.700	-1.300	0.000	0.000	0.000	0.000
YOR054C	-1.600	-2.000	0.000	0.000	0.000	0.000
YDL226C	1.100	1.200	0.000	0.000	0.000	0.000
YLR124W	1.200	1.400	0.000	0.000	0.000	0.000
YML099W-A	1.200	0.000	0.000	1.500	0.000	0.000
YGR205W	1.400	1.500	0.000	0.000	0.000	0.000
YOR064C	1.400	1.400	0.000	0.000	0.000	0.000
YBR269C	1.500	0.000	1.800	0.000	0.000	0.000
YDR401W	1.600	1.900	0.000	0.000	0.000	0.000
YGR034W	1.800	1.800	0.000	0.000	0.000	0.000
YBR170C	1.800	2.100	0.000	0.000	0.000	0.000
YPR044C	1.800	2.200	0.000	0.000	0.000	0.000
YBL062W	1.800	2.000	0.000	0.000	0.000	0.000
YKR078W	2.000	2.100	0.000	0.000	0.000	0.000
YGL200C	2.000	2.500	0.000	0.000	0.000	0.000
YLR421C	2.100	1.900	0.000	0.000	0.000	0.000
YLR023C	2.300	2.300	0.000	0.000	0.000	0.000
YMR280C	2.500	2.700	0.000	0.000	0.000	0.000
YGR097W	2.600	2.500	0.000	0.000	0.000	0.000
YDR153C	2.600	3.100	0.000	0.000	0.000	0.000
YLR133W	2.600	2.700	0.000	0.000	0.000	0.000
YMR289W	2.700	2.500	0.000	0.000	0.000	0.000
YKR035C	2.800	3.000	0.000	0.000	0.000	0.000
YEL012W	3.700	4.300	0.000	0.000	0.000	0.000
YFR034C	0.000	0.000	0.000	-2.400	0.000	2.000
YGR220C	0.000	0.000	0.000	-1.900	0.000	-1.700
YLR261C	0.000	0.000	0.000	-1.800	0.000	2.600
YGL043W	0.000	0.000	0.000	-1.100	-1.200	0.000
YGL139W	0.000	0.000	0.000	-1.000	0.000	-1.100
YIL043C	0.000	0.000	0.000	-1.000	-1.100	0.000
YDR157W	0.000	0.000	0.000	1.100	1.200	0.000
YER114C	0.000	0.000	0.000	1.100	0.000	1.200
YDR262W	0.000	0.000	0.000	1.300	1.300	0.000
YPL002C	0.000	0.000	0.000	1.700	1.900	0.000
YHL027W	0.000	0.000	0.000	1.800	2.100	0.000
YPR189W	0.000	0.000	0.000	0.000	-2.250	-3.900
YGR271W	0.000	0.000	0.000	0.000	-1.400	-2.700
YCL011C	0.000	0.000	0.000	0.000	-1.400	-1.600
YDR029W	0.000	0.000	0.000	0.000	-1.300	-1.400
YDR497C	0.000	0.000	0.000	0.000	1.100	1.500
YOL087C	0.000	0.000	0.000	0.000	1.500	1.700
YJL175W	0.000	0.000	0.000	0.000	1.600	1.900
YML006C	0.000	0.000	0.000	0.000	1.600	2.400
YDR049W	0.000	0.000	0.000	0.000	-1.800	-2.400
YBR134W	0.000	0.000	0.000	2.100	0.000	-1.200
YPR100W	0.000	0.000	0.000	-2.100	-1.600	0.000
YIL011W	0.000	0.000	0.000	-1.500	-1.400	0.000
YDL219W	0.000	0.000	0.000	-1.500	-1.400	0.000
YBR239C	0.000	0.000	0.000	-1.500	-1.300	0.000
YDR014W	0.000	0.000	0.000	-1.400	0.000	-1.600
YDL236W	0.000	0.000	0.000	-1.300	-1.200	0.000
YOR172W	0.000	0.000	0.000	-1.300	-1.100	0.000
YDR011W	0.000	0.000	0.000	-1.300	-1.100	0.000
YCL026C-A	0.000	0.000	0.000	-1.200	-1.200	0.000
YDL177C	0.000	0.000	0.000	-1.200	-1.200	0.000
YDR530C	0.000	0.000	0.000	-1.200	-1.300	0.000
YOR005C	0.000	0.000	0.000	-1.200	-1.200	0.000
YDL237W	0.000	0.000	0.000	-1.200	0.000	-1.200
YLR019W	0.000	0.000	0.000	-1.200	-1.200	0.000
YCR089W	0.000	0.000	0.000	-1.100	-1.100	0.000
YEL066W	0.000	0.000	0.000	-1.100	-1.100	0.000
YLR138W	0.000	0.000	0.000	1.200	1.200	0.000
YDR424C	0.000	0.000	0.000	1.300	1.300	0.000
YBR071W	0.000	0.000	0.000	1.300	0.000	1.000
YMR111C	0.000	0.000	0.000	1.400	1.500	0.000
YER175C	0.000	0.000	0.000	1.500	0.000	1.500
YLR286C	0.000	0.000	0.000	1.500	1.500	0.000
YDR314C	0.000	0.000	0.000	1.500	1.500	0.000
YML116W-A	0.000	0.000	0.000	1.600	1.500	0.000
YGR028W	0.000	0.000	0.000	1.600	1.400	0.000
YGR157W	0.000	0.000	0.000	2.000	0.000	2.300
YHR012W	0.000	0.000	0.000	2.000	1.700	0.000
YML119W	0.000	0.000	0.000	2.900	2.600	0.000
YML009C	0.000	0.000	0.000	3.300	0.000	3.600
YDR004W	0.000	0.000	0.000	0.000	-1.700	-2.900
YBR027C	0.000	0.000	0.000	0.000	1.100	1.100
YML027W	0.000	0.000	0.000	0.000	1.200	1.100
YPR122W	0.000	0.000	0.000	0.000	1.200	1.300
YBL019W	0.000	0.000	0.000	0.000	1.200	1.200
YDR098C	0.000	0.000	0.000	0.000	1.300	1.300
YDR028C	-1.200	0.000	0.000	0.000	0.000	0.000
YKL097C	-1.100	0.000	0.000	0.000	0.000	0.000
YBL080C	-1.000	0.000	0.000	0.000	0.000	0.000
YOR065W	-1.000	0.000	0.000	0.000	0.000	0.000
YGR207C	1.000	0.000	0.000	0.000	0.000	0.000
YNR005C	1.500	0.000	0.000	0.000	0.000	0.000
YAL001C	1.700	0.000	0.000	0.000	0.000	0.000
YNL003C	0.000	-1.200	0.000	0.000	0.000	0.000
YMR147W	0.000	-1.000	0.000	0.000	0.000	0.000
YPL170W	0.000	0.900	0.000	0.000	0.000	0.000
YDR491C	0.000	1.100	0.000	0.000	0.000	0.000
YJR083C	0.000	1.100	0.000	0.000	0.000	0.000
YLR104W	0.000	1.100	0.000	0.000	0.000	0.000
YOL006C	0.000	1.100	0.000	0.000	0.000	0.000
YMR194C-A	0.000	1.100	0.000	0.000	0.000	0.000
YKR066C	0.000	1.200	0.000	0.000	0.000	0.000
YPR194C	0.000	1.200	0.000	0.000	0.000	0.000
YGL220W	0.000	1.300	0.000	0.000	0.000	0.000
YEL005C	0.000	1.400	0.000	0.000	0.000	0.000
YEL008W	0.000	1.400	0.000	0.000	0.000	0.000
YLR053C	0.000	1.400	0.000	0.000	0.000	0.000
YPL195W	0.000	1.400	0.000	0.000	0.000	0.000
YDR402C	0.000	1.400	0.000	0.000	0.000	0.000
YPR111W	0.000	1.500	0.000	0.000	0.000	0.000
YCL055W	0.000	1.600	0.000	0.000	0.000	0.000
YOR139C	0.000	1.600	0.000	0.000	0.000	0.000
YGR183C	0.000	1.600	0.000	0.000	0.000	0.000
YLR083C	0.000	1.800	0.000	0.000	0.000	0.000
YNL294C	0.000	0.000	-1.900	0.000	0.000	0.000
YER047C	0.000	0.000	1.900	0.000	0.000	0.000
YKL123W	0.000	0.000	1.900	0.000	0.000	0.000
YML079W	0.000	0.000	2.000	0.000	0.000	0.000
YOR140W	0.000	0.000	2.000	0.000	0.000	0.000
YHR147C	0.000	0.000	2.350	0.000	0.000	0.000
YIR025W	0.000	0.000	2.000	0.000	0.000	0.000
YJR149W	0.000	0.000	2.100	0.000	0.000	0.000
YKL026C	0.000	0.000	2.100	0.000	0.000	0.000
YAL031C	0.000	0.000	2.100	0.000	0.000	0.000
YER092W	0.000	0.000	2.100	0.000	0.000	0.000
YGL228W	0.000	0.000	2.100	0.000	0.000	0.000
YLR151C	0.000	0.000	2.100	0.000	0.000	0.000
YMR002W	0.000	0.000	2.200	0.000	0.000	0.000
YJL089W	0.000	0.000	2.200	0.000	0.000	0.000
YHR180W	0.000	0.000	2.200	0.000	0.000	0.000
YIL105C	0.000	0.000	2.200	0.000	0.000	0.000
YKR105C	0.000	0.000	2.200	0.000	0.000	0.000
YHR181W	0.000	0.000	2.200	0.000	0.000	0.000
YGR230W	0.000	0.000	2.200	0.000	0.000	0.000
YBR184W	0.000	0.000	2.200	0.000	0.000	0.000
YIR030C	0.000	0.000	2.200	0.000	0.000	0.000
YPL250C	0.000	0.000	2.200	0.000	0.000	0.000
YJL098W	0.000	0.000	2.200	0.000	0.000	0.000
YAL039C	0.000	0.000	2.300	0.000	0.000	0.000
YML115C	0.000	0.000	2.300	0.000	0.000	0.000
YJL084C	0.000	0.000	2.300	0.000	0.000	0.000
YJR059W	0.000	0.000	2.300	0.000	0.000	0.000
YER143W	0.000	0.000	2.400	0.000	0.000	0.000
YIL005W	0.000	0.000	2.400	0.000	0.000	0.000
YAR002W	0.000	0.000	2.400	0.000	0.000	0.000
YOR308C	0.000	0.000	2.400	0.000	0.000	0.000
YER042W	0.000	0.000	2.400	0.000	0.000	0.000
YFR024C-A	0.000	0.000	2.400	0.000	0.000	0.000
YKL016C	0.000	0.000	2.400	0.000	0.000	0.000
YOL031C	0.000	0.000	2.500	0.000	0.000	0.000
YKR093W	0.000	0.000	2.500	0.000	0.000	0.000
YLR372W	0.000	0.000	2.500	0.000	0.000	0.000
YDL222C	0.000	0.000	2.500	0.000	0.000	0.000
YNL122C	0.000	0.000	2.500	0.000	0.000	0.000
YHR195W	0.000	0.000	2.600	0.000	0.000	0.000
YCR059C	0.000	0.000	2.600	0.000	0.000	0.000
YHR189W	0.000	0.000	2.700	0.000	0.000	0.000
YBR008C	0.000	0.000	2.700	0.000	0.000	0.000
YCR107W	0.000	0.000	2.700	0.000	0.000	0.000
YOL079W	0.000	0.000	2.800	0.000	0.000	0.000
YOL028C	0.000	0.000	2.800	0.000	0.000	0.000
YHR133C	0.000	0.000	2.900	0.000	0.000	0.000
YHR150W	0.000	0.000	2.900	0.000	0.000	0.000
YLR049C	0.000	0.000	3.000	0.000	0.000	0.000
YIL092W	0.000	0.000	3.000	0.000	0.000	0.000
YMR042W	0.000	0.000	3.000	0.000	0.000	0.000
YIL058W	0.000	0.000	2.550	0.000	0.000	0.000
YFL012W-A	0.000	0.000	3.000	0.000	0.000	0.000
YIL052C	0.000	0.000	3.100	0.000	0.000	0.000
YMR016C	0.000	0.000	3.200	0.000	0.000	0.000
YFL044C	0.000	0.000	3.200	0.000	0.000	0.000
YIL006W	0.000	0.000	3.300	0.000	0.000	0.000
YHR157W	0.000	0.000	3.600	0.000	0.000	0.000
YIL044C	0.000	0.000	3.900	0.000	0.000	0.000
YER084W	0.000	0.000	4.400	0.000	0.000	0.000
YIL096C	0.000	0.000	4.900	0.000	0.000	0.000
YKL114C	-1.400	0.000	0.000	0.000	0.000	0.000
YDR205W	-1.100	0.000	0.000	0.000	0.000	0.000
YNL022C	1.200	0.000	0.000	0.000	0.000	0.000
YOR121C	1.300	0.000	0.000	0.000	0.000	0.000
YLR283W	1.400	0.000	0.000	0.000	0.000	0.000
YDR159W	1.600	0.000	0.000	0.000	0.000	0.000
YMR190C	0.000	-1.400	0.000	0.000	0.000	0.000
YJR135C	0.000	1.300	0.000	0.000	0.000	0.000
YER123W	0.000	1.500	0.000	0.000	0.000	0.000
YHR159W	0.000	2.500	0.000	0.000	0.000	0.000
YOR258W	0.000	0.000	-2.300	0.000	0.000	0.000
YHR004C	0.000	0.000	1.200	0.000	0.000	0.000
YNR033W	0.000	0.000	1.300	0.000	0.000	0.000
YJL043W	0.000	0.000	1.400	0.000	0.000	0.000
YDR176W	0.000	0.000	1.400	0.000	0.000	0.000
YPL064C	0.000	0.000	1.500	0.000	0.000	0.000
YIL028W	0.000	0.000	1.500	0.000	0.000	0.000
YKL206C	0.000	0.000	1.600	0.000	0.000	0.000
YHR152W	0.000	0.000	1.600	0.000	0.000	0.000
YHR198C	0.000	0.000	1.600	0.000	0.000	0.000
YBR025C	0.000	0.000	1.600	0.000	0.000	0.000
YJR131W	0.000	0.000	1.600	0.000	0.000	0.000
YMR225C	0.000	0.000	1.600	0.000	0.000	0.000
YLR185W	0.000	0.000	1.600	0.000	0.000	0.000
YOR144C	0.000	0.000	1.600	0.000	0.000	0.000
YIL095W	0.000	0.000	1.600	0.000	0.000	0.000
YMR084W	0.000	0.000	1.600	0.000	0.000	0.000
YLR004C	0.000	0.000	1.700	0.000	0.000	0.000
YJR084W	0.000	0.000	1.700	0.000	0.000	0.000
YDR144C	0.000	0.000	1.700	0.000	0.000	0.000
YER115C	0.000	0.000	1.700	0.000	0.000	0.000
YIL134W	0.000	0.000	1.700	0.000	0.000	0.000
YIR032C	0.000	0.000	1.700	0.000	0.000	0.000
YIL140W	0.000	0.000	1.700	0.000	0.000	0.000
YBR058C	0.000	0.000	1.700	0.000	0.000	0.000
YBR195C	0.000	0.000	1.700	0.000	0.000	0.000
YCR065W	0.000	0.000	1.700	0.000	0.000	0.000
YBR031W	0.000	0.000	1.800	0.000	0.000	0.000
YBR180W	0.000	0.000	1.800	0.000	0.000	0.000
YHR178W	0.000	0.000	1.800	0.000	0.000	0.000
YNL128W	0.000	0.000	1.800	0.000	0.000	0.000
YGR108W	0.000	0.000	1.800	0.000	0.000	0.000
YNL135C	0.000	0.000	1.800	0.000	0.000	0.000
YPL113C	0.000	0.000	1.800	0.000	0.000	0.000
YPL099C	0.000	0.000	1.800	0.000	0.000	0.000
YGL080W	0.000	0.000	1.800	0.000	0.000	0.000
YDL171C	0.000	0.000	1.900	0.000	0.000	0.000
YIR004W	0.000	0.000	1.900	0.000	0.000	0.000
YMR306W	0.000	0.000	1.900	0.000	0.000	0.000
YHR006W	0.000	0.000	1.900	0.000	0.000	0.000
YLR366W	0.000	0.000	1.900	0.000	0.000	0.000
YBR158W	0.000	0.000	1.900	0.000	0.000	0.000
YER103W	0.000	0.000	1.900	0.000	0.000	0.000
YIR037W	0.000	0.000	1.900	0.000	0.000	0.000
YHR105W	0.000	0.000	1.900	0.000	0.000	0.000
YNL316C	0.000	0.000	2.000	0.000	0.000	0.000
YIL170W	0.000	0.000	2.000	0.000	0.000	0.000
YIL072W	0.000	0.000	2.000	0.000	0.000	0.000
YNL227C	0.000	0.000	2.000	0.000	0.000	0.000
YJR009C	0.000	0.000	2.000	0.000	0.000	0.000
YBR216C	0.000	0.000	2.000	0.000	0.000	0.000
YGR053C	0.000	0.000	2.100	0.000	0.000	0.000
YGR026W	0.000	0.000	2.100	0.000	0.000	0.000
YHR108W	0.000	0.000	2.100	0.000	0.000	0.000
YKL008C	0.000	0.000	2.100	0.000	0.000	0.000
YML076C	0.000	0.000	2.100	0.000	0.000	0.000
YNL141W	0.000	0.000	2.100	0.000	0.000	0.000
YBR197C	0.000	0.000	2.100	0.000	0.000	0.000
YMR139W	0.000	0.000	2.100	0.000	0.000	0.000
YCR100C	0.000	0.000	2.100	0.000	0.000	0.000
YJL007C	0.000	0.000	2.100	0.000	0.000	0.000
YCL007C	0.000	0.000	2.100	0.000	0.000	0.000
YHR106W	0.000	0.000	2.100	0.000	0.000	0.000
YEL010W	0.000	0.000	2.100	0.000	0.000	0.000
YDL135C	0.000	0.000	2.100	0.000	0.000	0.000
YJL082W	0.000	0.000	2.200	0.000	0.000	0.000
YMR222C	0.000	0.000	2.200	0.000	0.000	0.000
YDL175C	0.000	0.000	2.200	0.000	0.000	0.000
YOR380W	0.000	0.000	2.200	0.000	0.000	0.000
YCR073C	0.000	0.000	2.300	0.000	0.000	0.000
YML022W	0.000	0.000	2.300	0.000	0.000	0.000
YBR204C	0.000	0.000	2.400	0.000	0.000	0.000
YGR052W	0.000	0.000	2.400	0.000	0.000	0.000
YHL002W	0.000	0.000	2.400	0.000	0.000	0.000
YEL016C	0.000	0.000	2.500	0.000	0.000	0.000
YGL088W	0.000	0.000	2.500	0.000	0.000	0.000
YLL021W	0.000	0.000	2.600	0.000	0.000	0.000
YOR045W	0.000	0.000	2.600	0.000	0.000	0.000
YCR027C	0.000	0.000	2.700	0.000	0.000	0.000
YEL056W	0.000	0.000	2.700	0.000	0.000	0.000
YIL023C	0.000	0.000	2.700	0.000	0.000	0.000
YDR285W	0.000	0.000	2.800	0.000	0.000	0.000
YPL132W	0.000	0.000	2.800	0.000	0.000	0.000
YER024W	0.000	0.000	2.800	0.000	0.000	0.000
YLR346C	0.000	0.000	2.800	0.000	0.000	0.000
YMR161W	0.000	0.000	3.000	0.000	0.000	0.000
YBR084W	0.000	0.000	3.200	0.000	0.000	0.000
YDR340W	0.000	0.000	3.300	0.000	0.000	0.000
YBR172C	0.000	0.000	3.500	0.000	0.000	0.000
YNL177C	0.000	0.000	4.000	0.000	0.000	0.000
YNL041C	0.000	0.000	0.000	-3.250	0.000	0.000
YGL005C	0.000	0.000	0.000	-2.600	0.000	0.000
YLR190W	0.000	0.000	0.000	-2.450	0.000	0.000
YML071C	0.000	0.000	0.000	-2.550	0.000	0.000
YLR418C	0.000	0.000	0.000	-2.500	0.000	0.000
YNL051W	0.000	0.000	0.000	-2.400	0.000	0.000
YGR257C	0.000	0.000	0.000	-1.800	0.000	0.000
YHR206W	0.000	0.000	0.000	-1.300	0.000	0.000
YKR036C	0.000	0.000	0.000	-1.200	0.000	0.000
YPL259C	0.000	0.000	0.000	-1.100	0.000	0.000
YNL198C	0.000	0.000	0.000	-1.100	0.000	0.000
YOL091W	0.000	0.000	0.000	1.000	0.000	0.000
YOL016C	0.000	0.000	0.000	1.100	0.000	0.000
YDR428C	0.000	0.000	0.000	1.300	0.000	0.000
YDR126W	0.000	0.000	0.000	1.800	0.000	0.000
YCR066W	0.000	0.000	0.000	0.000	-2.000	0.000
YDL099W	0.000	0.000	0.000	0.000	-1.800	0.000
YCL013W	0.000	0.000	0.000	0.000	-1.400	0.000
YIL057C	0.000	0.000	0.000	0.000	-1.100	0.000
YOR350C	0.000	0.000	0.000	0.000	1.000	0.000
YMR105C	0.000	0.000	0.000	0.000	1.100	0.000
YDR440W	0.000	0.000	0.000	0.000	1.200	0.000
YPR005C	0.000	0.000	0.000	0.000	1.200	0.000
YMR063W	0.000	0.000	0.000	0.000	1.700	0.000
YLR398C	0.000	0.000	0.000	0.000	0.000	-3.700
YDR386W	0.000	0.000	0.000	0.000	0.000	-2.700
YCR009C	0.000	0.000	0.000	0.000	0.000	-2.800
YOR076C	0.000	0.000	0.000	0.000	0.000	-3.100
YBR099C	0.000	0.000	0.000	0.000	0.000	-2.550
YOR322C	0.000	0.000	0.000	0.000	0.000	-2.500
YLR426W	0.000	0.000	0.000	0.000	0.000	-2.250
YJL120W	0.000	0.000	0.000	0.000	0.000	-2.450
YPR119W	0.000	0.000	0.000	0.000	0.000	-2.000
YOR327C	0.000	0.000	0.000	0.000	0.000	-2.100
YDL059C	0.000	0.000	0.000	0.000	0.000	-2.050
YDL225W	0.000	0.000	0.000	0.000	0.000	-1.750
YPL241C	0.000	0.000	0.000	0.000	0.000	-2.200
YDR266C	0.000	0.000	0.000	0.000	0.000	-2.300
YKL113C	0.000	0.000	0.000	0.000	0.000	-1.950
YKL076C	0.000	0.000	0.000	0.000	0.000	-1.950
YMR121C	0.000	0.000	0.000	0.000	0.000	-1.900
YLR006C	0.000	0.000	0.000	0.000	0.000	-1.900
YEL050C	0.000	0.000	0.000	0.000	0.000	-1.800
YIL067C	0.000	0.000	0.000	0.000	0.000	-1.800
YJL128C	0.000	0.000	0.000	0.000	0.000	-1.650
YNL016W	0.000	0.000	0.000	0.000	0.000	-1.800
YDL020C	0.000	0.000	0.000	0.000	0.000	-2.100
YDR057W	0.000	0.000	0.000	0.000	0.000	-1.700
YAL015C	0.000	0.000	0.000	0.000	0.000	-1.700
YOR091W	0.000	0.000	0.000	0.000	0.000	-1.600
YML103C	0.000	0.000	0.000	0.000	0.000	-1.600
YNR031C	0.000	0.000	0.000	0.000	0.000	-1.350
YLR119W	0.000	0.000	0.000	0.000	0.000	-1.400
YPL148C	0.000	0.000	0.000	0.000	0.000	-1.300
YOL003C	0.000	0.000	0.000	0.000	0.000	-1.300
YHL006C	0.000	0.000	0.000	0.000	0.000	-1.300
YKL017C	0.000	0.000	0.000	0.000	0.000	-1.350
YDR152W	0.000	0.000	0.000	0.000	0.000	-1.200
YDL167C	0.000	0.000	0.000	0.000	0.000	-1.200
YLL032C	0.000	0.000	0.000	0.000	0.000	-1.400
YPL120W	0.000	0.000	0.000	0.000	0.000	-1.100
YPR061C	0.000	0.000	0.000	0.000	0.000	-1.100
YDR534C	0.000	0.000	0.000	0.000	0.000	-1.000
YPL201C	0.000	0.000	0.000	0.000	0.000	1.000
YNL291C	0.000	0.000	0.000	0.000	0.000	1.000
YOR304W	0.000	0.000	0.000	0.000	0.000	1.100
YIL032C	0.000	0.000	0.000	0.000	0.000	1.200
YOL059W	0.000	0.000	0.000	0.000	0.000	1.300
YKL077W	0.000	0.000	0.000	0.000	0.000	1.300
YER131W	0.000	0.000	0.000	0.000	0.000	1.300
YJL052W	0.000	0.000	0.000	0.000	0.000	1.400
YPL253C	0.000	0.000	0.000	0.000	0.000	1.500
YOR006C	0.000	0.000	0.000	0.000	0.000	1.500
YDL194W	0.000	0.000	0.000	0.000	0.000	1.500
YDR447C	0.000	0.000	0.000	0.000	0.000	1.600
YBR036C	0.000	0.000	0.000	0.000	0.000	1.700
YML028W	0.000	0.000	0.000	0.000	0.000	1.700
YDR477W	0.000	0.000	0.000	0.000	0.000	1.800
YPR106W	0.000	0.000	0.000	0.000	0.000	1.800
YDR136C	0.000	0.000	0.000	-2.400	0.000	0.000
YNL079C	0.000	0.000	0.000	-1.900	0.000	0.000
YPR099C	0.000	0.000	0.000	-1.800	0.000	0.000
YGL094C	0.000	0.000	0.000	-1.600	0.000	0.000
YGL082W	0.000	0.000	0.000	-1.300	0.000	0.000
YDL180W	0.000	0.000	0.000	-1.300	0.000	0.000
YLR020C	0.000	0.000	0.000	-1.300	0.000	0.000
YBR229C	0.000	0.000	0.000	-1.200	0.000	0.000
YHR113W	0.000	0.000	0.000	-1.200	0.000	0.000
YGR196C	0.000	0.000	0.000	-1.200	0.000	0.000
YEL017W	0.000	0.000	0.000	-1.200	0.000	0.000
YBR210W	0.000	0.000	0.000	-1.200	0.000	0.000
YNL253W	0.000	0.000	0.000	-1.200	0.000	0.000
YEL067C	0.000	0.000	0.000	-1.200	0.000	0.000
YMR152W	0.000	0.000	0.000	-1.200	0.000	0.000
YLL030C	0.000	0.000	0.000	-1.200	0.000	0.000
YKL084W	0.000	0.000	0.000	-1.100	0.000	0.000
YIL010W	0.000	0.000	0.000	-1.100	0.000	0.000
YKL129C	0.000	0.000	0.000	-1.100	0.000	0.000
YGR142W	0.000	0.000	0.000	-1.100	0.000	0.000
YIL102C	0.000	0.000	0.000	1.200	0.000	0.000
YOR024W	0.000	0.000	0.000	1.300	0.000	0.000
YGR038W	0.000	0.000	0.000	1.500	0.000	0.000
YOR041C	0.000	0.000	0.000	1.500	0.000	0.000
YDR423C	0.000	0.000	0.000	1.600	0.000	0.000
YDR391C	0.000	0.000	0.000	1.700	0.000	0.000
YLR425W	0.000	0.000	0.000	1.700	0.000	0.000
YMR182C	0.000	0.000	0.000	1.900	0.000	0.000
YGR043C	0.000	0.000	0.000	2.000	0.000	0.000
YBR016W	0.000	0.000	0.000	2.300	0.000	0.000
YMR132C	0.000	0.000	0.000	0.000	1.200	0.000
YPL071C	0.000	0.000	0.000	0.000	1.300	0.000
YGR122W	0.000	0.000	0.000	0.000	1.900	0.000
YOR030W	0.000	0.000	0.000	0.000	2.100	0.000
YGL214W	0.000	0.000	0.000	0.000	0.000	-4.000
YGL213C	0.000	0.000	0.000	0.000	0.000	-3.800
YKL213C	0.000	0.000	0.000	0.000	0.000	-3.000
YLR032W	0.000	0.000	0.000	0.000	0.000	-2.200
YJR043C	0.000	0.000	0.000	0.000	0.000	-1.900
YDR260C	0.000	0.000	0.000	0.000	0.000	-1.900
YCR061W	0.000	0.000	0.000	0.000	0.000	-1.900
YHR030C	0.000	0.000	0.000	0.000	0.000	-1.900
YOR150W	0.000	0.000	0.000	0.000	0.000	-1.700
YJL204C	0.000	0.000	0.000	0.000	0.000	-1.600
YLR352W	0.000	0.000	0.000	0.000	0.000	-1.600
YMR214W	0.000	0.000	0.000	0.000	0.000	-1.600
YKL056C	0.000	0.000	0.000	0.000	0.000	-1.600
YMR316W	0.000	0.000	0.000	0.000	0.000	-1.600
YNL288W	0.000	0.000	0.000	0.000	0.000	-1.300
YIL077C	0.000	0.000	0.000	0.000	0.000	-1.200
YJL130C	0.000	0.000	0.000	0.000	0.000	-1.200
YBR300C	0.000	0.000	0.000	0.000	0.000	-1.200
YHR104W	0.000	0.000	0.000	0.000	0.000	-1.200
YGR077C	0.000	0.000	0.000	0.000	0.000	-1.100
YMR153C-A	0.000	0.000	0.000	0.000	0.000	-1.100
YOR304C-A	0.000	0.000	0.000	0.000	0.000	1.000
YBL096C	0.000	0.000	0.000	0.000	0.000	1.100
YOR034C	0.000	0.000	0.000	0.000	0.000	1.100
YLR334C	0.000	0.000	0.000	0.000	0.000	1.200
YFL014W	0.000	0.000	0.000	0.000	0.000	1.200
YIL107C	0.000	0.000	0.000	0.000	0.000	1.200
YOR213C	0.000	0.000	0.000	0.000	0.000	1.200
YIL112W	0.000	0.000	0.000	0.000	0.000	1.400
YLR248W	0.000	0.000	0.000	0.000	0.000	1.500
YBR141C	0.000	0.000	0.000	0.000	0.000	1.600
YBR174C	0.000	0.000	0.000	0.000	0.000	1.800
YOL115W	0.000	0.000	0.000	0.000	0.000	1.800
YPR018W	0.000	0.000	0.000	0.000	0.000	1.800
YGL002W	0.000	0.000	0.000	0.000	0.000	2.000
YDL082W	0.000	0.000	0.000	0.000	0.000	2.000
YBR084C-A	0.000	0.000	0.000	0.000	0.000	2.100
YDR221W	0.000	0.000	0.000	0.000	0.000	2.100
YFL041W	0.000	0.000	0.000	0.000	0.000	2.100
YBR168W	0.000	0.000	0.000	0.000	0.000	3.200