orf	hom | growth (relative abundance in pooled culture) | formaldehyde [0.15mM], time [5 generations] | North M~Vulpe CD, 2016	hom | growth (relative abundance in pooled culture) | formaldehyde [0.3mM], time [5 generations] | North M~Vulpe CD, 2016	hom | growth (relative abundance in pooled culture) | formaldehyde [0.6 mM], time [5 generations] | North M~Vulpe CD, 2016	hom | growth (relative abundance in pooled culture) | formaldehyde [0.15mM], time [15 generations] | North M~Vulpe CD, 2016	hom | growth (relative abundance in pooled culture) | formaldehyde [0.3mM], time [15 generations] | North M~Vulpe CD, 2016	hom | growth (relative abundance in pooled culture) | formaldehyde [0.6 mM], time [15 generations] | North M~Vulpe CD, 2016
YAL001C	1.7	0.0	0.0	0.0	0.0	0.0
YAL015C	0.0	0.0	0.0	0.0	0.0	-1.7
YAL027W	0.0	0.0	0.0	-1.1	-1.1	-1.0
YAL031C	0.0	0.0	2.1	0.0	0.0	0.0
YAL039C	0.0	0.0	2.3	0.0	0.0	0.0
YAL042C-A	1.3	1.4	0.0	1.4	1.2	1.6
YAR002W	0.0	0.0	2.4	0.0	0.0	0.0
YAR031W	2.2	2.1	2.4	1.7	1.7	1.7
YAR042W	2.0	1.8	3.2	2.0	2.1	2.3
YBL007C	-1.5	-2.1	0.0	0.0	0.0	0.0
YBL008W	1.4	1.5	0.0	0.0	1.8	2.2
YBL010C	0.0	0.0	0.0	2.6	2.5	2.4
YBL019W	0.0	0.0	0.0	0.0	1.2	1.2
YBL062W	1.8	2.0	0.0	0.0	0.0	0.0
YBL065W	0.0	1.5	-2.1	5.5	5.3	5.3
YBL080C	-1.0	0.0	0.0	0.0	0.0	0.0
YBL096C	0.0	0.0	0.0	0.0	0.0	1.1
YBL100C	-1.3	-1.4	0.0	0.0	0.0	0.0
YBR006W	0.0	0.0	0.0	2.0	1.9	1.5
YBR008C	0.0	0.0	2.7	0.0	0.0	0.0
YBR016W	0.0	0.0	0.0	2.3	0.0	0.0
YBR025C	0.0	0.0	1.6	0.0	0.0	0.0
YBR027C	0.0	0.0	0.0	0.0	1.1	1.1
YBR031W	0.0	0.0	1.8	0.0	0.0	0.0
YBR035C	1.8	1.9	0.0	0.4	0.2	2.2
YBR036C	0.0	0.0	0.0	0.0	0.0	1.7
YBR037C	1.4	1.3	0.0	2.5	2.3	2.5
YBR040W	1.4	0.0	0.0	1.7	1.7	1.8
YBR044C	1.7	1.7	2.3	2.0	2.0	0.0
YBR053C	0.0	1.1	2.3	0.0	0.0	0.0
YBR056W	1.2	1.2	0.0	1.5	1.4	1.7
YBR057C	1.5	1.5	0.0	0.0	0.0	0.0
YBR058C	0.0	0.0	1.7	0.0	0.0	0.0
YBR071W	0.0	0.0	0.0	1.3	0.0	1.0
YBR074W	0.0	0.0	0.0	2.3	2.3	2.3
YBR084C-A	0.0	0.0	0.0	0.0	0.0	2.1
YBR084W	0.0	0.0	3.2	0.0	0.0	0.0
YBR099C	0.0	0.0	0.0	0.0	0.0	-2.55
YBR114W	2.3	2.5	2.8	2.4	2.3	2.4
YBR129C	0.0	0.0	0.0	1.7	1.5	1.4
YBR134W	0.0	0.0	0.0	2.1	0.0	-1.2
YBR138C	0.0	0.0	0.0	4.7	4.5	4.5
YBR141C	0.0	0.0	0.0	0.0	0.0	1.6
YBR149W	0.0	0.0	0.0	2.4	2.6	2.4
YBR158W	0.0	0.0	1.9	0.0	0.0	0.0
YBR159W	2.0	2.2	0.0	0.0	0.0	0.0
YBR168W	0.0	0.0	0.0	0.0	0.0	3.2
YBR170C	1.8	2.1	0.0	0.0	0.0	0.0
YBR172C	0.0	0.0	3.5	0.0	0.0	0.0
YBR173C	0.0	0.0	2.4	2.0	2.0	1.9
YBR174C	0.0	0.0	0.0	0.0	0.0	1.8
YBR175W	3.0	3.4	2.6	0.0	0.0	0.0
YBR180W	0.0	0.0	1.8	0.0	0.0	0.0
YBR184W	0.0	0.0	2.2	0.0	0.0	0.0
YBR195C	0.0	0.0	1.7	0.0	0.0	0.0
YBR197C	0.0	0.0	2.1	0.0	0.0	0.0
YBR204C	0.0	0.0	2.4	0.0	0.0	0.0
YBR210W	0.0	0.0	0.0	-1.2	0.0	0.0
YBR213W	2.8	2.8	0.0	0.0	0.0	0.0
YBR216C	0.0	0.0	2.0	0.0	0.0	0.0
YBR229C	0.0	0.0	0.0	-1.2	0.0	0.0
YBR239C	0.0	0.0	0.0	-1.5	-1.3	0.0
YBR241C	0.0	-1.4	0.0	-1.3	0.0	0.0
YBR269C	1.5	0.0	1.8	0.0	0.0	0.0
YBR272C	3.4	3.4	1.3	2.8	2.8	3.3
YBR286W	0.0	1.0	0.0	1.2	1.1	0.0
YBR298C	1.5	1.5	0.0	0.0	0.0	0.0
YBR300C	0.0	0.0	0.0	0.0	0.0	-1.2
YCL005W	0.0	0.0	0.0	2.5	2.7	2.9
YCL007C	0.0	0.0	2.1	0.0	0.0	0.0
YCL011C	0.0	0.0	0.0	0.0	-1.4	-1.6
YCL026C-A	0.0	0.0	0.0	-1.2	-1.2	0.0
YCL037C	-1.7	-1.6	0.0	-1.9	-2.4	-3.3
YCL046W	2.1	2.3	0.0	1.6	0.0	0.0
YCL050C	0.0	0.0	0.0	-1.4	-1.4	-1.1
YCL055W	0.0	1.6	0.0	0.0	0.0	0.0
YCR001W	1.5	1.6	0.0	0.0	0.0	0.0
YCR006C	3.3	3.4	0.0	0.0	0.0	0.0
YCR007C	-4.2	-4.2	0.0	0.1	-0.15	0.1
YCR009C	0.0	0.0	0.0	0.0	0.0	-2.8
YCR011C	1.7	1.9	0.0	1.8	1.7	1.9
YCR027C	0.0	0.0	2.7	0.0	0.0	0.0
YCR028C	0.0	0.0	0.0	-2.1	-2.5	-2.4
YCR034W	1.6	0.0	2.9	0.0	0.0	1.8
YCR050C	1.2	0.0	0.0	2.1	1.9	0.0
YCR059C	0.0	0.0	2.6	0.0	0.0	0.0
YCR060W	1.7	1.9	2.3	1.7	1.8	1.6
YCR061W	0.0	0.0	0.0	0.0	0.0	-1.9
YCR065W	0.0	0.0	1.7	0.0	0.0	0.0
YCR066W	0.0	0.0	0.0	0.0	-2.0	0.0
YCR073C	0.0	0.0	2.3	0.0	0.0	0.0
YCR073W-A	3.3	3.4	2.15	0.0	0.0	0.0
YCR082W	1.7	1.6	2.2	0.0	0.0	0.0
YCR089W	0.0	0.0	0.0	-1.1	-1.1	0.0
YCR100C	0.0	0.0	2.1	0.0	0.0	0.0
YCR101C	0.0	0.0	0.0	2.8	2.7	2.5
YCR102C	0.0	0.0	0.0	1.7	1.4	1.5
YCR107W	0.0	0.0	2.7	0.0	0.0	0.0
YDL010W	0.0	0.0	-2.5	4.7	4.5	4.6
YDL020C	0.0	0.0	0.0	0.0	0.0	-2.1
YDL059C	0.0	0.0	0.0	0.0	0.0	-2.05
YDL070W	0.0	0.0	0.0	2.1	2.1	2.2
YDL082W	0.0	0.0	0.0	0.0	0.0	2.0
YDL099W	0.0	0.0	0.0	0.0	-1.8	0.0
YDL107W	-2.4	-2.2	0.0	-1.8	-2.0	0.0
YDL127W	-2.3	-2.1	0.0	-1.9	-2.1	-0.45
YDL135C	0.0	0.0	2.1	0.0	0.0	0.0
YDL167C	0.0	0.0	0.0	0.0	0.0	-1.2
YDL171C	0.0	0.0	1.9	0.0	0.0	0.0
YDL175C	0.0	0.0	2.2	0.0	0.0	0.0
YDL177C	0.0	0.0	0.0	-1.2	-1.2	0.0
YDL180W	0.0	0.0	0.0	-1.3	0.0	0.0
YDL194W	0.0	0.0	0.0	0.0	0.0	1.5
YDL198C	0.0	0.0	0.0	-2.6	-2.0	-1.9
YDL211C	0.0	0.0	0.0	-1.2	-1.1	-1.2
YDL218W	0.0	0.0	0.0	-1.2	-1.2	-1.2
YDL219W	0.0	0.0	0.0	-1.5	-1.4	0.0
YDL222C	0.0	0.0	2.5	0.0	0.0	0.0
YDL223C	2.4	2.35	0.0	1.9	1.8	0.0
YDL225W	0.0	0.0	0.0	0.0	0.0	-1.75
YDL226C	1.1	1.2	0.0	0.0	0.0	0.0
YDL236W	0.0	0.0	0.0	-1.3	-1.2	0.0
YDL237W	0.0	0.0	0.0	-1.2	0.0	-1.2
YDR004W	0.0	0.0	0.0	0.0	-1.7	-2.9
YDR011W	0.0	0.0	0.0	-1.3	-1.1	0.0
YDR014W	0.0	0.0	0.0	-1.4	0.0	-1.6
YDR025W	1.9	2.1	0.0	0.0	0.0	0.0
YDR028C	-1.2	0.0	0.0	0.0	0.0	0.0
YDR029W	0.0	0.0	0.0	0.0	-1.3	-1.4
YDR034C	1.5	1.5	0.0	1.4	1.4	1.3
YDR049W	0.0	0.0	0.0	0.0	-1.8	-2.4
YDR057W	0.0	0.0	0.0	0.0	0.0	-1.7
YDR098C	0.0	0.0	0.0	0.0	1.3	1.3
YDR124W	0.0	0.0	0.0	1.6	1.7	1.6
YDR126W	0.0	0.0	0.0	1.8	0.0	0.0
YDR136C	0.0	0.0	0.0	-2.4	0.0	0.0
YDR144C	0.0	0.0	1.7	0.0	0.0	0.0
YDR152W	0.0	0.0	0.0	0.0	0.0	-1.2
YDR153C	2.6	3.1	0.0	0.0	0.0	0.0
YDR157W	0.0	0.0	0.0	1.1	1.2	0.0
YDR159W	1.6	0.0	0.0	0.0	0.0	0.0
YDR175C	-2.75	-3.2	-2.3	0.0	0.0	0.0
YDR176W	0.0	0.0	1.4	0.0	0.0	0.0
YDR205W	-1.1	0.0	0.0	0.0	0.0	0.0
YDR220C	0.0	0.0	0.0	1.5	1.5	1.4
YDR221W	0.0	0.0	0.0	0.0	0.0	2.1
YDR251W	1.5	1.4	0.0	1.5	1.6	1.5
YDR260C	0.0	0.0	0.0	0.0	0.0	-1.9
YDR262W	0.0	0.0	0.0	1.3	1.3	0.0
YDR266C	0.0	0.0	0.0	0.0	0.0	-2.3
YDR283C	2.2	2.3	0.0	0.0	0.0	0.0
YDR285W	0.0	0.0	2.8	0.0	0.0	0.0
YDR291W	0.0	0.0	-2.1	4.2	4.1	3.9
YDR314C	0.0	0.0	0.0	1.5	1.5	0.0
YDR336W	-2.0	-1.9	0.0	2.2	0.4	2.4
YDR340W	0.0	0.0	3.3	0.0	0.0	0.0
YDR354W	0.0	1.3	0.0	0.0	0.0	1.7
YDR377W	1.7	1.8	0.0	0.0	0.0	0.0
YDR384C	0.0	0.0	0.0	2.9	2.9	3.2
YDR386W	0.0	0.0	0.0	0.0	0.0	-2.7
YDR391C	0.0	0.0	0.0	1.7	0.0	0.0
YDR400W	0.0	0.0	0.0	1.7	1.7	1.9
YDR401W	1.6	1.9	0.0	0.0	0.0	0.0
YDR402C	0.0	1.4	0.0	0.0	0.0	0.0
YDR409W	1.5	1.5	0.0	0.0	0.0	0.0
YDR422C	1.8	1.9	0.0	0.0	0.0	0.0
YDR423C	0.0	0.0	0.0	1.6	0.0	0.0
YDR424C	0.0	0.0	0.0	1.3	1.3	0.0
YDR428C	0.0	0.0	0.0	1.3	0.0	0.0
YDR440W	0.0	0.0	0.0	0.0	1.2	0.0
YDR441C	1.7	1.8	0.0	0.0	0.0	0.0
YDR447C	0.0	0.0	0.0	0.0	0.0	1.6
YDR456W	3.2	3.5	-1.9	1.8	1.9	2.0
YDR457W	0.0	0.0	0.0	-2.3	-2.35	-1.7
YDR458C	3.0	3.1	0.0	0.0	1.9	0.0
YDR465C	2.3	2.4	0.0	0.0	0.0	0.0
YDR477W	0.0	0.0	0.0	0.0	0.0	1.8
YDR480W	-1.2	-1.3	0.0	0.0	0.0	0.0
YDR491C	0.0	1.1	0.0	0.0	0.0	0.0
YDR497C	0.0	0.0	0.0	0.0	1.1	1.5
YDR520C	1.8	1.6	0.0	0.0	0.0	0.0
YDR530C	0.0	0.0	0.0	-1.2	-1.3	0.0
YDR534C	0.0	0.0	0.0	0.0	0.0	-1.0
YDR540C	0.0	0.0	0.0	-1.5	-1.8	-2.4
YEL005C	0.0	1.4	0.0	0.0	0.0	0.0
YEL008W	0.0	1.4	0.0	0.0	0.0	0.0
YEL010W	0.0	0.0	2.1	0.0	0.0	0.0
YEL012W	3.7	4.3	0.0	0.0	0.0	0.0
YEL016C	0.0	0.0	2.5	0.0	0.0	0.0
YEL017W	0.0	0.0	0.0	-1.2	0.0	0.0
YEL028W	0.0	0.0	-1.5	3.9	3.7	3.5
YEL043W	-2.4	-1.6	0.0	-1.6	0.0	0.0
YEL050C	0.0	0.0	0.0	0.0	0.0	-1.8
YEL056W	0.0	0.0	2.7	0.0	0.0	0.0
YEL065W	0.0	0.0	0.0	-1.3	-1.2	-1.1
YEL066W	0.0	0.0	0.0	-1.1	-1.1	0.0
YEL067C	0.0	0.0	0.0	-1.2	0.0	0.0
YEL068C	3.9	3.8	3.1	3.6	3.5	3.4
YER002W	3.0	3.0	0.0	0.0	0.0	0.0
YER024W	0.0	0.0	2.8	0.0	0.0	0.0
YER042W	0.0	0.0	2.4	0.0	0.0	0.0
YER047C	0.0	0.0	1.9	0.0	0.0	0.0
YER051W	2.0	2.1	0.0	0.0	0.0	0.0
YER058W	-1.3	-1.2	0.0	-1.1	-1.3	-1.2
YER084W	0.0	0.0	4.4	0.0	0.0	0.0
YER088C	0.0	0.0	0.0	1.6	1.5	1.6
YER092W	0.0	0.0	2.1	0.0	0.0	0.0
YER101C	-2.9	-2.8	0.0	-2.9	-3.1	-2.9
YER103W	0.0	0.0	1.9	0.0	0.0	0.0
YER110C	-1.2	0.0	0.0	-1.5	-1.6	-1.2
YER114C	0.0	0.0	0.0	1.1	0.0	1.2
YER115C	0.0	0.0	1.7	0.0	0.0	0.0
YER122C	-1.2	-1.3	0.0	0.0	0.0	0.0
YER123W	0.0	1.5	0.0	0.0	0.0	0.0
YER131W	0.0	0.0	0.0	0.0	0.0	1.3
YER143W	0.0	0.0	2.4	0.0	0.0	0.0
YER156C	0.0	0.0	0.0	-1.7	-1.8	-1.5
YER169W	3.5	3.6	0.0	1.9	2.1	2.0
YER175C	0.0	0.0	0.0	1.5	0.0	1.5
YER176W	-2.4	-2.2	0.0	-1.9	-2.0	-1.8
YFL012W-A	0.0	0.0	3.0	0.0	0.0	0.0
YFL014W	0.0	0.0	0.0	0.0	0.0	1.2
YFL041W	0.0	0.0	0.0	0.0	0.0	2.1
YFL044C	0.0	0.0	3.2	0.0	0.0	0.0
YFR012W	-1.6	-1.6	0.0	0.0	-1.2	0.0
YFR016C	0.0	0.0	0.0	1.4	1.4	1.5
YFR018C	2.6	2.9	0.0	2.4	0.0	0.0
YFR024C-A	0.0	0.0	2.4	0.0	0.0	0.0
YFR026C	0.0	0.0	0.0	1.7	1.6	1.9
YFR034C	0.0	0.0	0.0	-2.4	0.0	2.0
YFR036W	-3.2	-3.7	-2.0	0.0	0.0	0.0
YGL002W	0.0	0.0	0.0	0.0	0.0	2.0
YGL005C	0.0	0.0	0.0	-2.6	0.0	0.0
YGL043W	0.0	0.0	0.0	-1.1	-1.2	0.0
YGL063W	0.0	0.0	0.0	1.5	1.6	1.5
YGL080W	0.0	0.0	1.8	0.0	0.0	0.0
YGL082W	0.0	0.0	0.0	-1.3	0.0	0.0
YGL087C	2.0	1.9	0.0	0.0	0.0	0.0
YGL088W	0.0	0.0	2.5	0.0	0.0	0.0
YGL094C	0.0	0.0	0.0	-1.6	0.0	0.0
YGL118C	2.6	2.6	0.0	2.6	2.5	2.6
YGL125W	2.1	2.5	0.0	0.0	0.0	0.0
YGL138C	2.8	3.0	0.0	0.0	0.0	0.0
YGL139W	0.0	0.0	0.0	-1.0	0.0	-1.1
YGL158W	-1.5	-1.4	0.0	-1.6	-1.7	-1.5
YGL175C	1.5	1.4	0.0	0.0	0.0	0.0
YGL200C	2.0	2.5	0.0	0.0	0.0	0.0
YGL213C	0.0	0.0	0.0	0.0	0.0	-3.8
YGL214W	0.0	0.0	0.0	0.0	0.0	-4.0
YGL220W	0.0	1.3	0.0	0.0	0.0	0.0
YGL226C-A	3.0	3.4	0.0	0.0	0.0	0.0
YGL227W	0.0	1.1	0.0	2.0	2.0	1.4
YGL228W	0.0	0.0	2.1	0.0	0.0	0.0
YGL229C	2.4	2.8	0.0	0.0	0.0	0.0
YGR010W	-2.4	-2.3	0.0	-2.1	-2.2	-2.1
YGR026W	0.0	0.0	2.1	0.0	0.0	0.0
YGR028W	0.0	0.0	0.0	1.6	1.4	0.0
YGR034W	1.8	1.8	0.0	0.0	0.0	0.0
YGR035C	0.0	1.3	0.0	1.8	1.7	0.0
YGR038W	0.0	0.0	0.0	1.5	0.0	0.0
YGR041W	2.0	2.0	0.0	0.0	0.0	1.3
YGR043C	0.0	0.0	0.0	2.0	0.0	0.0
YGR049W	0.0	0.0	0.0	1.7	1.8	1.7
YGR052W	0.0	0.0	2.4	0.0	0.0	0.0
YGR053C	0.0	0.0	2.1	0.0	0.0	0.0
YGR058W	0.0	0.0	0.0	1.8	1.8	1.8
YGR070W	2.2	2.6	0.0	2.0	1.9	0.0
YGR077C	0.0	0.0	0.0	0.0	0.0	-1.1
YGR089W	0.0	0.0	0.0	-1.3	-1.2	-1.5
YGR097W	2.6	2.5	0.0	0.0	0.0	0.0
YGR108W	0.0	0.0	1.8	0.0	0.0	0.0
YGR122W	0.0	0.0	0.0	0.0	1.9	0.0
YGR142W	0.0	0.0	0.0	-1.1	0.0	0.0
YGR143W	1.7	1.8	3.3	0.0	0.0	0.0
YGR157W	0.0	0.0	0.0	2.0	0.0	2.3
YGR166W	1.6	1.6	0.0	0.0	0.0	0.0
YGR183C	0.0	1.6	0.0	0.0	0.0	0.0
YGR192C	2.0	2.0	2.7	0.0	2.0	2.0
YGR196C	0.0	0.0	0.0	-1.2	0.0	0.0
YGR205W	1.4	1.5	0.0	0.0	0.0	0.0
YGR207C	1.0	0.0	0.0	0.0	0.0	0.0
YGR209C	-2.0	-1.8	0.0	-1.5	-1.3	-1.6
YGR219W	-2.4	-2.3	0.0	-2.3	-2.1	0.0
YGR220C	0.0	0.0	0.0	-1.9	0.0	-1.7
YGR230W	0.0	0.0	2.2	0.0	0.0	0.0
YGR242W	0.0	0.0	0.0	2.7	2.4	2.6
YGR257C	0.0	0.0	0.0	-1.8	0.0	0.0
YGR263C	2.4	2.4	0.0	2.3	2.3	2.2
YGR271W	0.0	0.0	0.0	0.0	-1.4	-2.7
YGR282C	1.8	1.9	0.0	0.0	0.0	0.0
YGR295C	0.0	0.0	0.0	2.0	1.9	1.8
YHL002W	0.0	0.0	2.4	0.0	0.0	0.0
YHL006C	0.0	0.0	0.0	0.0	0.0	-1.3
YHL011C	0.0	1.6	2.4	0.0	0.0	0.0
YHL027W	0.0	0.0	0.0	1.8	2.1	0.0
YHL039W	2.9	2.5	0.0	1.6	1.7	1.6
YHL041W	1.2	0.0	0.0	-1.1	0.0	0.0
YHR004C	0.0	0.0	1.2	0.0	0.0	0.0
YHR006W	0.0	0.0	1.9	0.0	0.0	0.0
YHR012W	0.0	0.0	0.0	2.0	1.7	0.0
YHR014W	1.5	1.8	0.0	1.7	1.6	0.0
YHR022C	0.0	0.0	0.0	-1.4	-1.4	-1.6
YHR029C	0.0	0.0	0.0	3.4	3.2	3.3
YHR030C	0.0	0.0	0.0	0.0	0.0	-1.9
YHR037W	3.1	3.0	0.0	1.9	0.0	0.0
YHR046C	2.3	2.6	2.8	1.8	2.0	0.0
YHR048W	1.6	1.8	0.0	0.0	0.0	0.0
YHR079C	0.0	0.0	0.0	1.2	1.2	1.2
YHR079C-A	0.0	0.0	0.0	1.9	1.9	1.9
YHR094C	-1.7	-1.5	0.0	-1.4	-1.4	-1.4
YHR104W	0.0	0.0	0.0	0.0	0.0	-1.2
YHR105W	0.0	0.0	1.9	0.0	0.0	0.0
YHR106W	0.0	0.0	2.1	0.0	0.0	0.0
YHR108W	0.0	0.0	2.1	0.0	0.0	0.0
YHR113W	0.0	0.0	0.0	-1.2	0.0	0.0
YHR115C	-2.3	-2.3	0.0	-2.2	-2.4	-2.2
YHR133C	0.0	0.0	2.9	0.0	0.0	0.0
YHR147C	0.0	0.0	2.35	0.0	0.0	0.0
YHR150W	0.0	0.0	2.9	0.0	0.0	0.0
YHR151C	0.0	0.0	0.0	2.2	2.1	2.2
YHR152W	0.0	0.0	1.6	0.0	0.0	0.0
YHR153C	0.0	0.0	0.0	2.2	2.2	2.4
YHR157W	0.0	0.0	3.6	0.0	0.0	0.0
YHR159W	0.0	2.5	0.0	0.0	0.0	0.0
YHR160C	0.0	1.5	2.9	1.7	1.8	0.0
YHR178W	0.0	0.0	1.8	0.0	0.0	0.0
YHR180W	0.0	0.0	2.2	0.0	0.0	0.0
YHR181W	0.0	0.0	2.2	0.0	0.0	0.0
YHR182W	2.3	2.2	1.6	0.0	0.0	0.0
YHR189W	0.0	0.0	2.7	0.0	0.0	0.0
YHR195W	0.0	0.0	2.6	0.0	0.0	0.0
YHR198C	0.0	0.0	1.6	0.0	0.0	0.0
YHR200W	1.7	2.1	3.1	0.0	0.0	1.6
YHR202W	0.0	1.2	2.0	0.0	0.0	0.0
YHR206W	0.0	0.0	0.0	-1.3	0.0	0.0
YIL005W	0.0	0.0	2.4	0.0	0.0	0.0
YIL006W	0.0	0.0	3.3	0.0	0.0	0.0
YIL009C-A	0.0	0.0	0.0	3.3	2.9	3.2
YIL010W	0.0	0.0	0.0	-1.1	0.0	0.0
YIL011W	0.0	0.0	0.0	-1.5	-1.4	0.0
YIL023C	0.0	0.0	2.7	0.0	0.0	0.0
YIL028W	0.0	0.0	1.5	0.0	0.0	0.0
YIL032C	0.0	0.0	0.0	0.0	0.0	1.2
YIL035C	2.3	2.3	0.0	0.0	0.0	0.0
YIL043C	0.0	0.0	0.0	-1.0	-1.1	0.0
YIL044C	0.0	0.0	3.9	0.0	0.0	0.0
YIL052C	0.0	0.0	3.1	0.0	0.0	0.0
YIL057C	0.0	0.0	0.0	0.0	-1.1	0.0
YIL058W	0.0	0.0	2.55	0.0	0.0	0.0
YIL067C	0.0	0.0	0.0	0.0	0.0	-1.8
YIL072W	0.0	0.0	2.0	0.0	0.0	0.0
YIL077C	0.0	0.0	0.0	0.0	0.0	-1.2
YIL090W	3.0	3.0	2.9	0.0	0.0	0.0
YIL092W	0.0	0.0	3.0	0.0	0.0	0.0
YIL095W	0.0	0.0	1.6	0.0	0.0	0.0
YIL096C	0.0	0.0	4.9	0.0	0.0	0.0
YIL099W	-1.7	-1.9	0.0	-1.3	-1.4	-1.3
YIL101C	-1.7	-1.6	0.0	-1.1	-1.3	-1.2
YIL102C	0.0	0.0	0.0	1.2	0.0	0.0
YIL105C	0.0	0.0	2.2	0.0	0.0	0.0
YIL107C	0.0	0.0	0.0	0.0	0.0	1.2
YIL112W	0.0	0.0	0.0	0.0	0.0	1.4
YIL113W	1.4	1.5	0.0	0.0	0.0	0.0
YIL114C	0.0	0.0	2.9	-1.0	0.0	-1.0
YIL119C	0.0	0.0	0.0	-1.6	-1.7	-1.5
YIL121W	-1.5	-1.4	0.0	-1.7	-1.7	-1.6
YIL130W	-2.4	-2.5	0.0	-2.0	-2.1	-2.0
YIL134W	0.0	0.0	1.7	0.0	0.0	0.0
YIL139C	3.0	3.2	0.0	0.0	0.0	0.0
YIL140W	0.0	0.0	1.7	0.0	0.0	0.0
YIL152W	0.0	0.0	3.3	1.3	0.0	1.3
YIR004W	0.0	0.0	1.9	0.0	0.0	0.0
YIR017C	0.0	0.0	0.0	2.8	2.5	2.3
YIR020C	1.2	1.4	2.9	1.2	0.0	0.0
YIR025W	0.0	0.0	2.0	0.0	0.0	0.0
YIR030C	0.0	0.0	2.2	0.0	0.0	0.0
YIR032C	0.0	0.0	1.7	0.0	0.0	0.0
YIR037W	0.0	0.0	1.9	0.0	0.0	0.0
YJL007C	0.0	0.0	2.1	0.0	0.0	0.0
YJL020C	1.3	1.1	0.0	1.5	1.4	1.3
YJL043W	0.0	0.0	1.4	0.0	0.0	0.0
YJL048C	1.1	1.3	0.0	1.1	1.2	1.3
YJL052W	0.0	0.0	0.0	0.0	0.0	1.4
YJL082W	0.0	0.0	2.2	0.0	0.0	0.0
YJL084C	0.0	0.0	2.3	0.0	0.0	0.0
YJL089W	0.0	0.0	2.2	0.0	0.0	0.0
YJL098W	0.0	0.0	2.2	0.0	0.0	0.0
YJL103C	0.0	0.0	0.0	1.1	1.1	1.2
YJL108C	2.4	2.5	2.6	0.0	0.0	0.0
YJL120W	0.0	0.0	0.0	0.0	0.0	-2.45
YJL121C	0.0	0.0	1.7	2.7	2.7	-1.9
YJL123C	-1.1	-1.2	0.0	-1.4	0.0	0.0
YJL128C	0.0	0.0	0.0	0.0	0.0	-1.65
YJL130C	0.0	0.0	0.0	0.0	0.0	-1.2
YJL131C	1.9	2.2	0.0	0.0	0.0	0.0
YJL133W	0.0	0.0	0.0	-1.4	-1.4	-1.4
YJL175W	0.0	0.0	0.0	0.0	1.6	1.9
YJL204C	0.0	0.0	0.0	0.0	0.0	-1.6
YJL208C	1.5	1.6	2.4	0.0	0.0	0.0
YJR009C	0.0	0.0	2.0	0.0	0.0	0.0
YJR010C-A	2.6	2.7	0.0	2.0	1.9	0.0
YJR038C	0.0	0.0	0.0	1.2	1.3	1.1
YJR043C	0.0	0.0	0.0	0.0	0.0	-1.9
YJR044C	3.0	3.3	0.0	0.0	0.0	0.0
YJR050W	1.5	1.4	0.0	1.7	1.5	1.8
YJR052W	1.2	1.2	0.0	0.0	0.0	0.0
YJR059W	0.0	0.0	2.3	0.0	0.0	0.0
YJR070C	0.0	1.5	0.0	0.0	0.0	1.7
YJR079W	2.1	2.4	0.0	0.0	0.0	0.0
YJR083C	0.0	1.1	0.0	0.0	0.0	0.0
YJR084W	0.0	0.0	1.7	0.0	0.0	0.0
YJR088C	3.9	4.2	2.1	0.0	0.0	0.0
YJR105W	1.7	1.9	2.0	0.0	0.0	2.2
YJR130C	2.5	2.6	0.0	1.8	0.0	0.0
YJR131W	0.0	0.0	1.6	0.0	0.0	0.0
YJR135C	0.0	1.3	0.0	0.0	0.0	0.0
YJR145C	-3.5	-3.3	0.0	-2.2	-2.5	0.0
YJR149W	0.0	0.0	2.1	0.0	0.0	0.0
YKL008C	0.0	0.0	2.1	0.0	0.0	0.0
YKL016C	0.0	0.0	2.4	0.0	0.0	0.0
YKL017C	0.0	0.0	0.0	0.0	0.0	-1.35
YKL026C	0.0	0.0	2.1	0.0	0.0	0.0
YKL056C	0.0	0.0	0.0	0.0	0.0	-1.6
YKL063C	-1.4	-1.4	0.0	-1.6	-1.6	-1.5
YKL068W	-2.3	-2.1	0.0	-2.3	-2.3	-2.5
YKL075C	-1.1	-1.2	0.0	-1.2	-1.2	-1.85
YKL076C	0.0	0.0	0.0	0.0	0.0	-1.95
YKL077W	0.0	0.0	0.0	0.0	0.0	1.3
YKL084W	0.0	0.0	0.0	-1.1	0.0	0.0
YKL091C	-1.4	-1.3	0.0	-0.9	0.0	0.0
YKL096W-A	2.1	2.1	3.1	2.7	2.6	2.8
YKL097C	-1.1	0.0	0.0	0.0	0.0	0.0
YKL101W	0.0	0.0	0.0	-1.4	-1.2	-1.6
YKL113C	0.0	0.0	0.0	0.0	0.0	-1.95
YKL114C	-1.4	0.0	0.0	0.0	0.0	0.0
YKL123W	0.0	0.0	1.9	0.0	0.0	0.0
YKL129C	0.0	0.0	0.0	-1.1	0.0	0.0
YKL133C	-1.8	-2.4	0.0	3.5	3.7	3.6
YKL147C	0.0	0.0	0.0	1.8	1.7	1.5
YKL174C	1.7	0.0	0.0	6.1	5.9	5.6
YKL206C	0.0	0.0	1.6	0.0	0.0	0.0
YKL213C	0.0	0.0	0.0	0.0	0.0	-3.0
YKR035C	2.8	3.0	0.0	0.0	0.0	0.0
YKR036C	0.0	0.0	0.0	-1.2	0.0	0.0
YKR040C	0.0	0.0	0.0	1.2	1.2	1.3
YKR056W	-1.5	-1.5	0.0	-1.4	-1.4	0.0
YKR061W	0.0	0.0	0.0	2.0	1.9	1.9
YKR066C	0.0	1.2	0.0	0.0	0.0	0.0
YKR072C	-1.8	-1.6	0.0	0.0	0.0	0.0
YKR078W	2.0	2.1	0.0	0.0	0.0	0.0
YKR089C	-2.1	-2.2	0.0	-1.9	-2.0	-1.9
YKR093W	0.0	0.0	2.5	0.0	0.0	0.0
YKR099W	0.0	0.0	0.0	1.4	1.4	1.5
YKR105C	0.0	0.0	2.2	0.0	0.0	0.0
YLL006W	-1.7	-1.3	0.0	0.0	0.0	0.0
YLL009C	2.6	2.6	1.9	0.0	0.0	0.0
YLL021W	0.0	0.0	2.6	0.0	0.0	0.0
YLL030C	0.0	0.0	0.0	-1.2	0.0	0.0
YLL032C	0.0	0.0	0.0	0.0	0.0	-1.4
YLR004C	0.0	0.0	1.7	0.0	0.0	0.0
YLR006C	0.0	0.0	0.0	0.0	0.0	-1.9
YLR019W	0.0	0.0	0.0	-1.2	-1.2	0.0
YLR020C	0.0	0.0	0.0	-1.3	0.0	0.0
YLR023C	2.3	2.3	0.0	0.0	0.0	0.0
YLR031W	-1.4	0.0	0.0	-1.2	-1.1	0.0
YLR032W	0.0	0.0	0.0	0.0	0.0	-2.2
YLR036C	0.0	0.0	0.0	2.0	1.7	1.9
YLR044C	1.9	2.0	2.4	0.0	0.0	0.0
YLR049C	0.0	0.0	3.0	0.0	0.0	0.0
YLR053C	0.0	1.4	0.0	0.0	0.0	0.0
YLR067C	-3.0	-2.9	0.0	-2.3	-2.7	0.0
YLR073C	1.6	2.0	0.0	0.0	0.0	0.0
YLR083C	0.0	1.8	0.0	0.0	0.0	0.0
YLR093C	1.8	2.0	0.0	0.0	0.0	0.0
YLR104W	0.0	1.1	0.0	0.0	0.0	0.0
YLR109W	-1.5	0.0	0.0	-1.5	-1.4	-1.8
YLR119W	0.0	0.0	0.0	0.0	0.0	-1.4
YLR121C	1.6	1.7	0.0	0.0	0.0	0.0
YLR124W	1.2	1.4	0.0	0.0	0.0	0.0
YLR126C	0.0	0.0	0.0	-1.4	-1.5	-1.6
YLR133W	2.6	2.7	0.0	0.0	0.0	0.0
YLR138W	0.0	0.0	0.0	1.2	1.2	0.0
YLR151C	0.0	0.0	2.1	0.0	0.0	0.0
YLR169W	1.5	1.6	3.0	0.0	0.0	0.0
YLR178C	0.0	0.0	0.0	2.0	1.9	1.9
YLR185W	0.0	0.0	1.6	0.0	0.0	0.0
YLR188W	0.0	0.0	0.0	2.2	2.2	2.0
YLR190W	0.0	0.0	0.0	-2.45	0.0	0.0
YLR202C	1.7	1.5	0.0	1.8	1.7	2.0
YLR203C	0.0	0.0	0.0	3.5	3.3	3.4
YLR228C	-1.4	-1.2	0.0	-1.3	-1.3	0.0
YLR231C	-3.5	-3.2	0.0	-2.7	-2.9	1.5
YLR248W	0.0	0.0	0.0	0.0	0.0	1.5
YLR257W	0.0	1.5	0.0	1.7	1.8	1.8
YLR261C	0.0	0.0	0.0	-1.8	0.0	2.6
YLR283W	1.4	0.0	0.0	0.0	0.0	0.0
YLR286C	0.0	0.0	0.0	1.5	1.5	0.0
YLR288C	-1.3	-1.3	0.0	0.0	0.0	0.0
YLR294C	0.0	0.0	0.0	1.5	1.5	1.6
YLR297W	2.1	1.7	0.0	1.7	1.8	0.0
YLR326W	0.0	0.0	0.0	1.5	1.5	1.4
YLR334C	0.0	0.0	0.0	0.0	0.0	1.2
YLR335W	2.6	2.6	2.3	2.6	2.4	2.3
YLR341W	0.0	0.0	0.0	2.1	1.9	1.9
YLR346C	0.0	0.0	2.8	0.0	0.0	0.0
YLR349W	0.0	0.0	0.0	2.5	2.1	2.1
YLR352W	0.0	0.0	0.0	0.0	0.0	-1.6
YLR366W	0.0	0.0	1.9	0.0	0.0	0.0
YLR369W	0.0	0.0	0.0	-2.35	-2.2	-2.4
YLR372W	0.0	0.0	2.5	0.0	0.0	0.0
YLR398C	0.0	0.0	0.0	0.0	0.0	-3.7
YLR402W	2.1	2.1	2.0	0.0	0.0	0.0
YLR418C	0.0	0.0	0.0	-2.5	0.0	0.0
YLR421C	2.1	1.9	0.0	0.0	0.0	0.0
YLR425W	0.0	0.0	0.0	1.7	0.0	0.0
YLR426W	0.0	0.0	0.0	0.0	0.0	-2.25
YLR437C	0.0	0.0	0.0	1.4	1.4	1.2
YLR443W	1.5	1.6	2.3	0.0	0.0	0.0
YLR448W	1.2	1.3	0.0	0.0	0.0	0.0
YLR450W	2.9	3.0	0.0	0.0	0.0	0.0
YML006C	0.0	0.0	0.0	0.0	1.6	2.4
YML007W	2.7	2.6	0.0	2.2	1.9	0.0
YML009C	0.0	0.0	0.0	3.3	0.0	3.6
YML022W	0.0	0.0	2.3	0.0	0.0	0.0
YML027W	0.0	0.0	0.0	0.0	1.2	1.1
YML028W	0.0	0.0	0.0	0.0	0.0	1.7
YML035C	-1.7	-2.0	0.0	-4.5	-4.1	-3.4
YML047W-A	2.1	2.1	0.0	1.7	1.7	1.7
YML071C	0.0	0.0	0.0	-2.55	0.0	0.0
YML073C	1.7	1.7	0.0	0.0	0.0	0.0
YML076C	0.0	0.0	2.1	0.0	0.0	0.0
YML079W	0.0	0.0	2.0	0.0	0.0	0.0
YML100W-A	1.2	0.0	0.0	1.5	0.0	0.0
YML103C	0.0	0.0	0.0	0.0	0.0	-1.6
YML106W	1.2	1.3	0.0	0.0	0.0	0.0
YML115C	0.0	0.0	2.3	0.0	0.0	0.0
YML116W-A	0.0	0.0	0.0	1.6	1.5	0.0
YML119W	0.0	0.0	0.0	2.9	2.6	0.0
YML122C	1.5	1.6	0.0	0.0	0.0	0.0
YMR002W	0.0	0.0	2.2	0.0	0.0	0.0
YMR016C	0.0	0.0	3.2	0.0	0.0	0.0
YMR040W	-1.7	-1.8	0.0	-1.5	-1.7	-1.6
YMR042W	0.0	0.0	3.0	0.0	0.0	0.0
YMR044W	1.6	1.7	0.0	0.0	0.0	0.0
YMR063W	0.0	0.0	0.0	0.0	1.7	0.0
YMR073C	-1.7	-1.9	0.0	0.0	0.0	0.0
YMR084W	0.0	0.0	1.6	0.0	0.0	0.0
YMR103C	2.1	2.1	0.0	2.1	2.0	0.0
YMR105C	0.0	0.0	0.0	0.0	1.1	0.0
YMR110C	0.0	0.0	0.0	1.1	1.2	1.0
YMR111C	0.0	0.0	0.0	1.4	1.5	0.0
YMR119W-A	0.0	0.0	0.0	3.6	3.6	3.5
YMR121C	0.0	0.0	0.0	0.0	0.0	-1.9
YMR132C	0.0	0.0	0.0	0.0	1.2	0.0
YMR133W	1.2	1.3	0.0	1.0	1.0	0.0
YMR139W	0.0	0.0	2.1	0.0	0.0	0.0
YMR147W	0.0	-1.0	0.0	0.0	0.0	0.0
YMR152W	0.0	0.0	0.0	-1.2	0.0	0.0
YMR153C-A	0.0	0.0	0.0	0.0	0.0	-1.1
YMR153W	0.0	0.0	0.0	-1.7	-1.7	-1.6
YMR158W-B	-1.4	-1.4	0.0	0.0	0.0	0.0
YMR161W	0.0	0.0	3.0	0.0	0.0	0.0
YMR164C	0.0	0.0	2.9	2.2	2.1	2.1
YMR166C	2.8	2.7	0.0	2.8	2.8	2.8
YMR175W	1.6	1.8	0.0	1.6	1.6	0.0
YMR182C	0.0	0.0	0.0	1.9	0.0	0.0
YMR184W	1.9	1.9	0.0	2.0	2.0	1.9
YMR190C	0.0	-1.4	0.0	0.0	0.0	0.0
YMR194C-A	0.0	1.1	0.0	0.0	0.0	0.0
YMR199W	1.1	1.1	0.0	0.0	0.0	0.0
YMR204C	0.0	0.0	0.0	2.9	2.8	2.9
YMR214W	0.0	0.0	0.0	0.0	0.0	-1.6
YMR222C	0.0	0.0	2.2	0.0	0.0	0.0
YMR225C	0.0	0.0	1.6	0.0	0.0	0.0
YMR238W	1.8	1.8	1.8	2.1	2.4	2.6
YMR244C-A	3.4	3.6	0.0	2.2	2.1	0.0
YMR244W	0.0	0.0	0.0	1.4	1.4	1.4
YMR258C	2.4	2.4	0.0	2.7	2.7	2.5
YMR261C	2.7	2.7	2.9	2.3	2.3	2.3
YMR262W	2.3	2.3	2.5	2.4	2.2	1.9
YMR272C	1.9	2.1	0.0	1.8	1.7	1.4
YMR273C	-1.4	-1.5	0.0	-1.4	-1.4	0.0
YMR276W	1.3	1.3	1.6	1.5	1.4	1.5
YMR280C	2.5	2.7	0.0	0.0	0.0	0.0
YMR284W	0.0	0.0	0.0	2.5	2.4	1.9
YMR286W	1.6	1.7	0.0	0.0	0.0	0.0
YMR289W	2.7	2.5	0.0	0.0	0.0	0.0
YMR294W-A	2.5	2.7	0.0	1.8	0.0	0.0
YMR299C	0.0	0.0	0.0	2.5	2.4	2.3
YMR304W	3.7	4.0	0.0	1.9	0.0	0.0
YMR306W	0.0	0.0	1.9	0.0	0.0	0.0
YMR316C-B	1.3	1.1	0.0	1.1	0.0	1.0
YMR316W	0.0	0.0	0.0	0.0	0.0	-1.6
YMR319C	0.0	0.0	0.0	2.2	2.3	2.1
YMR326C	1.1	1.0	0.0	0.0	0.0	0.0
YNL003C	0.0	-1.2	0.0	0.0	0.0	0.0
YNL004W	1.4	1.5	0.0	0.0	0.0	0.0
YNL010W	2.8	2.9	2.8	3.0	3.0	3.0
YNL016W	0.0	0.0	0.0	0.0	0.0	-1.8
YNL022C	1.2	0.0	0.0	0.0	0.0	0.0
YNL041C	0.0	0.0	0.0	-3.25	0.0	0.0
YNL047C	0.0	0.0	0.0	4.3	4.3	4.1
YNL051W	0.0	0.0	0.0	-2.4	0.0	0.0
YNL058C	1.4	1.5	0.0	1.7	1.9	1.9
YNL079C	0.0	0.0	0.0	-1.9	0.0	0.0
YNL085W	1.5	1.7	0.0	1.8	0.0	0.0
YNL101W	2.3	2.3	0.0	3.1	2.8	2.7
YNL105W	0.0	0.0	2.1	0.0	0.0	1.2
YNL108C	0.0	0.0	0.0	2.0	1.9	1.9
YNL122C	0.0	0.0	2.5	0.0	0.0	0.0
YNL123W	1.7	1.9	2.8	1.7	1.6	0.0
YNL128W	0.0	0.0	1.8	0.0	0.0	0.0
YNL135C	0.0	0.0	1.8	0.0	0.0	0.0
YNL141W	0.0	0.0	2.1	0.0	0.0	0.0
YNL177C	0.0	0.0	4.0	0.0	0.0	0.0
YNL179C	-1.2	-1.2	0.0	0.0	0.0	0.0
YNL187W	0.0	1.6	0.0	1.4	0.0	0.0
YNL198C	0.0	0.0	0.0	-1.1	0.0	0.0
YNL227C	0.0	0.0	2.0	0.0	0.0	0.0
YNL253W	0.0	0.0	0.0	-1.2	0.0	0.0
YNL264C	2.3	2.3	2.4	2.9	2.9	3.1
YNL285W	-2.0	0.0	0.0	0.0	-1.5	0.0
YNL288W	0.0	0.0	0.0	0.0	0.0	-1.3
YNL291C	0.0	0.0	0.0	0.0	0.0	1.0
YNL294C	0.0	0.0	-1.9	0.0	0.0	0.0
YNL299W	-1.5	-1.7	0.0	-1.6	-1.6	-1.5
YNL316C	0.0	0.0	2.0	0.0	0.0	0.0
YNL323W	-3.1	-3.1	0.0	0.0	0.0	0.0
YNL334C	1.7	1.7	0.0	1.4	1.4	0.0
YNR005C	1.5	0.0	0.0	0.0	0.0	0.0
YNR031C	0.0	0.0	0.0	0.0	0.0	-1.35
YNR033W	0.0	0.0	1.3	0.0	0.0	0.0
YOL003C	0.0	0.0	0.0	0.0	0.0	-1.3
YOL006C	0.0	1.1	0.0	0.0	0.0	0.0
YOL013W-A	1.9	1.8	0.0	0.0	0.0	0.0
YOL016C	0.0	0.0	0.0	1.1	0.0	0.0
YOL020W	1.5	1.6	0.0	1.4	1.7	1.7
YOL028C	0.0	0.0	2.8	0.0	0.0	0.0
YOL031C	0.0	0.0	2.5	0.0	0.0	0.0
YOL059W	0.0	0.0	0.0	0.0	0.0	1.3
YOL064C	1.5	1.6	2.1	0.0	1.4	1.75
YOL079W	0.0	0.0	2.8	0.0	0.0	0.0
YOL087C	0.0	0.0	0.0	0.0	1.5	1.7
YOL091W	0.0	0.0	0.0	1.0	0.0	0.0
YOL115W	0.0	0.0	0.0	0.0	0.0	1.8
YOL118C	0.0	0.0	-2.1	4.4	4.3	4.3
YOL160W	1.0	0.0	0.0	0.0	0.0	1.4
YOR005C	0.0	0.0	0.0	-1.2	-1.2	0.0
YOR006C	0.0	0.0	0.0	0.0	0.0	1.5
YOR021C	3.3	3.2	0.0	2.4	2.5	2.0
YOR024W	0.0	0.0	0.0	1.3	0.0	0.0
YOR030W	0.0	0.0	0.0	0.0	2.1	0.0
YOR033C	1.6	1.7	0.0	0.0	0.0	0.0
YOR034C	0.0	0.0	0.0	0.0	0.0	1.1
YOR041C	0.0	0.0	0.0	1.5	0.0	0.0
YOR044W	1.5	1.4	0.0	1.8	1.7	1.6
YOR045W	0.0	0.0	2.6	0.0	0.0	0.0
YOR052C	1.1	1.3	0.0	-1.2	0.0	0.0
YOR054C	-1.6	-2.0	0.0	0.0	0.0	0.0
YOR064C	1.4	1.4	0.0	0.0	0.0	0.0
YOR065W	-1.0	0.0	0.0	0.0	0.0	0.0
YOR076C	0.0	0.0	0.0	0.0	0.0	-3.1
YOR085W	1.6	1.4	0.0	0.0	0.0	2.4
YOR091W	0.0	0.0	0.0	0.0	0.0	-1.6
YOR092W	0.0	0.0	0.0	3.4	3.2	3.3
YOR099W	-1.2	-1.4	0.0	0.0	0.0	0.0
YOR106W	2.0	2.5	1.4	0.0	0.0	0.0
YOR121C	1.3	0.0	0.0	0.0	0.0	0.0
YOR133W	3.3	3.4	0.0	2.6	2.4	2.2
YOR137C	2.1	2.0	0.0	2.0	2.0	1.8
YOR138C	1.6	1.9	0.0	0.0	0.0	0.0
YOR139C	0.0	1.6	0.0	0.0	0.0	0.0
YOR140W	0.0	0.0	2.0	0.0	0.0	0.0
YOR144C	0.0	0.0	1.6	0.0	0.0	0.0
YOR150W	0.0	0.0	0.0	0.0	0.0	-1.7
YOR161C	2.6	2.4	0.0	0.0	0.0	0.0
YOR172W	0.0	0.0	0.0	-1.3	-1.1	0.0
YOR173W	0.0	0.0	0.0	-1.5	-1.4	-1.4
YOR185C	-1.7	-1.3	0.0	0.0	-1.4	-1.4
YOR191W	-1.6	-1.4	0.0	0.0	0.0	0.0
YOR199W	2.7	2.9	0.0	0.0	0.0	0.0
YOR201C	3.5	3.6	1.7	0.0	0.0	0.0
YOR213C	0.0	0.0	0.0	0.0	0.0	1.2
YOR231W	1.2	1.1	0.0	0.0	1.3	0.0
YOR258W	0.0	0.0	-2.3	0.0	0.0	0.0
YOR275C	0.0	0.0	0.0	1.3	1.6	1.3
YOR292C	1.7	1.8	0.0	0.0	0.0	0.0
YOR304C-A	0.0	0.0	0.0	0.0	0.0	1.0
YOR304W	0.0	0.0	0.0	0.0	0.0	1.1
YOR308C	0.0	0.0	2.4	0.0	0.0	0.0
YOR314W	2.5	2.5	0.0	1.8	2.0	1.8
YOR322C	0.0	0.0	0.0	0.0	0.0	-2.5
YOR327C	0.0	0.0	0.0	0.0	0.0	-2.1
YOR350C	0.0	0.0	0.0	0.0	1.0	0.0
YOR355W	0.0	0.0	0.0	1.4	1.5	1.7
YOR364W	2.3	2.2	2.3	0.0	0.0	0.0
YOR366W	1.6	1.7	0.0	0.0	0.0	0.0
YOR380W	0.0	0.0	2.2	0.0	0.0	0.0
YOR386W	0.0	-1.4	1.8	0.0	0.0	1.5
YPL002C	0.0	0.0	0.0	1.7	1.9	0.0
YPL015C	0.0	0.0	0.0	1.6	1.5	1.5
YPL035C	2.7	3.3	0.0	1.6	1.6	1.6
YPL064C	0.0	0.0	1.5	0.0	0.0	0.0
YPL071C	0.0	0.0	0.0	0.0	1.3	0.0
YPL099C	0.0	0.0	1.8	0.0	0.0	0.0
YPL103C	-1.5	-1.2	0.0	0.0	0.0	0.0
YPL113C	0.0	0.0	1.8	0.0	0.0	0.0
YPL120W	0.0	0.0	0.0	0.0	0.0	-1.1
YPL132W	0.0	0.0	2.8	0.0	0.0	0.0
YPL140C	1.4	1.5	0.0	1.8	1.7	1.7
YPL148C	0.0	0.0	0.0	0.0	0.0	-1.3
YPL157W	2.5	2.75	1.9	0.0	0.0	0.0
YPL170W	0.0	0.9	0.0	0.0	0.0	0.0
YPL178W	2.0	2.4	1.9	0.0	0.0	0.0
YPL182C	0.0	1.1	0.0	0.0	1.4	1.6
YPL195W	0.0	1.4	0.0	0.0	0.0	0.0
YPL197C	1.6	1.6	0.0	0.0	0.0	0.0
YPL201C	0.0	0.0	0.0	0.0	0.0	1.0
YPL241C	0.0	0.0	0.0	0.0	0.0	-2.2
YPL250C	0.0	0.0	2.2	0.0	0.0	0.0
YPL253C	0.0	0.0	0.0	0.0	0.0	1.5
YPL259C	0.0	0.0	0.0	-1.1	0.0	0.0
YPR005C	0.0	0.0	0.0	0.0	1.2	0.0
YPR012W	0.0	0.0	0.0	2.0	2.1	1.9
YPR018W	0.0	0.0	0.0	0.0	0.0	1.8
YPR044C	1.8	2.2	0.0	0.0	0.0	0.0
YPR061C	0.0	0.0	0.0	0.0	0.0	-1.1
YPR079W	0.0	0.0	0.0	-1.2	-1.2	-1.2
YPR083W	-2.2	-2.1	0.0	-2.4	-2.2	-2.3
YPR099C	0.0	0.0	0.0	-1.8	0.0	0.0
YPR100W	0.0	0.0	0.0	-2.1	-1.6	0.0
YPR106W	0.0	0.0	0.0	0.0	0.0	1.8
YPR111W	0.0	1.5	0.0	0.0	0.0	0.0
YPR119W	0.0	0.0	0.0	0.0	0.0	-2.0
YPR122W	0.0	0.0	0.0	0.0	1.2	1.3
YPR140W	0.0	0.0	0.0	2.4	2.3	2.3
YPR189W	0.0	0.0	0.0	0.0	-2.25	-3.9
YPR194C	0.0	1.2	0.0	0.0	0.0	0.0
YPR200C	0.0	1.4	2.8	0.0	0.0	0.0
YPR201W	1.4	1.5	3.0	0.0	0.0	0.0
