orf	hap a | expression level of a gene (prTPK1-GFP) | standard | None | Pautasso C~Rossi S, 2016	hap a | expression level of a gene (prTPK2-GFP) | standard | None | Pautasso C~Rossi S, 2016	hap a | expression level of a gene (prTPK3-GFP) | standard | None | Pautasso C~Rossi S, 2016	hap a | expression level of a gene (prBCY1-GFP) | standard | None | Pautasso C~Rossi S, 2016
YAL016W	-1.0	0.0	0.0	0.0
YAL035W	-1.0	-1.0	-1.0	0.0
YAR015W	-1.0	0.0	0.0	0.0
YBL007C	-1.0	0.0	0.0	0.0
YBL011W	-1.0	0.0	0.0	0.0
YBL047C	-1.0	0.0	0.0	0.0
YBL058W	-1.0	-1.0	0.0	0.0
YBL079W	1.0	0.0	0.0	0.0
YBL100C	-1.0	0.0	0.0	0.0
YBL103C	-1.0	0.0	-1.0	0.0
YBR011C	-1.0	0.0	-1.0	-1.0
YBR035C	-1.0	0.0	0.0	0.0
YBR077C	-1.0	-1.0	-1.0	0.0
YBR115C	-1.0	0.0	0.0	0.0
YBR132C	1.0	0.0	0.0	0.0
YBR165W	-1.0	0.0	0.0	0.0
YBR204C	1.0	1.0	0.0	0.0
YBR209W	-1.0	0.0	-1.0	-1.0
YBR300C	-1.0	0.0	0.0	0.0
YCL005W-A	-1.0	-1.0	0.0	0.0
YCL023C	-1.0	0.0	0.0	0.0
YCL035C	-1.0	0.0	0.0	0.0
YCR031C	-1.0	0.0	0.0	0.0
YCR033W	-1.0	-1.0	0.0	0.0
YCR034W	1.0	-1.0	0.0	0.0
YCR037C	-1.0	-1.0	-1.0	0.0
YCR049C	-1.0	-1.0	-1.0	0.0
YCR071C	-1.0	0.0	0.0	0.0
YCR087C-A	-1.0	0.0	0.0	0.0
YCR087W	-1.0	0.0	-1.0	0.0
YDL005C	-1.0	-1.0	-1.0	0.0
YDL073W	-1.0	0.0	0.0	0.0
YDL122W	-1.0	0.0	0.0	0.0
YDL160C	-1.0	0.0	0.0	0.0
YDL179W	-1.0	0.0	0.0	0.0
YDR017C	-1.0	-1.0	-1.0	0.0
YDR027C	-1.0	-1.0	0.0	-1.0
YDR065W	-1.0	0.0	0.0	0.0
YDR069C	-1.0	0.0	0.0	0.0
YDR078C	1.0	0.0	0.0	0.0
YDR114C	-1.0	-1.0	-1.0	0.0
YDR115W	-1.0	0.0	0.0	0.0
YDR123C	-1.0	0.0	0.0	0.0
YDR132C	-1.0	0.0	0.0	0.0
YDR148C	1.0	1.0	1.0	0.0
YDR173C	-1.0	0.0	-1.0	0.0
YDR175C	-1.0	0.0	0.0	0.0
YDR186C	-1.0	0.0	0.0	0.0
YDR195W	-1.0	-1.0	-1.0	-1.0
YDR207C	-1.0	0.0	0.0	0.0
YDR247W	-1.0	-1.0	0.0	0.0
YDR300C	-1.0	0.0	0.0	0.0
YDR320C	-1.0	0.0	0.0	0.0
YDR323C	-1.0	0.0	-1.0	-1.0
YDR337W	-1.0	0.0	0.0	0.0
YDR345C	-1.0	0.0	0.0	0.0
YDR388W	-1.0	0.0	0.0	-1.0
YDR392W	-1.0	-1.0	-1.0	0.0
YDR435C	1.0	1.0	1.0	0.0
YDR455C	-1.0	0.0	0.0	-1.0
YDR456W	-1.0	-1.0	0.0	-1.0
YDR469W	-1.0	0.0	0.0	-1.0
YDR470C	-1.0	0.0	-1.0	0.0
YDR484W	-1.0	0.0	0.0	0.0
YDR532C	-1.0	-1.0	0.0	0.0
YDR536W	-1.0	-1.0	0.0	0.0
YDR539W	-1.0	0.0	0.0	0.0
YDR540C	-1.0	0.0	0.0	0.0
YEL029C	1.0	0.0	0.0	0.0
YEL031W	-1.0	0.0	0.0	0.0
YEL036C	-1.0	0.0	0.0	0.0
YEL045C	-1.0	0.0	-1.0	-1.0
YEL046C	-1.0	0.0	-1.0	0.0
YER014C-A	1.0	-1.0	-1.0	0.0
YER014W	-1.0	0.0	-1.0	-1.0
YER019W	-1.0	0.0	0.0	0.0
YER031C	-1.0	0.0	0.0	0.0
YER035W	-1.0	0.0	0.0	0.0
YER037W	-1.0	0.0	0.0	0.0
YER044C	-1.0	0.0	0.0	0.0
YER046W	-1.0	0.0	0.0	0.0
YER060W-A	-1.0	-1.0	-1.0	0.0
YER063W	-1.0	0.0	0.0	0.0
YER066W	-1.0	0.0	0.0	0.0
YER084W	-1.0	0.0	0.0	-1.0
YER086W	-1.0	0.0	-1.0	-1.0
YER113C	-1.0	0.0	0.0	-1.0
YER119C-A	-1.0	-1.0	-1.0	-1.0
YER120W	-1.0	-1.0	-1.0	-1.0
YER122C	-1.0	0.0	-1.0	-1.0
YER132C	-1.0	0.0	0.0	-1.0
YER141W	-1.0	0.0	-1.0	-1.0
YER158C	-1.0	0.0	0.0	-1.0
YER173W	-1.0	0.0	0.0	-1.0
YER179W	-1.0	0.0	-1.0	-1.0
YFL001W	1.0	0.0	0.0	0.0
YFL023W	-1.0	0.0	-1.0	0.0
YFR010W	-1.0	0.0	0.0	0.0
YFR023W	-1.0	0.0	0.0	0.0
YFR032C	-1.0	0.0	0.0	0.0
YFR041C	-1.0	0.0	0.0	0.0
YFR043C	-1.0	0.0	0.0	0.0
YFR053C	-1.0	0.0	0.0	0.0
YFR054C	-1.0	0.0	0.0	0.0
YGL002W	-1.0	0.0	0.0	0.0
YGL020C	-1.0	-1.0	0.0	-1.0
YGL023C	-1.0	-1.0	-1.0	-1.0
YGL033W	-1.0	0.0	0.0	0.0
YGL058W	-1.0	0.0	0.0	0.0
YGL066W	-1.0	0.0	0.0	0.0
YGL070C	-1.0	0.0	0.0	0.0
YGL076C	-1.0	-1.0	0.0	0.0
YGL105W	-1.0	-1.0	-1.0	0.0
YGL108C	-1.0	0.0	0.0	0.0
YGL110C	-1.0	0.0	0.0	0.0
YGL121C	-1.0	0.0	0.0	0.0
YGL126W	-1.0	-1.0	0.0	0.0
YGL127C	-1.0	-1.0	0.0	0.0
YGL129C	-1.0	0.0	0.0	0.0
YGL135W	-1.0	-1.0	0.0	0.0
YGL170C	-1.0	0.0	0.0	0.0
YGL173C	-1.0	0.0	-1.0	0.0
YGL197W	-1.0	0.0	-1.0	0.0
YGL199C	-1.0	0.0	0.0	0.0
YGL218W	-1.0	-1.0	0.0	0.0
YGL219C	-1.0	-1.0	0.0	-1.0
YGL227W	-1.0	0.0	0.0	0.0
YGL240W	-1.0	0.0	0.0	0.0
YGL244W	-1.0	-1.0	-1.0	-1.0
YGL246C	-1.0	-1.0	-1.0	-1.0
YGL252C	-1.0	-1.0	-1.0	0.0
YGR011W	-1.0	0.0	0.0	0.0
YGR020C	-1.0	-1.0	-1.0	0.0
YGR061C	1.0	1.0	0.0	0.0
YGR063C	-1.0	-1.0	-1.0	0.0
YGR064W	-1.0	-1.0	-1.0	-1.0
YGR069W	1.0	0.0	0.0	0.0
YGR092W	-1.0	0.0	0.0	0.0
YGR102C	-1.0	0.0	0.0	0.0
YGR105W	-1.0	-1.0	-1.0	-1.0
YGR122W	-1.0	0.0	0.0	-1.0
YGR150C	-1.0	0.0	0.0	0.0
YGR163W	-1.0	-1.0	-1.0	0.0
YGR165W	-1.0	-1.0	0.0	0.0
YGR171C	-1.0	-1.0	-1.0	0.0
YGR208W	-1.0	0.0	0.0	0.0
YGR256W	-1.0	0.0	0.0	0.0
YGR269W	-1.0	-1.0	0.0	0.0
YGR271C-A	-1.0	-1.0	0.0	0.0
YGR279C	-1.0	0.0	0.0	0.0
YGR290W	-1.0	0.0	0.0	0.0
YHL002W	-1.0	0.0	0.0	0.0
YHL031C	-1.0	0.0	0.0	0.0
YHL039W	-1.0	0.0	0.0	0.0
YHR006W	-1.0	0.0	0.0	0.0
YHR008C	1.0	0.0	0.0	0.0
YHR009C	-1.0	0.0	0.0	0.0
YHR010W	-1.0	0.0	0.0	0.0
YHR016C	-1.0	-1.0	0.0	-1.0
YHR041C	1.0	-1.0	-1.0	-1.0
YHR057C	-1.0	0.0	0.0	0.0
YHR067W	1.0	0.0	0.0	0.0
YHR078W	-1.0	0.0	0.0	0.0
YHR079C	-1.0	0.0	0.0	0.0
YHR080C	-1.0	0.0	0.0	0.0
YHR082C	-1.0	1.0	0.0	0.0
YHR093W	-1.0	0.0	0.0	0.0
YHR106W	-1.0	0.0	0.0	0.0
YHR117W	-1.0	-1.0	0.0	0.0
YHR126C	-1.0	0.0	0.0	0.0
YHR127W	-1.0	-1.0	0.0	0.0
YHR138C	-1.0	0.0	0.0	0.0
YHR158C	-1.0	0.0	0.0	1.0
YHR159W	-1.0	0.0	0.0	0.0
YHR161C	-1.0	0.0	0.0	0.0
YHR184W	-1.0	0.0	0.0	0.0
YHR199C	-1.0	0.0	0.0	0.0
YIL002C	-1.0	-1.0	0.0	0.0
YIL010W	-1.0	0.0	0.0	0.0
YIL015W	-1.0	0.0	0.0	0.0
YIL018W	-1.0	-1.0	0.0	0.0
YIL027C	-1.0	0.0	0.0	0.0
YIL038C	-1.0	0.0	0.0	0.0
YIL047C	-1.0	0.0	0.0	0.0
YIL050W	-1.0	-1.0	0.0	0.0
YIL052C	-1.0	-1.0	0.0	0.0
YIL059C	-1.0	0.0	0.0	0.0
YIL070C	-1.0	0.0	0.0	0.0
YIL071C	-1.0	0.0	0.0	0.0
YIL073C	-1.0	-1.0	0.0	-1.0
YIL086C	-1.0	0.0	0.0	0.0
YIL088C	-1.0	0.0	0.0	0.0
YIL096C	-1.0	-1.0	0.0	0.0
YIL128W	-1.0	-1.0	0.0	0.0
YIR005W	-1.0	0.0	0.0	0.0
YIR017C	-1.0	-1.0	-1.0	0.0
YIR029W	-1.0	-1.0	0.0	0.0
YIR042C	-1.0	0.0	-1.0	0.0
YJL016W	-1.0	0.0	0.0	0.0
YJL020C	-1.0	0.0	0.0	0.0
YJL022W	-1.0	0.0	0.0	0.0
YJL023C	-1.0	0.0	0.0	0.0
YJL027C	-1.0	0.0	0.0	0.0
YJL028W	-1.0	0.0	0.0	0.0
YJL056C	-1.0	0.0	0.0	0.0
YJL127C	-1.0	-1.0	0.0	0.0
YJL129C	-1.0	-1.0	-1.0	0.0
YJL153C	-1.0	-1.0	-1.0	0.0
YJL188C	-1.0	-1.0	-1.0	-1.0
YJL189W	-1.0	-1.0	-1.0	-1.0
YJR004C	1.0	0.0	0.0	0.0
YJR005W	-1.0	0.0	0.0	0.0
YJR008W	-1.0	0.0	0.0	0.0
YJR009C	-1.0	0.0	0.0	0.0
YJR010W	-1.0	-1.0	-1.0	0.0
YJR019C	1.0	0.0	0.0	0.0
YJR021C	1.0	0.0	0.0	0.0
YJR025C	1.0	0.0	0.0	0.0
YJR033C	1.0	0.0	-1.0	0.0
YJR034W	1.0	0.0	0.0	0.0
YJR035W	1.0	0.0	0.0	0.0
YJR036C	1.0	0.0	0.0	0.0
YJR037W	1.0	0.0	0.0	0.0
YJR040W	-1.0	0.0	0.0	0.0
YJR048W	1.0	0.0	0.0	0.0
YJR051W	-1.0	0.0	0.0	0.0
YJR055W	-1.0	-1.0	-1.0	0.0
YJR059W	1.0	0.0	0.0	-1.0
YJR060W	-1.0	0.0	0.0	-1.0
YJR062C	1.0	0.0	0.0	-1.0
YJR070C	-1.0	0.0	0.0	0.0
YJR077C	1.0	0.0	0.0	0.0
YJR084W	-1.0	0.0	0.0	0.0
YJR087W	-1.0	-1.0	0.0	0.0
YJR098C	-1.0	0.0	0.0	0.0
YJR099W	-1.0	-1.0	-1.0	0.0
YJR105W	-1.0	-1.0	0.0	0.0
YJR109C	1.0	0.0	-1.0	-1.0
YJR113C	1.0	-1.0	-1.0	0.0
YJR118C	1.0	0.0	0.0	0.0
YJR119C	-1.0	0.0	0.0	0.0
YJR133W	1.0	0.0	0.0	0.0
YJR137C	-1.0	0.0	-1.0	-1.0
YJR140C	1.0	0.0	0.0	0.0
YJR145C	1.0	0.0	0.0	0.0
YJR153W	1.0	0.0	-1.0	0.0
YKL015W	-1.0	0.0	0.0	0.0
YKL046C	1.0	0.0	0.0	0.0
YKL048C	-1.0	0.0	0.0	0.0
YKL098W	-1.0	0.0	0.0	0.0
YKL107W	-1.0	0.0	0.0	0.0
YKL131W	-1.0	0.0	0.0	0.0
YKL134C	-1.0	0.0	0.0	0.0
YKL139W	-1.0	-1.0	-1.0	-1.0
YKL176C	-1.0	0.0	0.0	0.0
YKL177W	-1.0	0.0	0.0	0.0
YKL178C	-1.0	0.0	0.0	0.0
YKL184W	-1.0	0.0	0.0	0.0
YKL204W	-1.0	-1.0	-1.0	0.0
YKL212W	-1.0	0.0	0.0	0.0
YKL214C	-1.0	0.0	0.0	0.0
YKR028W	1.0	1.0	0.0	0.0
YKR070W	-1.0	0.0	-1.0	-1.0
YLL007C	1.0	0.0	0.0	0.0
YLL026W	-1.0	0.0	0.0	0.0
YLL033W	-1.0	-1.0	0.0	0.0
YLR016C	-1.0	0.0	0.0	0.0
YLR025W	-1.0	-1.0	0.0	-1.0
YLR032W	-1.0	-1.0	-1.0	-1.0
YLR052W	-1.0	0.0	-1.0	-1.0
YLR074C	-1.0	-1.0	0.0	0.0
YLR125W	-1.0	0.0	0.0	0.0
YLR216C	1.0	0.0	0.0	0.0
YLR217W	1.0	0.0	0.0	0.0
YLR239C	-1.0	0.0	0.0	0.0
YLR244C	-1.0	0.0	-1.0	0.0
YLR246W	-1.0	0.0	0.0	0.0
YLR262C-A	-1.0	-1.0	-1.0	0.0
YLR263W	-1.0	0.0	0.0	0.0
YLR265C	1.0	0.0	0.0	0.0
YLR268W	-1.0	-1.0	0.0	0.0
YLR287C	-1.0	0.0	0.0	0.0
YLR304C	-1.0	0.0	-1.0	0.0
YLR308W	-1.0	-1.0	0.0	0.0
YLR334C	-1.0	0.0	0.0	0.0
YLR370C	1.0	-1.0	-1.0	0.0
YLR382C	1.0	0.0	0.0	0.0
YLR403W	-1.0	-1.0	0.0	0.0
YLR435W	-1.0	0.0	-1.0	0.0
YLR443W	-1.0	0.0	0.0	0.0
YLR446W	-1.0	-1.0	-1.0	0.0
YML020W	-1.0	0.0	0.0	0.0
YML027W	1.0	0.0	0.0	0.0
YML036W	1.0	0.0	0.0	0.0
YML068W	1.0	0.0	0.0	0.0
YML076C	1.0	0.0	0.0	0.0
YML095C	-1.0	0.0	0.0	-1.0
YML096W	-1.0	0.0	0.0	0.0
YML112W	-1.0	-1.0	-1.0	-1.0
YMR041C	1.0	0.0	0.0	0.0
YMR081C	-1.0	0.0	-1.0	-1.0
YMR082C	-1.0	0.0	0.0	-1.0
YMR085W	-1.0	0.0	-1.0	-1.0
YMR092C	-1.0	0.0	-1.0	-1.0
YMR098C	-1.0	0.0	0.0	-1.0
YMR099C	-1.0	-1.0	-1.0	-1.0
YMR111C	-1.0	0.0	0.0	0.0
YMR122C	-1.0	0.0	0.0	-1.0
YMR132C	-1.0	0.0	0.0	-1.0
YMR136W	-1.0	0.0	0.0	0.0
YMR137C	-1.0	-1.0	-1.0	0.0
YMR153W	-1.0	0.0	0.0	0.0
YMR154C	1.0	0.0	0.0	0.0
YMR172W	-1.0	0.0	0.0	0.0
YMR173W	1.0	0.0	0.0	0.0
YMR193W	-1.0	0.0	0.0	0.0
YMR205C	-1.0	0.0	0.0	0.0
YMR244W	-1.0	0.0	0.0	0.0
YMR254C	-1.0	0.0	0.0	0.0
YMR266W	-1.0	0.0	0.0	0.0
YMR310C	-1.0	0.0	0.0	0.0
YNL013C	1.0	0.0	0.0	0.0
YNL015W	1.0	0.0	0.0	0.0
YNL028W	1.0	0.0	0.0	0.0
YNL037C	-1.0	0.0	0.0	0.0
YNL055C	-1.0	0.0	-1.0	0.0
YNL074C	-1.0	0.0	0.0	0.0
YNL076W	-1.0	0.0	-1.0	0.0
YNL104C	-1.0	-1.0	-1.0	0.0
YNL107W	-1.0	-1.0	-1.0	0.0
YNL134C	1.0	0.0	0.0	0.0
YNL160W	-1.0	0.0	0.0	0.0
YNL165W	1.0	0.0	0.0	0.0
YNL167C	1.0	0.0	0.0	0.0
YNL170W	1.0	0.0	0.0	0.0
YNL193W	1.0	0.0	0.0	0.0
YNL208W	-1.0	0.0	0.0	0.0
YNL218W	1.0	-1.0	-1.0	0.0
YNL219C	1.0	0.0	0.0	0.0
YNL230C	1.0	0.0	0.0	0.0
YNL231C	1.0	0.0	0.0	0.0
YNL236W	-1.0	0.0	0.0	0.0
YNL265C	-1.0	0.0	0.0	0.0
YNL278W	1.0	0.0	0.0	0.0
YNL304W	-1.0	0.0	0.0	0.0
YNL309W	1.0	0.0	0.0	0.0
YNL320W	1.0	0.0	0.0	0.0
YNL323W	1.0	0.0	0.0	0.0
YNL328C	-1.0	0.0	0.0	0.0
YNL335W	1.0	0.0	0.0	0.0
YNL338W	1.0	0.0	0.0	0.0
YNR037C	-1.0	0.0	0.0	0.0
YNR048W	-1.0	0.0	0.0	0.0
YNR070W	-1.0	0.0	0.0	0.0
YNR073C	-1.0	-1.0	-1.0	-1.0
YOL009C	1.0	0.0	0.0	0.0
YOL011W	1.0	0.0	0.0	0.0
YOL024W	1.0	0.0	0.0	0.0
YOL029C	1.0	0.0	0.0	0.0
YOL036W	1.0	0.0	0.0	0.0
YOL037C	1.0	0.0	0.0	0.0
YOL046C	1.0	0.0	0.0	0.0
YOL047C	1.0	0.0	0.0	0.0
YOL048C	1.0	0.0	0.0	0.0
YOL050C	1.0	0.0	0.0	0.0
YOL057W	1.0	0.0	0.0	0.0
YOL068C	1.0	0.0	0.0	0.0
YOL071W	1.0	0.0	0.0	0.0
YOL072W	-1.0	-1.0	0.0	0.0
YOL082W	1.0	0.0	0.0	0.0
YOL083W	1.0	0.0	0.0	0.0
YOL084W	1.0	0.0	0.0	0.0
YOL085C	1.0	0.0	0.0	0.0
YOL088C	-1.0	0.0	0.0	-1.0
YOL101C	-1.0	0.0	-1.0	-1.0
YOL105C	-1.0	-1.0	-1.0	-1.0
YOL108C	-1.0	0.0	0.0	0.0
YOL113W	-1.0	0.0	0.0	0.0
YOL115W	-1.0	0.0	0.0	0.0
YOL126C	-1.0	0.0	0.0	-1.0
YOL138C	-1.0	0.0	0.0	-1.0
YOL141W	1.0	0.0	-1.0	0.0
YOL150C	-1.0	0.0	0.0	0.0
YOL152W	-1.0	0.0	0.0	0.0
YOL159C	1.0	0.0	0.0	0.0
YOR008C-A	-1.0	0.0	0.0	0.0
YOR036W	-1.0	-1.0	0.0	0.0
YOR128C	-1.0	-1.0	0.0	0.0
YOR135C	-1.0	0.0	0.0	0.0
YOR136W	-1.0	0.0	0.0	0.0
YOR140W	-1.0	0.0	0.0	0.0
YOR141C	-1.0	0.0	0.0	0.0
YOR175C	1.0	0.0	0.0	0.0
YOR179C	-1.0	0.0	0.0	0.0
YOR184W	-1.0	0.0	0.0	0.0
YOR241W	-1.0	0.0	0.0	0.0
YOR258W	1.0	-1.0	0.0	0.0
YOR270C	-1.0	-1.0	-1.0	-1.0
YOR330C	-1.0	-1.0	0.0	0.0
YOR332W	-1.0	-1.0	0.0	0.0
YOR337W	1.0	0.0	0.0	0.0
YOR359W	1.0	0.0	1.0	0.0
YOR360C	-1.0	-1.0	0.0	0.0
YPL003W	1.0	0.0	0.0	0.0
YPL006W	-1.0	-1.0	0.0	0.0
YPL009C	1.0	0.0	0.0	0.0
YPL025C	1.0	0.0	0.0	0.0
YPL031C	-1.0	0.0	0.0	0.0
YPL033C	1.0	0.0	0.0	0.0
YPL035C	1.0	0.0	0.0	0.0
YPL046C	1.0	0.0	0.0	0.0
YPL055C	-1.0	0.0	0.0	0.0
YPL058C	1.0	0.0	0.0	0.0
YPL059W	-1.0	0.0	0.0	0.0
YPL065W	-1.0	-1.0	0.0	0.0
YPL066W	1.0	0.0	0.0	0.0
YPL069C	1.0	0.0	0.0	0.0
YPL070W	1.0	0.0	0.0	0.0
YPL073C	1.0	0.0	0.0	0.0
YPL080C	1.0	0.0	0.0	0.0
YPL096W	1.0	0.0	0.0	0.0
YPL098C	1.0	0.0	0.0	0.0
YPL104W	-1.0	0.0	0.0	0.0
YPL105C	1.0	0.0	0.0	0.0
YPL107W	1.0	0.0	0.0	0.0
YPL108W	1.0	0.0	0.0	0.0
YPL113C	1.0	0.0	0.0	0.0
YPL114W	1.0	0.0	0.0	0.0
YPL141C	1.0	0.0	0.0	0.0
YPL148C	1.0	-1.0	0.0	0.0
YPL162C	1.0	0.0	0.0	0.0
YPL165C	1.0	0.0	0.0	0.0
YPL176C	1.0	0.0	0.0	0.0
YPL177C	1.0	0.0	0.0	0.0
YPL179W	-1.0	-1.0	1.0	0.0
YPL189W	1.0	0.0	0.0	0.0
YPL191C	1.0	0.0	0.0	0.0
YPL198W	1.0	0.0	0.0	0.0
YPL201C	1.0	0.0	0.0	0.0
YPL203W	1.0	0.0	0.0	0.0
YPL205C	1.0	0.0	0.0	0.0
YPL216W	1.0	0.0	0.0	0.0
YPL224C	-1.0	0.0	0.0	0.0
YPL225W	1.0	0.0	0.0	0.0
YPL227C	1.0	0.0	0.0	0.0
YPL234C	-1.0	0.0	-1.0	0.0
YPL250C	1.0	0.0	0.0	0.0
YPL256C	1.0	0.0	0.0	0.0
YPL258C	1.0	0.0	0.0	0.0
YPL268W	-1.0	-1.0	-1.0	0.0
YPL274W	1.0	0.0	0.0	0.0
YPR002W	1.0	0.0	0.0	0.0
YPR003C	1.0	0.0	0.0	0.0
YPR004C	1.0	0.0	0.0	0.0
YPR005C	1.0	0.0	0.0	0.0
YPR036W	-1.0	-1.0	0.0	0.0
YPR047W	-1.0	0.0	0.0	0.0
YPR089W	1.0	0.0	0.0	0.0
YPR098C	1.0	0.0	0.0	0.0
YPR116W	-1.0	-1.0	0.0	0.0
YPR133W-A	1.0	0.0	0.0	0.0
YPR157W	1.0	0.0	0.0	0.0
YPR167C	-1.0	-1.0	0.0	0.0
YPR172W	1.0	0.0	0.0	0.0
YPR173C	-1.0	-1.0	0.0	0.0
YPR188C	1.0	0.0	0.0	0.0
YPR198W	1.0	0.0	0.0	0.0
YAL010C	0.0	-1.0	-1.0	0.0
YAR050W	0.0	-1.0	0.0	0.0
YBL083C	0.0	1.0	0.0	0.0
YBL090W	0.0	-1.0	0.0	0.0
YBR166C	0.0	-1.0	-1.0	0.0
YBR183W	0.0	-1.0	0.0	0.0
YBR191W	0.0	-1.0	-1.0	0.0
YBR194W	0.0	-1.0	0.0	0.0
YBR227C	0.0	1.0	0.0	0.0
YBR245C	0.0	1.0	0.0	0.0
YBR249C	0.0	1.0	0.0	0.0
YBR263W	0.0	1.0	0.0	0.0
YBR266C	0.0	-1.0	0.0	0.0
YBR277C	0.0	-1.0	0.0	0.0
YBR283C	0.0	-1.0	0.0	0.0
YCL001W-A	0.0	-1.0	-1.0	-1.0
YCL076W	0.0	-1.0	0.0	0.0
YCR053W	0.0	-1.0	0.0	0.0
YCR102C	0.0	-1.0	0.0	0.0
YCR106W	0.0	-1.0	0.0	0.0
YDL006W	0.0	-1.0	0.0	0.0
YDL045W-A	0.0	-1.0	0.0	0.0
YDL052C	0.0	1.0	0.0	0.0
YDL053C	0.0	1.0	0.0	0.0
YDL085W	0.0	1.0	0.0	0.0
YDL113C	0.0	1.0	0.0	0.0
YDL114W	0.0	1.0	0.0	0.0
YDL121C	0.0	1.0	0.0	0.0
YDL125C	0.0	1.0	0.0	0.0
YDL128W	0.0	1.0	0.0	0.0
YDL129W	0.0	1.0	0.0	0.0
YDL131W	0.0	1.0	0.0	0.0
YDL134C	0.0	1.0	0.0	0.0
YDL138W	0.0	1.0	0.0	0.0
YDL144C	0.0	1.0	0.0	0.0
YDL155W	0.0	1.0	0.0	0.0
YDL157C	0.0	1.0	0.0	0.0
YDL161W	0.0	1.0	0.0	0.0
YDL167C	0.0	1.0	0.0	0.0
YDL168W	0.0	1.0	0.0	0.0
YDL170W	0.0	1.0	0.0	0.0
YDL171C	0.0	1.0	0.0	0.0
YDL184C	0.0	1.0	0.0	0.0
YDL186W	0.0	1.0	0.0	0.0
YDL189W	0.0	1.0	0.0	0.0
YDL197C	0.0	1.0	0.0	0.0
YDL199C	0.0	1.0	0.0	0.0
YDL203C	0.0	1.0	0.0	0.0
YDL204W	0.0	1.0	0.0	0.0
YDL206W	0.0	1.0	0.0	0.0
YDL210W	0.0	1.0	0.0	0.0
YDL223C	0.0	1.0	0.0	0.0
YDL230W	0.0	1.0	0.0	0.0
YDL240W	0.0	1.0	0.0	0.0
YDL242W	0.0	1.0	0.0	0.0
YDR003W	0.0	1.0	0.0	0.0
YDR009W	0.0	1.0	0.0	0.0
YDR010C	0.0	1.0	0.0	0.0
YDR014W	0.0	1.0	0.0	0.0
YDR015C	0.0	1.0	0.0	0.0
YDR018C	0.0	1.0	0.0	0.0
YDR029W	0.0	1.0	0.0	0.0
YDR033W	0.0	1.0	0.0	0.0
YDR035W	0.0	1.0	0.0	0.0
YDR042C	0.0	1.0	0.0	0.0
YDR046C	0.0	1.0	0.0	0.0
YDR055W	0.0	1.0	0.0	0.0
YDR056C	0.0	1.0	0.0	0.0
YDR063W	0.0	1.0	0.0	0.0
YDR066C	0.0	1.0	0.0	0.0
YDR095C	0.0	1.0	0.0	0.0
YDR099W	0.0	1.0	0.0	0.0
YDR100W	0.0	1.0	0.0	0.0
YDR104C	0.0	1.0	0.0	0.0
YDR111C	0.0	1.0	0.0	0.0
YDR112W	0.0	1.0	0.0	0.0
YDR119W	0.0	1.0	0.0	0.0
YDR121W	0.0	1.0	0.0	0.0
YDR125C	0.0	1.0	0.0	0.0
YDR126W	0.0	-1.0	0.0	0.0
YDR127W	0.0	-1.0	-1.0	-1.0
YDR128W	0.0	1.0	0.0	0.0
YDR133C	0.0	1.0	0.0	0.0
YDR147W	0.0	1.0	0.0	-1.0
YDR154C	0.0	1.0	0.0	0.0
YDR165W	0.0	1.0	0.0	0.0
YDR181C	0.0	1.0	0.0	0.0
YDR206W	0.0	1.0	0.0	0.0
YDR209C	0.0	1.0	0.0	0.0
YDR214W	0.0	1.0	0.0	0.0
YDR217C	0.0	1.0	0.0	0.0
YDR218C	0.0	1.0	0.0	0.0
YDR219C	0.0	1.0	0.0	0.0
YDR222W	0.0	1.0	0.0	0.0
YDR226W	0.0	1.0	0.0	0.0
YDR229W	0.0	1.0	0.0	0.0
YDR233C	0.0	1.0	0.0	0.0
YDR266C	0.0	1.0	0.0	0.0
YDR268W	0.0	-1.0	0.0	0.0
YDR275W	0.0	1.0	0.0	0.0
YDR278C	0.0	1.0	0.0	0.0
YDR279W	0.0	1.0	0.0	0.0
YDR291W	0.0	1.0	0.0	0.0
YDR296W	0.0	-1.0	0.0	0.0
YDR314C	0.0	1.0	0.0	0.0
YDR315C	0.0	1.0	0.0	0.0
YDR317W	0.0	1.0	0.0	0.0
YDR322W	0.0	-1.0	0.0	0.0
YDR330W	0.0	1.0	0.0	0.0
YDR352W	0.0	1.0	0.0	0.0
YDR374C	0.0	1.0	0.0	0.0
YDR387C	0.0	1.0	0.0	0.0
YDR389W	0.0	1.0	0.0	0.0
YDR401W	0.0	1.0	0.0	0.0
YDR417C	0.0	-1.0	-1.0	0.0
YDR423C	0.0	1.0	0.0	0.0
YDR426C	0.0	1.0	0.0	0.0
YDR439W	0.0	1.0	0.0	0.0
YDR441C	0.0	1.0	0.0	0.0
YDR451C	0.0	1.0	0.0	0.0
YDR452W	0.0	1.0	0.0	0.0
YDR466W	0.0	1.0	0.0	0.0
YDR490C	0.0	1.0	0.0	0.0
YDR500C	0.0	1.0	0.0	0.0
YDR507C	0.0	1.0	0.0	0.0
YDR511W	0.0	1.0	0.0	0.0
YDR513W	0.0	1.0	0.0	0.0
YDR514C	0.0	1.0	0.0	0.0
YDR522C	0.0	1.0	0.0	0.0
YEL001C	0.0	1.0	0.0	0.0
YEL012W	0.0	-1.0	0.0	0.0
YEL014C	0.0	1.0	0.0	0.0
YEL015W	0.0	1.0	0.0	0.0
YEL023C	0.0	1.0	0.0	0.0
YEL025C	0.0	1.0	0.0	0.0
YEL047C	0.0	1.0	0.0	0.0
YEL048C	0.0	1.0	0.0	0.0
YEL049W	0.0	1.0	0.0	0.0
YEL054C	0.0	1.0	0.0	0.0
YEL059W	0.0	1.0	0.0	0.0
YEL071W	0.0	1.0	0.0	0.0
YER004W	0.0	1.0	0.0	0.0
YER007C-A	0.0	1.0	0.0	0.0
YER028C	0.0	-1.0	0.0	0.0
YER078C	0.0	-1.0	-1.0	-1.0
YER079W	0.0	1.0	0.0	0.0
YER111C	0.0	-1.0	-1.0	0.0
YER116C	0.0	-1.0	-1.0	-1.0
YER117W	0.0	-1.0	-1.0	-1.0
YER139C	0.0	-1.0	-1.0	-1.0
YER156C	0.0	-1.0	-1.0	-1.0
YFL028C	0.0	1.0	0.0	0.0
YFL034C-A	0.0	-1.0	0.0	0.0
YFR030W	0.0	-1.0	-1.0	0.0
YFR040W	0.0	-1.0	-1.0	0.0
YGL010W	0.0	1.0	0.0	0.0
YGL025C	0.0	-1.0	-1.0	0.0
YGL027C	0.0	1.0	0.0	0.0
YGL037C	0.0	1.0	0.0	0.0
YGL139W	0.0	1.0	0.0	0.0
YGL214W	0.0	-1.0	0.0	0.0
YGL226W	0.0	1.0	0.0	0.0
YGL230C	0.0	1.0	0.0	0.0
YGL242C	0.0	1.0	0.0	0.0
YGL254W	0.0	1.0	0.0	0.0
YGL258W	0.0	1.0	0.0	0.0
YGL259W	0.0	1.0	0.0	0.0
YGL260W	0.0	1.0	0.0	0.0
YGL263W	0.0	1.0	0.0	0.0
YGR001C	0.0	1.0	0.0	0.0
YGR003W	0.0	1.0	0.0	0.0
YGR008C	0.0	1.0	0.0	0.0
YGR018C	0.0	-1.0	-1.0	0.0
YGR021W	0.0	1.0	0.0	0.0
YGR025W	0.0	-1.0	-1.0	0.0
YGR037C	0.0	1.0	0.0	0.0
YGR041W	0.0	1.0	0.0	0.0
YGR096W	0.0	1.0	0.0	0.0
YGR131W	0.0	1.0	0.0	0.0
YGR144W	0.0	1.0	0.0	0.0
YGR149W	0.0	1.0	0.0	0.0
YGR159C	0.0	-1.0	-1.0	-1.0
YGR173W	0.0	1.0	0.0	0.0
YGR181W	0.0	1.0	0.0	0.0
YGR192C	0.0	1.0	0.0	0.0
YGR197C	0.0	1.0	0.0	0.0
YGR199W	0.0	1.0	0.0	0.0
YGR201C	0.0	-1.0	0.0	0.0
YGR202C	0.0	1.0	0.0	0.0
YGR212W	0.0	1.0	0.0	0.0
YGR213C	0.0	1.0	0.0	0.0
YGR244C	0.0	-1.0	-1.0	0.0
YGR270W	0.0	-1.0	-1.0	0.0
YHL003C	0.0	-1.0	0.0	0.0
YHL017W	0.0	1.0	0.0	0.0
YHL028W	0.0	1.0	0.0	0.0
YHR013C	0.0	-1.0	-1.0	0.0
YHR021C	0.0	-1.0	0.0	-1.0
YHR028C	0.0	1.0	0.0	0.0
YHR037W	0.0	1.0	0.0	0.0
YHR039C	0.0	1.0	0.0	0.0
YHR060W	0.0	-1.0	0.0	-1.0
YHR130C	0.0	-1.0	0.0	0.0
YHR183W	0.0	-1.0	0.0	0.0
YIL007C	0.0	-1.0	0.0	0.0
YIL012W	0.0	-1.0	-1.0	-1.0
YIL028W	0.0	-1.0	0.0	0.0
YIL041W	0.0	-1.0	0.0	0.0
YIL122W	0.0	-1.0	0.0	0.0
YIL131C	0.0	1.0	0.0	0.0
YIL145C	0.0	-1.0	0.0	0.0
YIR016W	0.0	-1.0	-1.0	0.0
YIR026C	0.0	-1.0	-1.0	-1.0
YIR039C	0.0	-1.0	-1.0	0.0
YJL004C	0.0	-1.0	0.0	0.0
YJL006C	0.0	-1.0	0.0	0.0
YJL007C	0.0	-1.0	-1.0	0.0
YJL012C	0.0	-1.0	-1.0	0.0
YJL024C	0.0	-1.0	0.0	0.0
YJL166W	0.0	-1.0	0.0	0.0
YJL179W	0.0	-1.0	0.0	0.0
YJL212C	0.0	-1.0	0.0	0.0
YJR018W	0.0	-1.0	0.0	0.0
YJR030C	0.0	-1.0	-1.0	0.0
YJR066W	0.0	-1.0	0.0	0.0
YJR100C	0.0	-1.0	-1.0	0.0
YJR102C	0.0	-1.0	0.0	0.0
YJR142W	0.0	-1.0	-1.0	0.0
YJR144W	0.0	-1.0	0.0	0.0
YKL001C	0.0	-1.0	-1.0	-1.0
YKL002W	0.0	-1.0	0.0	0.0
YKL011C	0.0	-1.0	0.0	0.0
YKL040C	0.0	-1.0	0.0	0.0
YKL065C	0.0	-1.0	0.0	0.0
YKL077W	0.0	1.0	0.0	1.0
YKL080W	0.0	-1.0	-1.0	0.0
YKL119C	0.0	-1.0	0.0	0.0
YKL143W	0.0	-1.0	0.0	0.0
YKL166C	0.0	-1.0	0.0	0.0
YKR069W	0.0	-1.0	-1.0	0.0
YKR084C	0.0	-1.0	0.0	0.0
YKR101W	0.0	-1.0	-1.0	0.0
YLL023C	0.0	-1.0	0.0	0.0
YLL039C	0.0	-1.0	0.0	0.0
YLR006C	0.0	-1.0	0.0	0.0
YLR062C	0.0	-1.0	0.0	0.0
YLR261C	0.0	-1.0	0.0	0.0
YLR262C	0.0	-1.0	0.0	0.0
YLR312W-A	0.0	-1.0	0.0	0.0
YLR337C	0.0	-1.0	0.0	0.0
YLR338W	0.0	-1.0	0.0	0.0
YLR343W	0.0	-1.0	-1.0	0.0
YLR372W	0.0	-1.0	0.0	0.0
YLR417W	0.0	-1.0	0.0	0.0
YLR433C	0.0	-1.0	0.0	-1.0
YLR451W	0.0	-1.0	0.0	0.0
YML006C	0.0	-1.0	0.0	0.0
YML008C	0.0	-1.0	0.0	0.0
YML013W	0.0	-1.0	0.0	0.0
YML062C	0.0	1.0	0.0	0.0
YML094W	0.0	-1.0	-1.0	0.0
YML116W	0.0	-1.0	0.0	0.0
YML121W	0.0	-1.0	-1.0	-1.0
YML122C	0.0	-1.0	-1.0	-1.0
YMR062C	0.0	-1.0	-1.0	-1.0
YMR067C	0.0	-1.0	-1.0	-1.0
YMR070W	0.0	1.0	1.0	1.0
YMR083W	0.0	-1.0	-1.0	-1.0
YMR125W	0.0	-1.0	-1.0	0.0
YMR138W	0.0	-1.0	-1.0	0.0
YMR142C	0.0	-1.0	0.0	0.0
YMR158W	0.0	-1.0	0.0	-1.0
YMR162C	0.0	1.0	0.0	0.0
YMR202W	0.0	-1.0	0.0	0.0
YMR230W	0.0	-1.0	0.0	0.0
YMR286W	0.0	-1.0	0.0	0.0
YMR312W	0.0	-1.0	-1.0	-1.0
YNL064C	0.0	-1.0	0.0	0.0
YNL081C	0.0	-1.0	0.0	0.0
YNL084C	0.0	-1.0	0.0	0.0
YNL119W	0.0	-1.0	-1.0	-1.0
YNL120C	0.0	-1.0	-1.0	0.0
YNL121C	0.0	-1.0	0.0	0.0
YNL171C	0.0	-1.0	0.0	0.0
YNL213C	0.0	-1.0	0.0	0.0
YNL225C	0.0	-1.0	0.0	0.0
YNL226W	0.0	-1.0	0.0	0.0
YNL248C	0.0	-1.0	0.0	0.0
YNL257C	0.0	-1.0	0.0	0.0
YNL297C	0.0	-1.0	0.0	0.0
YNR006W	0.0	-1.0	0.0	0.0
YNR057C	0.0	-1.0	0.0	0.0
YNR075W	0.0	-1.0	-1.0	-1.0
YOL033W	0.0	-1.0	0.0	0.0
YOL049W	0.0	-1.0	0.0	0.0
YOL052C	0.0	-1.0	0.0	0.0
YOL087C	0.0	-1.0	-1.0	-1.0
YOL090W	0.0	-1.0	-1.0	0.0
YOL093W	0.0	-1.0	-1.0	-1.0
YOL095C	0.0	-1.0	0.0	-1.0
YOL111C	0.0	-1.0	-1.0	-1.0
YOR038C	0.0	-1.0	0.0	0.0
YOR123C	0.0	-1.0	0.0	0.0
YOR147W	0.0	-1.0	0.0	0.0
YOR158W	0.0	-1.0	0.0	0.0
YOR196C	0.0	-1.0	0.0	0.0
YOR211C	0.0	-1.0	0.0	0.0
YOR216C	0.0	-1.0	0.0	0.0
YOR221C	0.0	-1.0	0.0	0.0
YOR299W	0.0	-1.0	0.0	0.0
YOR364W	0.0	-1.0	-1.0	0.0
YPL002C	0.0	-1.0	0.0	-1.0
YPL057C	0.0	-1.0	0.0	0.0
YPL193W	0.0	-1.0	0.0	0.0
YPL212C	0.0	-1.0	0.0	0.0
YPR024W	0.0	-1.0	0.0	0.0
YPR044C	0.0	-1.0	0.0	0.0
YPR045C	0.0	-1.0	0.0	0.0
YPR060C	0.0	-1.0	0.0	0.0
YPR115W	0.0	-1.0	0.0	0.0
YPR131C	0.0	-1.0	0.0	0.0
YPR159W	0.0	-1.0	0.0	0.0
YPR201W	0.0	-1.0	-1.0	0.0
YAL009W	0.0	0.0	-1.0	0.0
YBL038W	0.0	0.0	-1.0	0.0
YBL091C-A	0.0	0.0	-1.0	0.0
YBR127C	0.0	0.0	-1.0	0.0
YBR173C	0.0	0.0	-1.0	0.0
YBR273C	0.0	0.0	-1.0	0.0
YBR278W	0.0	0.0	-1.0	0.0
YBR291C	0.0	0.0	-1.0	0.0
YBR293W	0.0	0.0	-1.0	0.0
YBR297W	0.0	0.0	-1.0	-1.0
YBR298C	0.0	0.0	-1.0	0.0
YCL038C	0.0	0.0	-1.0	0.0
YCR024C-A	0.0	0.0	-1.0	0.0
YCR025C	0.0	0.0	-1.0	0.0
YCR043C	0.0	0.0	-1.0	0.0
YCR044C	0.0	0.0	-1.0	0.0
YCR047C	0.0	0.0	-1.0	0.0
YCR081W	0.0	0.0	-1.0	0.0
YCR086W	0.0	0.0	-1.0	0.0
YCR092C	0.0	0.0	-1.0	0.0
YCR094W	0.0	0.0	-1.0	0.0
YCR099C	0.0	0.0	-1.0	0.0
YCR100C	0.0	0.0	-1.0	0.0
YDL185W	0.0	0.0	-1.0	0.0
YDR386W	0.0	0.0	1.0	0.0
YDR509W	0.0	0.0	1.0	0.0
YEL020C	0.0	0.0	1.0	0.0
YER039C-A	0.0	0.0	-1.0	0.0
YER090W	0.0	0.0	-1.0	-1.0
YER095W	0.0	0.0	-1.0	-1.0
YER097W	0.0	0.0	-1.0	0.0
YER098W	0.0	0.0	-1.0	-1.0
YER128W	0.0	0.0	-1.0	-1.0
YER129W	0.0	0.0	-1.0	-1.0
YER142C	0.0	0.0	-1.0	-1.0
YER143W	0.0	0.0	-1.0	0.0
YER152C	0.0	0.0	-1.0	-1.0
YER162C	0.0	0.0	-1.0	-1.0
YER167W	0.0	0.0	-1.0	0.0
YER169W	0.0	0.0	-1.0	-1.0
YER170W	0.0	0.0	-1.0	-1.0
YGL107C	0.0	0.0	-1.0	0.0
YGR049W	0.0	0.0	-1.0	0.0
YGR134W	0.0	0.0	-1.0	0.0
YGR237C	0.0	0.0	-1.0	0.0
YGR242W	0.0	0.0	-1.0	0.0
YGR249W	0.0	0.0	-1.0	0.0
YGR261C	0.0	0.0	-1.0	0.0
YGR263C	0.0	0.0	-1.0	0.0
YGR288W	0.0	0.0	-1.0	0.0
YHR025W	0.0	0.0	-1.0	0.0
YHR034C	0.0	0.0	-1.0	-1.0
YHR039C-A	0.0	0.0	-1.0	0.0
YHR064C	0.0	0.0	-1.0	0.0
YHR079C-A	0.0	0.0	-1.0	-1.0
YHR108W	0.0	0.0	1.0	0.0
YHR140W	0.0	0.0	-1.0	-1.0
YHR162W	0.0	0.0	-1.0	-1.0
YHR185C	0.0	0.0	-1.0	0.0
YIL011W	0.0	0.0	1.0	0.0
YIL032C	0.0	0.0	1.0	0.0
YIL035C	0.0	0.0	1.0	0.0
YIL045W	0.0	0.0	1.0	0.0
YIL079C	0.0	0.0	1.0	0.0
YIR033W	0.0	0.0	-1.0	0.0
YJL135W	0.0	0.0	1.0	1.0
YJL140W	0.0	0.0	-1.0	0.0
YJR032W	0.0	0.0	-1.0	0.0
YJR043C	0.0	0.0	-1.0	0.0
YJR044C	0.0	0.0	-1.0	-1.0
YJR117W	0.0	0.0	-1.0	0.0
YJR152W	0.0	0.0	1.0	0.0
YKL084W	0.0	0.0	1.0	0.0
YKR035W-A	0.0	0.0	-1.0	-1.0
YKR074W	0.0	0.0	-1.0	0.0
YKR076W	0.0	0.0	-1.0	0.0
YKR082W	0.0	0.0	-1.0	0.0
YKR093W	0.0	0.0	-1.0	-1.0
YLL013C	0.0	0.0	1.0	0.0
YLR030W	0.0	0.0	-1.0	-1.0
YLR050C	0.0	0.0	-1.0	0.0
YLR192C	0.0	0.0	-1.0	0.0
YLR237W	0.0	0.0	-1.0	0.0
YLR421C	0.0	0.0	1.0	0.0
YLR425W	0.0	0.0	-1.0	0.0
YLR428C	0.0	0.0	-1.0	0.0
YLR436C	0.0	0.0	-1.0	0.0
YLR441C	0.0	0.0	-1.0	0.0
YLR450W	0.0	0.0	-1.0	0.0
YLR452C	0.0	0.0	-1.0	0.0
YLR453C	0.0	0.0	-1.0	0.0
YLR460C	0.0	0.0	-1.0	0.0
YML011C	0.0	0.0	1.0	0.0
YML021C	0.0	0.0	-1.0	0.0
YML042W	0.0	0.0	-1.0	0.0
YML047C	0.0	0.0	-1.0	-1.0
YML099C	0.0	0.0	-1.0	-1.0
YML101C	0.0	0.0	-1.0	-1.0
YML111W	0.0	0.0	-1.0	-1.0
YML120C	0.0	0.0	-1.0	-1.0
YMR004W	0.0	0.0	-1.0	0.0
YMR052C-A	0.0	0.0	-1.0	-1.0
YMR054W	0.0	0.0	-1.0	-1.0
YMR057C	0.0	0.0	-1.0	-1.0
YMR058W	0.0	0.0	-1.0	-1.0
YMR065W	0.0	0.0	-1.0	0.0
YMR077C	0.0	0.0	-1.0	0.0
YMR078C	0.0	0.0	-1.0	-1.0
YMR087W	0.0	0.0	-1.0	-1.0
YMR088C	0.0	0.0	-1.0	0.0
YMR089C	0.0	0.0	-1.0	0.0
YMR095C	0.0	0.0	-1.0	-1.0
YMR096W	0.0	0.0	-1.0	-1.0
YMR100W	0.0	0.0	-1.0	0.0
YMR105C	0.0	0.0	-1.0	-1.0
YMR107W	0.0	0.0	-1.0	-1.0
YMR109W	0.0	0.0	-1.0	-1.0
YMR123W	0.0	0.0	-1.0	-1.0
YMR126C	0.0	0.0	-1.0	-1.0
YMR130W	0.0	0.0	-1.0	-1.0
YMR144W	0.0	0.0	1.0	0.0
YMR145C	0.0	0.0	1.0	0.0
YMR147W	0.0	0.0	1.0	0.0
YMR148W	0.0	0.0	1.0	0.0
YMR152W	0.0	0.0	1.0	0.0
YMR169C	0.0	0.0	-1.0	0.0
YMR171C	0.0	0.0	-1.0	-1.0
YMR174C	0.0	0.0	-1.0	0.0
YMR198W	0.0	0.0	-1.0	0.0
YMR238W	0.0	0.0	1.0	0.0
YMR250W	0.0	0.0	1.0	0.0
YMR252C	0.0	0.0	1.0	0.0
YMR300C	0.0	0.0	1.0	1.0
YMR311C	0.0	0.0	-1.0	-1.0
YNL250W	0.0	0.0	-1.0	-1.0
YNL252C	0.0	0.0	-1.0	-1.0
YNL270C	0.0	0.0	1.0	0.0
YNL293W	0.0	0.0	1.0	0.0
YNR047W	0.0	0.0	1.0	0.0
YNR056C	0.0	0.0	-1.0	0.0
YNR059W	0.0	0.0	-1.0	0.0
YNR060W	0.0	0.0	-1.0	0.0
YNR061C	0.0	0.0	-1.0	0.0
YNR067C	0.0	0.0	-1.0	0.0
YNR072W	0.0	0.0	-1.0	-1.0
YOL013W-A	0.0	0.0	-1.0	-1.0
YOL091W	0.0	0.0	-1.0	-1.0
YOL098C	0.0	0.0	-1.0	-1.0
YOL099C	0.0	0.0	-1.0	-1.0
YOL106W	0.0	0.0	-1.0	-1.0
YOL109W	0.0	0.0	-1.0	-1.0
YOL110W	0.0	0.0	-1.0	0.0
YOL116W	0.0	0.0	-1.0	0.0
YOL119C	0.0	0.0	-1.0	-1.0
YOL121C	0.0	0.0	-1.0	-1.0
YOL160W	0.0	0.0	-1.0	0.0
YOL162W	0.0	0.0	-1.0	0.0
YOR039W	0.0	0.0	1.0	0.0
YOR054C	0.0	0.0	1.0	0.0
YOR085W	0.0	0.0	1.0	0.0
YOR096W	0.0	0.0	-1.0	-1.0
YOR317W	0.0	0.0	-1.0	-1.0
YPL086C	0.0	0.0	1.0	0.0
YAL040C	0.0	0.0	0.0	-1.0
YBR269C	0.0	0.0	0.0	-1.0
YCR020W-B	0.0	0.0	0.0	-1.0
YDR424C	0.0	0.0	0.0	-1.0
YDR443C	0.0	0.0	0.0	-1.0
YDR486C	0.0	0.0	0.0	-1.0
YEL011W	0.0	0.0	0.0	-1.0
YER077C	0.0	0.0	0.0	-1.0
YER088C	0.0	0.0	0.0	-1.0
YER091C	0.0	0.0	0.0	-1.0
YER096W	0.0	0.0	0.0	-1.0
YER101C	0.0	0.0	0.0	-1.0
YER103W	0.0	0.0	0.0	-1.0
YER106W	0.0	0.0	0.0	-1.0
YER114C	0.0	0.0	0.0	-1.0
YER115C	0.0	0.0	0.0	-1.0
YER118C	0.0	0.0	0.0	-1.0
YER119C	0.0	0.0	0.0	-1.0
YER121W	0.0	0.0	0.0	-1.0
YER123W	0.0	0.0	0.0	-1.0
YER124C	0.0	0.0	0.0	-1.0
YER130C	0.0	0.0	0.0	-1.0
YER131W	0.0	0.0	0.0	-1.0
YER135C	0.0	0.0	0.0	-1.0
YER137C	0.0	0.0	0.0	-1.0
YER145C	0.0	0.0	0.0	-1.0
YER149C	0.0	0.0	0.0	-1.0
YER150W	0.0	0.0	0.0	-1.0
YER154W	0.0	0.0	0.0	-1.0
YER163C	0.0	0.0	0.0	-1.0
YER164W	0.0	0.0	0.0	-1.0
YER166W	0.0	0.0	0.0	-1.0
YER174C	0.0	0.0	0.0	-1.0
YER175C	0.0	0.0	0.0	-1.0
YER176W	0.0	0.0	0.0	-1.0
YER178W	0.0	0.0	0.0	-1.0
YER180C	0.0	0.0	0.0	-1.0
YER181C	0.0	0.0	0.0	-1.0
YER182W	0.0	0.0	0.0	-1.0
YER183C	0.0	0.0	0.0	-1.0
YER184C	0.0	0.0	0.0	-1.0
YER185W	0.0	0.0	0.0	-1.0
YER186C	0.0	0.0	0.0	-1.0
YFL018C	0.0	0.0	0.0	-1.0
YGL031C	0.0	0.0	0.0	-1.0
YGL064C	0.0	0.0	0.0	-1.0
YGR036C	0.0	0.0	0.0	-1.0
YGR050C	0.0	0.0	0.0	-1.0
YGR056W	0.0	0.0	0.0	-1.0
YGR157W	0.0	0.0	0.0	-1.0
YGR210C	0.0	0.0	0.0	-1.0
YHL024W	0.0	0.0	0.0	-1.0
YHR017W	0.0	0.0	0.0	-1.0
YHR032W	0.0	0.0	0.0	-1.0
YHR045W	0.0	0.0	0.0	-1.0
YHR095W	0.0	0.0	0.0	1.0
YHR168W	0.0	0.0	0.0	-1.0
YIL093C	0.0	0.0	0.0	1.0
YJL036W	0.0	0.0	0.0	1.0
YJL042W	0.0	0.0	0.0	-1.0
YJL199C	0.0	0.0	0.0	1.0
YJR061W	0.0	0.0	0.0	-1.0
YKL044W	0.0	0.0	0.0	1.0
YKL056C	0.0	0.0	0.0	1.0
YKL151C	0.0	0.0	0.0	1.0
YLL059C	0.0	0.0	0.0	-1.0
YLR031W	0.0	0.0	0.0	-1.0
YLR035C	0.0	0.0	0.0	-1.0
YLR040C	0.0	0.0	0.0	-1.0
YLR041W	0.0	0.0	0.0	-1.0
YLR362W	0.0	0.0	0.0	-1.0
YML026C	0.0	0.0	0.0	-1.0
YML074C	0.0	0.0	0.0	-1.0
YML090W	0.0	0.0	0.0	-1.0
YML103C	0.0	0.0	0.0	-1.0
YML104C	0.0	0.0	0.0	-1.0
YML106W	0.0	0.0	0.0	-1.0
YML107C	0.0	0.0	0.0	-1.0
YML110C	0.0	0.0	0.0	-1.0
YML113W	0.0	0.0	0.0	-1.0
YML117W	0.0	0.0	0.0	-1.0
YML119W	0.0	0.0	0.0	-1.0
YML123C	0.0	0.0	0.0	-1.0
YML124C	0.0	0.0	0.0	-1.0
YMR014W	0.0	0.0	0.0	1.0
YMR018W	0.0	0.0	0.0	1.0
YMR052W	0.0	0.0	0.0	-1.0
YMR053C	0.0	0.0	0.0	-1.0
YMR055C	0.0	0.0	0.0	-1.0
YMR056C	0.0	0.0	0.0	-1.0
YMR063W	0.0	0.0	0.0	-1.0
YMR064W	0.0	0.0	0.0	-1.0
YMR066W	0.0	0.0	0.0	-1.0
YMR068W	0.0	0.0	0.0	-1.0
YMR069W	0.0	0.0	0.0	-1.0
YMR072W	0.0	0.0	0.0	-1.0
YMR073C	0.0	0.0	0.0	-1.0
YMR075W	0.0	0.0	0.0	-1.0
YMR080C	0.0	0.0	0.0	-1.0
YMR084W	0.0	0.0	0.0	-1.0
YMR086W	0.0	0.0	0.0	-1.0
YMR090W	0.0	0.0	0.0	-1.0
YMR097C	0.0	0.0	0.0	-1.0
YMR101C	0.0	0.0	0.0	-1.0
YMR102C	0.0	0.0	0.0	-1.0
YMR103C	0.0	0.0	0.0	-1.0
YMR106C	0.0	0.0	0.0	-1.0
YMR114C	0.0	0.0	0.0	-1.0
YMR115W	0.0	0.0	0.0	-1.0
YMR119W-A	0.0	0.0	0.0	-1.0
YMR120C	0.0	0.0	0.0	-1.0
YMR127C	0.0	0.0	0.0	-1.0
YMR129W	0.0	0.0	0.0	-1.0
YMR133W	0.0	0.0	0.0	-1.0
YMR181C	0.0	0.0	0.0	-1.0
YMR209C	0.0	0.0	0.0	-1.0
YMR279C	0.0	0.0	0.0	-1.0
YMR306W	0.0	0.0	0.0	-1.0
YMR315W	0.0	0.0	0.0	-1.0
YMR316C-A	0.0	0.0	0.0	-1.0
YMR316C-B	0.0	0.0	0.0	-1.0
YMR316W	0.0	0.0	0.0	-1.0
YMR317W	0.0	0.0	0.0	-1.0
YMR318C	0.0	0.0	0.0	-1.0
YMR319C	0.0	0.0	0.0	-1.0
YMR320W	0.0	0.0	0.0	-1.0
YNL279W	0.0	0.0	0.0	-1.0
YNL300W	0.0	0.0	0.0	-1.0
YNL316C	0.0	0.0	0.0	-1.0
YNR071C	0.0	0.0	0.0	-1.0
YOL016C	0.0	0.0	0.0	-1.0
YOL089C	0.0	0.0	0.0	-1.0
YOL092W	0.0	0.0	0.0	-1.0
YOL096C	0.0	0.0	0.0	-1.0
YOL100W	0.0	0.0	0.0	-1.0
YOL103W	0.0	0.0	0.0	-1.0
YOL104C	0.0	0.0	0.0	-1.0
YOL107W	0.0	0.0	0.0	-1.0
YOL112W	0.0	0.0	0.0	-1.0
YOL117W	0.0	0.0	0.0	-1.0
YOL124C	0.0	0.0	0.0	-1.0
YOL128C	0.0	0.0	0.0	-1.0
YOL131W	0.0	0.0	0.0	-1.0
YOL136C	0.0	0.0	0.0	-1.0
YOL137W	0.0	0.0	0.0	-1.0
YOR306C	0.0	0.0	0.0	-1.0
YPL132W	0.0	0.0	0.0	-1.0
YPL134C	0.0	0.0	0.0	-1.0
