ORF	hap a | expression level of a gene (prTPK1-GFP) | standard | None | Pautasso C~Rossi S, 2016	hap a | expression level of a gene (prTPK2-GFP) | standard | None | Pautasso C~Rossi S, 2016	hap a | expression level of a gene (prTPK3-GFP) | standard | None | Pautasso C~Rossi S, 2016	hap a | expression level of a gene (prBCY1-GFP) | standard | None | Pautasso C~Rossi S, 2016
YAL009W	0.000	0.000	-1.000	0.000
YAL010C	0.000	-1.000	-1.000	0.000
YAL016W	-1.000	0.000	0.000	0.000
YAL035W	-1.000	-1.000	-1.000	0.000
YAL040C	0.000	0.000	0.000	-1.000
YAR015W	-1.000	0.000	0.000	0.000
YAR050W	0.000	-1.000	0.000	0.000
YBL007C	-1.000	0.000	0.000	0.000
YBL011W	-1.000	0.000	0.000	0.000
YBL038W	0.000	0.000	-1.000	0.000
YBL047C	-1.000	0.000	0.000	0.000
YBL058W	-1.000	-1.000	0.000	0.000
YBL079W	1.000	0.000	0.000	0.000
YBL083C	0.000	1.000	0.000	0.000
YBL090W	0.000	-1.000	0.000	0.000
YBL091C-A	0.000	0.000	-1.000	0.000
YBL100C	-1.000	0.000	0.000	0.000
YBL103C	-1.000	0.000	-1.000	0.000
YBR011C	-1.000	0.000	-1.000	-1.000
YBR035C	-1.000	0.000	0.000	0.000
YBR077C	-1.000	-1.000	-1.000	0.000
YBR115C	-1.000	0.000	0.000	0.000
YBR127C	0.000	0.000	-1.000	0.000
YBR132C	1.000	0.000	0.000	0.000
YBR165W	-1.000	0.000	0.000	0.000
YBR166C	0.000	-1.000	-1.000	0.000
YBR173C	0.000	0.000	-1.000	0.000
YBR183W	0.000	-1.000	0.000	0.000
YBR191W	0.000	-1.000	-1.000	0.000
YBR194W	0.000	-1.000	0.000	0.000
YBR204C	1.000	1.000	0.000	0.000
YBR209W	-1.000	0.000	-1.000	-1.000
YBR227C	0.000	1.000	0.000	0.000
YBR245C	0.000	1.000	0.000	0.000
YBR249C	0.000	1.000	0.000	0.000
YBR263W	0.000	1.000	0.000	0.000
YBR266C	0.000	-1.000	0.000	0.000
YBR269C	0.000	0.000	0.000	-1.000
YBR273C	0.000	0.000	-1.000	0.000
YBR277C	0.000	-1.000	0.000	0.000
YBR278W	0.000	0.000	-1.000	0.000
YBR283C	0.000	-1.000	0.000	0.000
YBR291C	0.000	0.000	-1.000	0.000
YBR293W	0.000	0.000	-1.000	0.000
YBR297W	0.000	0.000	-1.000	-1.000
YBR298C	0.000	0.000	-1.000	0.000
YBR300C	-1.000	0.000	0.000	0.000
YCL001W-A	0.000	-1.000	-1.000	-1.000
YCL005W-A	-1.000	-1.000	0.000	0.000
YCL023C	-1.000	0.000	0.000	0.000
YCL035C	-1.000	0.000	0.000	0.000
YCL038C	0.000	0.000	-1.000	0.000
YCL074W	0.000	-1.000	0.000	0.000
YCL076W	0.000	-1.000	0.000	0.000
YCR020W-B	0.000	0.000	0.000	-1.000
YCR024C-A	0.000	0.000	-1.000	0.000
YCR025C	0.000	0.000	-1.000	0.000
YCR031C	-1.000	0.000	0.000	0.000
YCR033W	-1.000	-1.000	0.000	0.000
YCR034W	1.000	-1.000	0.000	0.000
YCR037C	-1.000	-1.000	-1.000	0.000
YCR043C	0.000	0.000	-1.000	0.000
YCR044C	0.000	0.000	-1.000	0.000
YCR047C	0.000	0.000	-1.000	0.000
YCR049C	-1.000	-1.000	-1.000	0.000
YCR053W	0.000	-1.000	0.000	0.000
YCR071C	-1.000	0.000	0.000	0.000
YCR081W	0.000	0.000	-1.000	0.000
YCR086W	0.000	0.000	-1.000	0.000
YCR087C-A	-1.000	0.000	0.000	0.000
YCR087W	-1.000	0.000	-1.000	0.000
YCR092C	0.000	0.000	-1.000	0.000
YCR094W	0.000	0.000	-1.000	0.000
YCR099C	0.000	0.000	-1.000	0.000
YCR100C	0.000	0.000	-1.000	0.000
YCR102C	0.000	-1.000	0.000	0.000
YCR106W	0.000	-1.000	0.000	0.000
YDL005C	-1.000	-1.000	-1.000	0.000
YDL006W	0.000	-1.000	0.000	0.000
YDL045W-A	0.000	-1.000	0.000	0.000
YDL052C	0.000	1.000	0.000	0.000
YDL053C	0.000	1.000	0.000	0.000
YDL073W	-1.000	0.000	0.000	0.000
YDL085W	0.000	1.000	0.000	0.000
YDL113C	0.000	1.000	0.000	0.000
YDL114W	0.000	1.000	0.000	0.000
YDL121C	0.000	1.000	0.000	0.000
YDL122W	-1.000	0.000	0.000	0.000
YDL125C	0.000	1.000	0.000	0.000
YDL128W	0.000	1.000	0.000	0.000
YDL129W	0.000	1.000	0.000	0.000
YDL131W	0.000	1.000	0.000	0.000
YDL134C	0.000	1.000	0.000	0.000
YDL138W	0.000	1.000	0.000	0.000
YDL144C	0.000	1.000	0.000	0.000
YDL155W	0.000	1.000	0.000	0.000
YDL157C	0.000	1.000	0.000	0.000
YDL160C	-1.000	0.000	0.000	0.000
YDL161W	0.000	1.000	0.000	0.000
YDL167C	0.000	1.000	0.000	0.000
YDL168W	0.000	1.000	0.000	0.000
YDL170W	0.000	1.000	0.000	0.000
YDL171C	0.000	1.000	0.000	0.000
YDL179W	-1.000	0.000	0.000	0.000
YDL184C	0.000	1.000	0.000	0.000
YDL185W	0.000	0.000	-1.000	0.000
YDL186W	0.000	1.000	0.000	0.000
YDL189W	0.000	1.000	0.000	0.000
YDL197C	0.000	1.000	0.000	0.000
YDL199C	0.000	1.000	0.000	0.000
YDL203C	0.000	1.000	0.000	0.000
YDL204W	0.000	1.000	0.000	0.000
YDL206W	0.000	1.000	0.000	0.000
YDL210W	0.000	1.000	0.000	0.000
YDL223C	0.000	1.000	0.000	0.000
YDL230W	0.000	1.000	0.000	0.000
YDL240W	0.000	1.000	0.000	0.000
YDL242W	0.000	1.000	0.000	0.000
YDR003W	0.000	1.000	0.000	0.000
YDR009W	0.000	1.000	0.000	0.000
YDR010C	0.000	1.000	0.000	0.000
YDR014W	0.000	1.000	0.000	0.000
YDR015C	0.000	1.000	0.000	0.000
YDR017C	-1.000	-1.000	-1.000	0.000
YDR018C	0.000	1.000	0.000	0.000
YDR027C	-1.000	-1.000	0.000	-1.000
YDR029W	0.000	1.000	0.000	0.000
YDR033W	0.000	1.000	0.000	0.000
YDR035W	0.000	1.000	0.000	0.000
YDR042C	0.000	1.000	0.000	0.000
YDR046C	0.000	1.000	0.000	0.000
YDR055W	0.000	1.000	0.000	0.000
YDR056C	0.000	1.000	0.000	0.000
YDR063W	0.000	1.000	0.000	0.000
YDR065W	-1.000	0.000	0.000	0.000
YDR066C	0.000	1.000	0.000	0.000
YDR069C	-1.000	0.000	0.000	0.000
YDR078C	1.000	0.000	0.000	0.000
YDR095C	0.000	1.000	0.000	0.000
YDR099W	0.000	1.000	0.000	0.000
YDR100W	0.000	1.000	0.000	0.000
YDR104C	0.000	1.000	0.000	0.000
YDR111C	0.000	1.000	0.000	0.000
YDR112W	0.000	1.000	0.000	0.000
YDR114C	-1.000	-1.000	-1.000	0.000
YDR115W	-1.000	0.000	0.000	0.000
YDR119W	0.000	1.000	0.000	0.000
YDR121W	0.000	1.000	0.000	0.000
YDR123C	-1.000	0.000	0.000	0.000
YDR125C	0.000	1.000	0.000	0.000
YDR126W	0.000	-1.000	0.000	0.000
YDR127W	0.000	-1.000	-1.000	-1.000
YDR128W	0.000	1.000	0.000	0.000
YDR132C	-1.000	0.000	0.000	0.000
YDR133C	0.000	1.000	0.000	0.000
YDR134C	0.000	1.000	0.000	0.000
YDR147W	0.000	1.000	0.000	-1.000
YDR148C	1.000	1.000	1.000	0.000
YDR154C	0.000	1.000	0.000	0.000
YDR165W	0.000	1.000	0.000	0.000
YDR173C	-1.000	0.000	-1.000	0.000
YDR175C	-1.000	0.000	0.000	0.000
YDR181C	0.000	1.000	0.000	0.000
YDR186C	-1.000	0.000	0.000	0.000
YDR195W	-1.000	-1.000	-1.000	-1.000
YDR206W	0.000	1.000	0.000	0.000
YDR207C	-1.000	0.000	0.000	0.000
YDR209C	0.000	1.000	0.000	0.000
YDR214W	0.000	1.000	0.000	0.000
YDR217C	0.000	1.000	0.000	0.000
YDR218C	0.000	1.000	0.000	0.000
YDR219C	0.000	1.000	0.000	0.000
YDR222W	0.000	1.000	0.000	0.000
YDR226W	0.000	1.000	0.000	0.000
YDR229W	0.000	1.000	0.000	0.000
YDR233C	0.000	1.000	0.000	0.000
YDR247W	-1.000	-1.000	0.000	0.000
YDR266C	0.000	1.000	0.000	0.000
YDR268W	0.000	-1.000	0.000	0.000
YDR275W	0.000	1.000	0.000	0.000
YDR278C	0.000	1.000	0.000	0.000
YDR279W	0.000	1.000	0.000	0.000
YDR291W	0.000	1.000	0.000	0.000
YDR296W	0.000	-1.000	0.000	0.000
YDR300C	-1.000	0.000	0.000	0.000
YDR314C	0.000	1.000	0.000	0.000
YDR315C	0.000	1.000	0.000	0.000
YDR317W	0.000	1.000	0.000	0.000
YDR320C	-1.000	0.000	0.000	0.000
YDR322W	0.000	-1.000	0.000	0.000
YDR323C	-1.000	0.000	-1.000	-1.000
YDR330W	0.000	1.000	0.000	0.000
YDR337W	-1.000	0.000	0.000	0.000
YDR345C	-1.000	0.000	0.000	0.000
YDR352W	0.000	1.000	0.000	0.000
YDR374C	0.000	1.000	0.000	0.000
YDR386W	0.000	0.000	1.000	0.000
YDR387C	0.000	1.000	0.000	0.000
YDR388W	-1.000	0.000	0.000	-1.000
YDR389W	0.000	1.000	0.000	0.000
YDR392W	-1.000	-1.000	-1.000	0.000
YDR401W	0.000	1.000	0.000	0.000
YDR417C	0.000	-1.000	-1.000	0.000
YDR423C	0.000	1.000	0.000	0.000
YDR424C	0.000	0.000	0.000	-1.000
YDR426C	0.000	1.000	0.000	0.000
YDR435C	1.000	1.000	1.000	0.000
YDR439W	0.000	1.000	0.000	0.000
YDR441C	0.000	1.000	0.000	0.000
YDR443C	0.000	0.000	0.000	-1.000
YDR451C	0.000	1.000	0.000	0.000
YDR452W	0.000	1.000	0.000	0.000
YDR455C	-1.000	0.000	0.000	-1.000
YDR456W	-1.000	-1.000	0.000	-1.000
YDR466W	0.000	1.000	0.000	0.000
YDR469W	-1.000	0.000	0.000	-1.000
YDR470C	-1.000	0.000	-1.000	0.000
YDR484W	-1.000	0.000	0.000	0.000
YDR486C	0.000	0.000	0.000	-1.000
YDR490C	0.000	1.000	0.000	0.000
YDR500C	0.000	1.000	0.000	0.000
YDR507C	0.000	1.000	0.000	0.000
YDR509W	0.000	0.000	1.000	0.000
YDR511W	0.000	1.000	0.000	0.000
YDR513W	0.000	1.000	0.000	0.000
YDR514C	0.000	1.000	0.000	0.000
YDR522C	0.000	1.000	0.000	0.000
YDR532C	-1.000	-1.000	0.000	0.000
YDR536W	-1.000	-1.000	0.000	0.000
YDR539W	-1.000	0.000	0.000	0.000
YDR540C	-1.000	0.000	0.000	0.000
YEL001C	0.000	1.000	0.000	0.000
YEL011W	0.000	0.000	0.000	-1.000
YEL012W	0.000	-1.000	0.000	0.000
YEL014C	0.000	1.000	0.000	0.000
YEL015W	0.000	1.000	0.000	0.000
YEL020C	0.000	0.000	1.000	0.000
YEL023C	0.000	1.000	0.000	0.000
YEL025C	0.000	1.000	0.000	0.000
YEL029C	1.000	0.000	0.000	0.000
YEL031W	-1.000	0.000	0.000	0.000
YEL036C	-1.000	0.000	0.000	0.000
YEL045C	-1.000	0.000	-1.000	-1.000
YEL046C	-1.000	0.000	-1.000	0.000
YEL047C	0.000	1.000	0.000	0.000
YEL048C	0.000	1.000	0.000	0.000
YEL049W	0.000	1.000	0.000	0.000
YEL054C	0.000	1.000	0.000	0.000
YEL059W	0.000	1.000	0.000	0.000
YEL071W	0.000	1.000	0.000	0.000
YER004W	0.000	1.000	0.000	0.000
YER007C-A	0.000	1.000	0.000	0.000
YER014C-A	1.000	-1.000	-1.000	0.000
YER014W	-1.000	0.000	-1.000	-1.000
YER019W	-1.000	0.000	0.000	0.000
YER028C	0.000	-1.000	0.000	0.000
YER031C	-1.000	0.000	0.000	0.000
YER035W	-1.000	0.000	0.000	0.000
YER037W	-1.000	0.000	0.000	0.000
YER039C-A	0.000	0.000	-1.000	0.000
YER044C	-1.000	0.000	0.000	0.000
YER046W	-1.000	0.000	0.000	0.000
YER060W-A	-1.000	-1.000	-1.000	0.000
YER063W	-1.000	0.000	0.000	0.000
YER066W	-1.000	0.000	0.000	0.000
YER077C	0.000	0.000	0.000	-1.000
YER078C	0.000	-1.000	-1.000	-1.000
YER079W	0.000	1.000	0.000	0.000
YER084W	-1.000	0.000	0.000	-1.000
YER086W	-1.000	0.000	-1.000	-1.000
YER088C	0.000	0.000	0.000	-1.000
YER090W	0.000	0.000	-1.000	-1.000
YER091C	0.000	0.000	0.000	-1.000
YER095W	0.000	0.000	-1.000	-1.000
YER096W	0.000	0.000	0.000	-1.000
YER097W	0.000	0.000	-1.000	0.000
YER098W	0.000	0.000	-1.000	-1.000
YER101C	0.000	0.000	0.000	-1.000
YER103W	0.000	0.000	0.000	-1.000
YER106W	0.000	0.000	0.000	-1.000
YER108C	0.000	0.000	0.000	-1.000
YER109C	0.000	0.000	1.000	1.000
YER111C	0.000	-1.000	-1.000	0.000
YER113C	-1.000	0.000	0.000	-1.000
YER114C	0.000	0.000	0.000	-1.000
YER115C	0.000	0.000	0.000	-1.000
YER116C	0.000	-1.000	-1.000	-1.000
YER117W	0.000	-1.000	-1.000	-1.000
YER118C	0.000	0.000	0.000	-1.000
YER119C	0.000	0.000	0.000	-1.000
YER119C-A	-1.000	-1.000	-1.000	-1.000
YER120W	-1.000	-1.000	-1.000	-1.000
YER121W	0.000	0.000	0.000	-1.000
YER122C	-1.000	0.000	-1.000	-1.000
YER123W	0.000	0.000	0.000	-1.000
YER124C	0.000	0.000	0.000	-1.000
YER128W	0.000	0.000	-1.000	-1.000
YER129W	0.000	0.000	-1.000	-1.000
YER130C	0.000	0.000	0.000	-1.000
YER131W	0.000	0.000	0.000	-1.000
YER132C	-1.000	0.000	0.000	-1.000
YER135C	0.000	0.000	0.000	-1.000
YER137C	0.000	0.000	0.000	-1.000
YER139C	0.000	-1.000	-1.000	-1.000
YER141W	-1.000	0.000	-1.000	-1.000
YER142C	0.000	0.000	-1.000	-1.000
YER143W	0.000	0.000	-1.000	0.000
YER145C	0.000	0.000	0.000	-1.000
YER149C	0.000	0.000	0.000	-1.000
YER150W	0.000	0.000	0.000	-1.000
YER152C	0.000	0.000	-1.000	-1.000
YER154W	0.000	0.000	0.000	-1.000
YER156C	0.000	-1.000	-1.000	-1.000
YER158C	-1.000	0.000	0.000	-1.000
YER162C	0.000	0.000	-1.000	-1.000
YER163C	0.000	0.000	0.000	-1.000
YER164W	0.000	0.000	0.000	-1.000
YER166W	0.000	0.000	0.000	-1.000
YER167W	0.000	0.000	-1.000	0.000
YER169W	0.000	0.000	-1.000	-1.000
YER170W	0.000	0.000	-1.000	-1.000
YER173W	-1.000	0.000	0.000	-1.000
YER174C	0.000	0.000	0.000	-1.000
YER175C	0.000	0.000	0.000	-1.000
YER176W	0.000	0.000	0.000	-1.000
YER178W	0.000	0.000	0.000	-1.000
YER179W	-1.000	0.000	-1.000	-1.000
YER180C	0.000	0.000	0.000	-1.000
YER181C	0.000	0.000	0.000	-1.000
YER182W	0.000	0.000	0.000	-1.000
YER183C	0.000	0.000	0.000	-1.000
YER184C	0.000	0.000	0.000	-1.000
YER185W	0.000	0.000	0.000	-1.000
YER186C	0.000	0.000	0.000	-1.000
YFL001W	1.000	0.000	0.000	0.000
YFL018C	0.000	0.000	0.000	-1.000
YFL023W	-1.000	0.000	-1.000	0.000
YFL028C	0.000	1.000	0.000	0.000
YFL034C-A	0.000	-1.000	0.000	0.000
YFR010W	-1.000	0.000	0.000	0.000
YFR023W	-1.000	0.000	0.000	0.000
YFR030W	0.000	-1.000	-1.000	0.000
YFR032C	-1.000	0.000	0.000	0.000
YFR040W	0.000	-1.000	-1.000	0.000
YFR041C	-1.000	0.000	0.000	0.000
YFR043C	-1.000	0.000	0.000	0.000
YFR053C	-1.000	0.000	0.000	0.000
YFR054C	-1.000	0.000	0.000	0.000
YGL002W	-1.000	0.000	0.000	0.000
YGL010W	0.000	1.000	0.000	0.000
YGL020C	-1.000	-1.000	0.000	-1.000
YGL023C	-1.000	-1.000	-1.000	-1.000
YGL025C	0.000	-1.000	-1.000	0.000
YGL027C	0.000	1.000	0.000	0.000
YGL031C	0.000	0.000	0.000	-1.000
YGL033W	-1.000	0.000	0.000	0.000
YGL037C	0.000	1.000	0.000	0.000
YGL058W	-1.000	0.000	0.000	0.000
YGL064C	0.000	0.000	0.000	-1.000
YGL066W	-1.000	0.000	0.000	0.000
YGL070C	-1.000	0.000	0.000	0.000
YGL076C	-1.000	-1.000	0.000	0.000
YGL105W	-1.000	-1.000	-1.000	0.000
YGL107C	0.000	0.000	-1.000	0.000
YGL108C	-1.000	0.000	0.000	0.000
YGL110C	-1.000	0.000	0.000	0.000
YGL121C	-1.000	0.000	0.000	0.000
YGL126W	-1.000	-1.000	0.000	0.000
YGL127C	-1.000	-1.000	0.000	0.000
YGL129C	-1.000	0.000	0.000	0.000
YGL135W	-1.000	-1.000	0.000	0.000
YGL139W	0.000	1.000	0.000	0.000
YGL170C	-1.000	0.000	0.000	0.000
YGL173C	-1.000	0.000	-1.000	0.000
YGL197W	-1.000	0.000	-1.000	0.000
YGL199C	-1.000	0.000	0.000	0.000
YGL214W	0.000	-1.000	0.000	0.000
YGL218W	-1.000	-1.000	0.000	0.000
YGL219C	-1.000	-1.000	0.000	-1.000
YGL226W	0.000	1.000	0.000	0.000
YGL227W	-1.000	0.000	0.000	0.000
YGL230C	0.000	1.000	0.000	0.000
YGL240W	-1.000	0.000	0.000	0.000
YGL242C	0.000	1.000	0.000	0.000
YGL244W	-1.000	-1.000	-1.000	-1.000
YGL246C	-1.000	-1.000	-1.000	-1.000
YGL252C	-1.000	-1.000	-1.000	0.000
YGL254W	0.000	1.000	0.000	0.000
YGL258W	0.000	1.000	0.000	0.000
YGL259W	0.000	1.000	0.000	0.000
YGL260W	0.000	1.000	0.000	0.000
YGL263W	0.000	1.000	0.000	0.000
YGR001C	0.000	1.000	0.000	0.000
YGR003W	0.000	1.000	0.000	0.000
YGR008C	0.000	1.000	0.000	0.000
YGR011W	-1.000	0.000	0.000	0.000
YGR018C	0.000	-1.000	-1.000	0.000
YGR020C	-1.000	-1.000	-1.000	0.000
YGR021W	0.000	1.000	0.000	0.000
YGR025W	0.000	-1.000	-1.000	0.000
YGR036C	0.000	0.000	0.000	-1.000
YGR037C	0.000	1.000	0.000	0.000
YGR041W	0.000	1.000	0.000	0.000
YGR049W	0.000	0.000	-1.000	0.000
YGR050C	0.000	0.000	0.000	-1.000
YGR056W	0.000	0.000	0.000	-1.000
YGR061C	1.000	1.000	0.000	0.000
YGR063C	-1.000	-1.000	-1.000	0.000
YGR064W	-1.000	-1.000	-1.000	-1.000
YGR069W	1.000	0.000	0.000	0.000
YGR092W	-1.000	0.000	0.000	0.000
YGR096W	0.000	1.000	0.000	0.000
YGR102C	-1.000	0.000	0.000	0.000
YGR105W	-1.000	-1.000	-1.000	-1.000
YGR122W	-1.000	0.000	0.000	-1.000
YGR131W	0.000	1.000	0.000	0.000
YGR134W	0.000	0.000	-1.000	0.000
YGR144W	0.000	1.000	0.000	0.000
YGR149W	0.000	1.000	0.000	0.000
YGR150C	-1.000	0.000	0.000	0.000
YGR157W	0.000	0.000	0.000	-1.000
YGR159C	0.000	-1.000	-1.000	-1.000
YGR163W	-1.000	-1.000	-1.000	0.000
YGR165W	-1.000	-1.000	0.000	0.000
YGR171C	-1.000	-1.000	-1.000	0.000
YGR173W	0.000	1.000	0.000	0.000
YGR181W	0.000	1.000	0.000	0.000
YGR192C	0.000	1.000	0.000	0.000
YGR197C	0.000	1.000	0.000	0.000
YGR199W	0.000	1.000	0.000	0.000
YGR201C	0.000	-1.000	0.000	0.000
YGR202C	0.000	1.000	0.000	0.000
YGR208W	-1.000	0.000	0.000	0.000
YGR210C	0.000	0.000	0.000	-1.000
YGR212W	0.000	1.000	0.000	0.000
YGR213C	0.000	1.000	0.000	0.000
YGR237C	0.000	0.000	-1.000	0.000
YGR242W	0.000	0.000	-1.000	0.000
YGR244C	0.000	-1.000	-1.000	0.000
YGR249W	0.000	0.000	-1.000	0.000
YGR256W	-1.000	0.000	0.000	0.000
YGR261C	0.000	0.000	-1.000	0.000
YGR263C	0.000	0.000	-1.000	0.000
YGR269W	-1.000	-1.000	0.000	0.000
YGR270W	0.000	-1.000	-1.000	0.000
YGR271C-A	-1.000	-1.000	0.000	0.000
YGR279C	-1.000	0.000	0.000	0.000
YGR288W	0.000	0.000	-1.000	0.000
YGR290W	-1.000	0.000	0.000	0.000
YHL002W	-1.000	0.000	0.000	0.000
YHL003C	0.000	-1.000	0.000	0.000
YHL017W	0.000	1.000	0.000	0.000
YHL024W	0.000	0.000	0.000	-1.000
YHL028W	0.000	1.000	0.000	0.000
YHL031C	-1.000	0.000	0.000	0.000
YHL039W	-1.000	0.000	0.000	0.000
YHR006W	-1.000	0.000	0.000	0.000
YHR008C	1.000	0.000	0.000	0.000
YHR009C	-1.000	0.000	0.000	0.000
YHR010W	-1.000	0.000	0.000	0.000
YHR013C	0.000	-1.000	-1.000	0.000
YHR016C	-1.000	-1.000	0.000	-1.000
YHR017W	0.000	0.000	0.000	-1.000
YHR021C	0.000	-1.000	0.000	-1.000
YHR025W	0.000	0.000	-1.000	0.000
YHR028C	0.000	1.000	0.000	0.000
YHR032W	0.000	0.000	0.000	-1.000
YHR034C	0.000	0.000	-1.000	-1.000
YHR037W	0.000	1.000	0.000	0.000
YHR039C	0.000	1.000	0.000	0.000
YHR039C-A	0.000	0.000	-1.000	0.000
YHR041C	1.000	-1.000	-1.000	-1.000
YHR045W	0.000	0.000	0.000	-1.000
YHR057C	-1.000	0.000	0.000	0.000
YHR060W	0.000	-1.000	0.000	-1.000
YHR064C	0.000	0.000	-1.000	0.000
YHR067W	1.000	0.000	0.000	0.000
YHR078W	-1.000	0.000	0.000	0.000
YHR079C	-1.000	0.000	0.000	0.000
YHR079C-A	0.000	0.000	-1.000	-1.000
YHR080C	-1.000	0.000	0.000	0.000
YHR082C	-1.000	1.000	0.000	0.000
YHR093W	-1.000	0.000	0.000	0.000
YHR095W	0.000	0.000	0.000	1.000
YHR106W	-1.000	0.000	0.000	0.000
YHR108W	0.000	0.000	1.000	0.000
YHR117W	-1.000	-1.000	0.000	0.000
YHR126C	-1.000	0.000	0.000	0.000
YHR127W	-1.000	-1.000	0.000	0.000
YHR130C	0.000	-1.000	0.000	0.000
YHR138C	-1.000	0.000	0.000	0.000
YHR140W	0.000	0.000	-1.000	-1.000
YHR158C	-1.000	0.000	0.000	1.000
YHR159W	-1.000	0.000	0.000	0.000
YHR161C	-1.000	0.000	0.000	0.000
YHR162W	0.000	0.000	-1.000	-1.000
YHR168W	0.000	0.000	0.000	-1.000
YHR183W	0.000	-1.000	0.000	0.000
YHR184W	-1.000	0.000	0.000	0.000
YHR185C	0.000	0.000	-1.000	0.000
YHR199C	-1.000	0.000	0.000	0.000
YIL002C	-1.000	-1.000	0.000	0.000
YIL007C	0.000	-1.000	0.000	0.000
YIL010W	-1.000	0.000	0.000	0.000
YIL011W	0.000	0.000	1.000	0.000
YIL012W	0.000	-1.000	-1.000	-1.000
YIL015W	-1.000	0.000	0.000	0.000
YIL018W	-1.000	-1.000	0.000	0.000
YIL027C	-1.000	0.000	0.000	0.000
YIL028W	0.000	-1.000	0.000	0.000
YIL032C	0.000	0.000	1.000	0.000
YIL035C	0.000	0.000	1.000	0.000
YIL038C	-1.000	0.000	0.000	0.000
YIL041W	0.000	-1.000	0.000	0.000
YIL045W	0.000	0.000	1.000	0.000
YIL047C	-1.000	0.000	0.000	0.000
YIL050W	-1.000	-1.000	0.000	0.000
YIL052C	-1.000	-1.000	0.000	0.000
YIL059C	-1.000	0.000	0.000	0.000
YIL070C	-1.000	0.000	0.000	0.000
YIL071C	-1.000	0.000	0.000	0.000
YIL073C	-1.000	-1.000	0.000	-1.000
YIL079C	0.000	0.000	1.000	0.000
YIL086C	-1.000	0.000	0.000	0.000
YIL088C	-1.000	0.000	0.000	0.000
YIL093C	0.000	0.000	0.000	1.000
YIL096C	-1.000	-1.000	0.000	0.000
YIL122W	0.000	-1.000	0.000	0.000
YIL128W	-1.000	-1.000	0.000	0.000
YIL131C	0.000	1.000	0.000	0.000
YIL145C	0.000	-1.000	0.000	0.000
YIR005W	-1.000	0.000	0.000	0.000
YIR016W	0.000	-1.000	-1.000	0.000
YIR017C	-1.000	-1.000	-1.000	0.000
YIR026C	0.000	-1.000	-1.000	-1.000
YIR029W	-1.000	-1.000	0.000	0.000
YIR033W	0.000	0.000	-1.000	0.000
YIR039C	0.000	-1.000	-1.000	0.000
YIR042C	-1.000	0.000	-1.000	0.000
YJL004C	0.000	-1.000	0.000	0.000
YJL006C	0.000	-1.000	0.000	0.000
YJL007C	0.000	-1.000	-1.000	0.000
YJL012C	0.000	-1.000	-1.000	0.000
YJL016W	-1.000	0.000	0.000	0.000
YJL020C	-1.000	0.000	0.000	0.000
YJL022W	-1.000	0.000	0.000	0.000
YJL023C	-1.000	0.000	0.000	0.000
YJL024C	0.000	-1.000	0.000	0.000
YJL027C	-1.000	0.000	0.000	0.000
YJL028W	-1.000	0.000	0.000	0.000
YJL036W	0.000	0.000	0.000	1.000
YJL042W	0.000	0.000	0.000	-1.000
YJL056C	-1.000	0.000	0.000	0.000
YJL127C	-1.000	-1.000	0.000	0.000
YJL129C	-1.000	-1.000	-1.000	0.000
YJL135W	0.000	0.000	1.000	1.000
YJL140W	0.000	0.000	-1.000	0.000
YJL153C	-1.000	-1.000	-1.000	0.000
YJL166W	0.000	-1.000	0.000	0.000
YJL179W	0.000	-1.000	0.000	0.000
YJL188C	-1.000	-1.000	-1.000	-1.000
YJL189W	-1.000	-1.000	-1.000	-1.000
YJL199C	0.000	0.000	0.000	1.000
YJL212C	0.000	-1.000	0.000	0.000
YJR004C	1.000	0.000	0.000	0.000
YJR005W	-1.000	0.000	0.000	0.000
YJR008W	-1.000	0.000	0.000	0.000
YJR009C	-1.000	0.000	0.000	0.000
YJR010W	-1.000	-1.000	-1.000	0.000
YJR018W	0.000	-1.000	0.000	0.000
YJR019C	1.000	0.000	0.000	0.000
YJR021C	1.000	0.000	0.000	0.000
YJR025C	1.000	0.000	0.000	0.000
YJR026W	0.000	0.000	-1.000	0.000
YJR030C	0.000	-1.000	-1.000	0.000
YJR032W	0.000	0.000	-1.000	0.000
YJR033C	1.000	0.000	-1.000	0.000
YJR034W	1.000	0.000	0.000	0.000
YJR035W	1.000	0.000	0.000	0.000
YJR036C	1.000	0.000	0.000	0.000
YJR037W	1.000	0.000	0.000	0.000
YJR040W	-1.000	0.000	0.000	0.000
YJR043C	0.000	0.000	-1.000	0.000
YJR044C	0.000	0.000	-1.000	-1.000
YJR048W	1.000	0.000	0.000	0.000
YJR051W	-1.000	0.000	0.000	0.000
YJR055W	-1.000	-1.000	-1.000	0.000
YJR059W	1.000	0.000	0.000	-1.000
YJR060W	-1.000	0.000	0.000	-1.000
YJR061W	0.000	0.000	0.000	-1.000
YJR062C	1.000	0.000	0.000	-1.000
YJR066W	0.000	-1.000	0.000	0.000
YJR070C	-1.000	0.000	0.000	0.000
YJR077C	1.000	0.000	0.000	0.000
YJR084W	-1.000	0.000	0.000	0.000
YJR087W	-1.000	-1.000	0.000	0.000
YJR098C	-1.000	0.000	0.000	0.000
YJR099W	-1.000	-1.000	-1.000	0.000
YJR100C	0.000	-1.000	-1.000	0.000
YJR102C	0.000	-1.000	0.000	0.000
YJR105W	-1.000	-1.000	0.000	0.000
YJR109C	1.000	0.000	-1.000	-1.000
YJR113C	1.000	-1.000	-1.000	0.000
YJR117W	0.000	0.000	-1.000	0.000
YJR118C	1.000	0.000	0.000	0.000
YJR119C	-1.000	0.000	0.000	0.000
YJR133W	1.000	0.000	0.000	0.000
YJR137C	-1.000	0.000	-1.000	-1.000
YJR140C	1.000	0.000	0.000	0.000
YJR142W	0.000	-1.000	-1.000	0.000
YJR144W	0.000	-1.000	0.000	0.000
YJR145C	1.000	0.000	0.000	0.000
YJR152W	0.000	0.000	1.000	0.000
YJR153W	1.000	0.000	-1.000	0.000
YKL001C	0.000	-1.000	-1.000	-1.000
YKL002W	0.000	-1.000	0.000	0.000
YKL011C	0.000	-1.000	0.000	0.000
YKL015W	-1.000	0.000	0.000	0.000
YKL040C	0.000	-1.000	0.000	0.000
YKL044W	0.000	0.000	0.000	1.000
YKL046C	1.000	0.000	0.000	0.000
YKL048C	-1.000	0.000	0.000	0.000
YKL056C	0.000	0.000	0.000	1.000
YKL065C	0.000	-1.000	0.000	0.000
YKL077W	0.000	1.000	0.000	1.000
YKL080W	0.000	-1.000	-1.000	0.000
YKL084W	0.000	0.000	1.000	0.000
YKL098W	-1.000	0.000	0.000	0.000
YKL107W	-1.000	0.000	0.000	0.000
YKL119C	0.000	-1.000	0.000	0.000
YKL131W	-1.000	0.000	0.000	0.000
YKL134C	-1.000	0.000	0.000	0.000
YKL139W	-1.000	-1.000	-1.000	-1.000
YKL143W	0.000	-1.000	0.000	0.000
YKL151C	0.000	0.000	0.000	1.000
YKL166C	0.000	-1.000	0.000	0.000
YKL176C	-1.000	0.000	0.000	0.000
YKL177W	-1.000	0.000	0.000	0.000
YKL178C	-1.000	0.000	0.000	0.000
YKL184W	-1.000	0.000	0.000	0.000
YKL204W	-1.000	-1.000	-1.000	0.000
YKL212W	-1.000	0.000	0.000	0.000
YKL214C	-1.000	0.000	0.000	0.000
YKR028W	1.000	1.000	0.000	0.000
YKR035W-A	0.000	0.000	-1.000	-1.000
YKR069W	0.000	-1.000	-1.000	0.000
YKR070W	-1.000	0.000	-1.000	-1.000
YKR074W	0.000	0.000	-1.000	0.000
YKR076W	0.000	0.000	-1.000	0.000
YKR082W	0.000	0.000	-1.000	0.000
YKR084C	0.000	-1.000	0.000	0.000
YKR093W	0.000	0.000	-1.000	-1.000
YKR101W	0.000	-1.000	-1.000	0.000
YLL007C	1.000	0.000	0.000	0.000
YLL013C	0.000	0.000	1.000	0.000
YLL023C	0.000	-1.000	0.000	0.000
YLL026W	-1.000	0.000	0.000	0.000
YLL033W	-1.000	-1.000	0.000	0.000
YLL039C	0.000	-1.000	0.000	0.000
YLL059C	0.000	0.000	0.000	-1.000
YLR006C	0.000	-1.000	0.000	0.000
YLR016C	-1.000	0.000	0.000	0.000
YLR025W	-1.000	-1.000	0.000	-1.000
YLR030W	0.000	0.000	-1.000	-1.000
YLR031W	0.000	0.000	0.000	-1.000
YLR032W	-1.000	-1.000	-1.000	-1.000
YLR035C	0.000	0.000	0.000	-1.000
YLR040C	0.000	0.000	0.000	-1.000
YLR041W	0.000	0.000	0.000	-1.000
YLR050C	0.000	0.000	-1.000	0.000
YLR052W	-1.000	0.000	-1.000	-1.000
YLR062C	0.000	-1.000	0.000	0.000
YLR074C	-1.000	-1.000	0.000	0.000
YLR125W	-1.000	0.000	0.000	0.000
YLR192C	0.000	0.000	-1.000	0.000
YLR216C	1.000	0.000	0.000	0.000
YLR217W	1.000	0.000	0.000	0.000
YLR237W	0.000	0.000	-1.000	0.000
YLR239C	-1.000	0.000	0.000	0.000
YLR244C	-1.000	0.000	-1.000	0.000
YLR246W	-1.000	0.000	0.000	0.000
YLR261C	0.000	-1.000	0.000	0.000
YLR262C	0.000	-1.000	0.000	0.000
YLR262C-A	-1.000	-1.000	-1.000	0.000
YLR263W	-1.000	0.000	0.000	0.000
YLR265C	1.000	0.000	0.000	0.000
YLR268W	-1.000	-1.000	0.000	0.000
YLR287C	-1.000	0.000	0.000	0.000
YLR304C	-1.000	0.000	-1.000	0.000
YLR308W	-1.000	-1.000	0.000	0.000
YLR312W-A	0.000	-1.000	0.000	0.000
YLR334C	-1.000	0.000	0.000	0.000
YLR337C	0.000	-1.000	0.000	0.000
YLR338W	0.000	-1.000	0.000	0.000
YLR343W	0.000	-1.000	-1.000	0.000
YLR362W	0.000	0.000	0.000	-1.000
YLR370C	1.000	-1.000	-1.000	0.000
YLR372W	0.000	-1.000	0.000	0.000
YLR382C	1.000	0.000	0.000	0.000
YLR403W	-1.000	-1.000	0.000	0.000
YLR417W	0.000	-1.000	0.000	0.000
YLR421C	0.000	0.000	1.000	0.000
YLR425W	0.000	0.000	-1.000	0.000
YLR428C	0.000	0.000	-1.000	0.000
YLR433C	0.000	-1.000	0.000	-1.000
YLR435W	-1.000	0.000	-1.000	0.000
YLR436C	0.000	0.000	-1.000	0.000
YLR441C	0.000	0.000	-1.000	0.000
YLR443W	-1.000	0.000	0.000	0.000
YLR446W	-1.000	-1.000	-1.000	0.000
YLR450W	0.000	0.000	-1.000	0.000
YLR451W	0.000	-1.000	0.000	0.000
YLR452C	0.000	0.000	-1.000	0.000
YLR453C	0.000	0.000	-1.000	0.000
YLR460C	0.000	0.000	-1.000	0.000
YML006C	0.000	-1.000	0.000	0.000
YML008C	0.000	-1.000	0.000	0.000
YML011C	0.000	0.000	1.000	0.000
YML013W	0.000	-1.000	0.000	0.000
YML020W	-1.000	0.000	0.000	0.000
YML021C	0.000	0.000	-1.000	0.000
YML026C	0.000	0.000	0.000	-1.000
YML027W	1.000	0.000	0.000	0.000
YML036W	1.000	0.000	0.000	0.000
YML042W	0.000	0.000	-1.000	0.000
YML047C	0.000	0.000	-1.000	-1.000
YML062C	0.000	1.000	0.000	0.000
YML068W	1.000	0.000	0.000	0.000
YML074C	0.000	0.000	0.000	-1.000
YML076C	1.000	0.000	0.000	0.000
YML090W	0.000	0.000	0.000	-1.000
YML094W	0.000	-1.000	-1.000	0.000
YML095C	-1.000	0.000	0.000	-1.000
YML096W	-1.000	0.000	0.000	0.000
YML099C	0.000	0.000	-1.000	-1.000
YML101C	0.000	0.000	-1.000	-1.000
YML103C	0.000	0.000	0.000	-1.000
YML104C	0.000	0.000	0.000	-1.000
YML106W	0.000	0.000	0.000	-1.000
YML107C	0.000	0.000	0.000	-1.000
YML110C	0.000	0.000	0.000	-1.000
YML111W	0.000	0.000	-1.000	-1.000
YML112W	-1.000	-1.000	-1.000	-1.000
YML113W	0.000	0.000	0.000	-1.000
YML116W	0.000	-1.000	0.000	0.000
YML117W	0.000	0.000	0.000	-1.000
YML119W	0.000	0.000	0.000	-1.000
YML120C	0.000	0.000	-1.000	-1.000
YML121W	0.000	-1.000	-1.000	-1.000
YML122C	0.000	-1.000	-1.000	-1.000
YML123C	0.000	0.000	0.000	-1.000
YML124C	0.000	0.000	0.000	-1.000
YMR004W	0.000	0.000	-1.000	0.000
YMR014W	0.000	0.000	0.000	1.000
YMR018W	0.000	0.000	0.000	1.000
YMR041C	1.000	0.000	0.000	0.000
YMR052C-A	0.000	0.000	-1.000	-1.000
YMR052W	0.000	0.000	0.000	-1.000
YMR053C	0.000	0.000	0.000	-1.000
YMR054W	0.000	0.000	-1.000	-1.000
YMR055C	0.000	0.000	0.000	-1.000
YMR056C	0.000	0.000	0.000	-1.000
YMR057C	0.000	0.000	-1.000	-1.000
YMR058W	0.000	0.000	-1.000	-1.000
YMR062C	0.000	-1.000	-1.000	-1.000
YMR063W	0.000	0.000	0.000	-1.000
YMR064W	0.000	0.000	0.000	-1.000
YMR065W	0.000	0.000	-1.000	0.000
YMR066W	0.000	0.000	0.000	-1.000
YMR067C	0.000	-1.000	-1.000	-1.000
YMR068W	0.000	0.000	0.000	-1.000
YMR069W	0.000	0.000	0.000	-1.000
YMR070W	0.000	1.000	1.000	1.000
YMR072W	0.000	0.000	0.000	-1.000
YMR073C	0.000	0.000	0.000	-1.000
YMR075W	0.000	0.000	0.000	-1.000
YMR077C	0.000	0.000	-1.000	0.000
YMR078C	0.000	0.000	-1.000	-1.000
YMR080C	0.000	0.000	0.000	-1.000
YMR081C	-1.000	0.000	-1.000	-1.000
YMR082C	-1.000	0.000	0.000	-1.000
YMR083W	0.000	-1.000	-1.000	-1.000
YMR084W	0.000	0.000	0.000	-1.000
YMR085W	-1.000	0.000	-1.000	-1.000
YMR086W	0.000	0.000	0.000	-1.000
YMR087W	0.000	0.000	-1.000	-1.000
YMR088C	0.000	0.000	-1.000	0.000
YMR089C	0.000	0.000	-1.000	0.000
YMR090W	0.000	0.000	0.000	-1.000
YMR092C	-1.000	0.000	-1.000	-1.000
YMR095C	0.000	0.000	-1.000	-1.000
YMR096W	0.000	0.000	-1.000	-1.000
YMR097C	0.000	0.000	0.000	-1.000
YMR098C	-1.000	0.000	0.000	-1.000
YMR099C	-1.000	-1.000	-1.000	-1.000
YMR100W	0.000	0.000	-1.000	0.000
YMR101C	0.000	0.000	0.000	-1.000
YMR102C	0.000	0.000	0.000	-1.000
YMR103C	0.000	0.000	0.000	-1.000
YMR105C	0.000	0.000	-1.000	-1.000
YMR106C	0.000	0.000	0.000	-1.000
YMR107W	0.000	0.000	-1.000	-1.000
YMR109W	0.000	0.000	-1.000	-1.000
YMR111C	-1.000	0.000	0.000	0.000
YMR114C	0.000	0.000	0.000	-1.000
YMR115W	0.000	0.000	0.000	-1.000
YMR119W-A	0.000	0.000	0.000	-1.000
YMR120C	0.000	0.000	0.000	-1.000
YMR122C	-1.000	0.000	0.000	-1.000
YMR123W	0.000	0.000	-1.000	-1.000
YMR125W	0.000	-1.000	-1.000	0.000
YMR126C	0.000	0.000	-1.000	-1.000
YMR127C	0.000	0.000	0.000	-1.000
YMR129W	0.000	0.000	0.000	-1.000
YMR130W	0.000	0.000	-1.000	-1.000
YMR132C	-1.000	0.000	0.000	-1.000
YMR133W	0.000	0.000	0.000	-1.000
YMR136W	-1.000	0.000	0.000	0.000
YMR137C	-1.000	-1.000	-1.000	0.000
YMR138W	0.000	-1.000	-1.000	0.000
YMR142C	0.000	-1.000	0.000	0.000
YMR144W	0.000	0.000	1.000	0.000
YMR145C	0.000	0.000	1.000	0.000
YMR147W	0.000	0.000	1.000	0.000
YMR148W	0.000	0.000	1.000	0.000
YMR152W	0.000	0.000	1.000	0.000
YMR153W	-1.000	0.000	0.000	0.000
YMR154C	1.000	0.000	0.000	0.000
YMR158W	0.000	-1.000	0.000	-1.000
YMR162C	0.000	1.000	0.000	0.000
YMR169C	0.000	0.000	-1.000	0.000
YMR171C	0.000	0.000	-1.000	-1.000
YMR172W	-1.000	0.000	0.000	0.000
YMR173W	1.000	0.000	0.000	0.000
YMR174C	0.000	0.000	-1.000	0.000
YMR181C	0.000	0.000	0.000	-1.000
YMR193W	-1.000	0.000	0.000	0.000
YMR198W	0.000	0.000	-1.000	0.000
YMR202W	0.000	-1.000	0.000	0.000
YMR205C	-1.000	0.000	0.000	0.000
YMR209C	0.000	0.000	0.000	-1.000
YMR230W	0.000	-1.000	0.000	0.000
YMR238W	0.000	0.000	1.000	0.000
YMR244W	-1.000	0.000	0.000	0.000
YMR250W	0.000	0.000	1.000	0.000
YMR252C	0.000	0.000	1.000	0.000
YMR254C	-1.000	0.000	0.000	0.000
YMR266W	-1.000	0.000	0.000	0.000
YMR279C	0.000	0.000	0.000	-1.000
YMR286W	0.000	-1.000	0.000	0.000
YMR300C	0.000	0.000	1.000	1.000
YMR306W	0.000	0.000	0.000	-1.000
YMR310C	-1.000	0.000	0.000	0.000
YMR311C	0.000	0.000	-1.000	-1.000
YMR312W	0.000	-1.000	-1.000	-1.000
YMR315W	0.000	0.000	0.000	-1.000
YMR316C-A	0.000	0.000	0.000	-1.000
YMR316C-B	0.000	0.000	0.000	-1.000
YMR316W	0.000	0.000	0.000	-1.000
YMR317W	0.000	0.000	0.000	-1.000
YMR318C	0.000	0.000	0.000	-1.000
YMR319C	0.000	0.000	0.000	-1.000
YMR320W	0.000	0.000	0.000	-1.000
YNL013C	1.000	0.000	0.000	0.000
YNL015W	1.000	0.000	0.000	0.000
YNL028W	1.000	0.000	0.000	0.000
YNL037C	-1.000	0.000	0.000	0.000
YNL055C	-1.000	0.000	-1.000	0.000
YNL064C	0.000	-1.000	0.000	0.000
YNL074C	-1.000	0.000	0.000	0.000
YNL076W	-1.000	0.000	-1.000	0.000
YNL081C	0.000	-1.000	0.000	0.000
YNL084C	0.000	-1.000	0.000	0.000
YNL104C	-1.000	-1.000	-1.000	0.000
YNL107W	-1.000	-1.000	-1.000	0.000
YNL119W	0.000	-1.000	-1.000	-1.000
YNL120C	0.000	-1.000	-1.000	0.000
YNL121C	0.000	-1.000	0.000	0.000
YNL134C	1.000	0.000	0.000	0.000
YNL160W	-1.000	0.000	0.000	0.000
YNL165W	1.000	0.000	0.000	0.000
YNL167C	1.000	0.000	0.000	0.000
YNL170W	1.000	0.000	0.000	0.000
YNL171C	0.000	-1.000	0.000	0.000
YNL193W	1.000	0.000	0.000	0.000
YNL208W	-1.000	0.000	0.000	0.000
YNL213C	0.000	-1.000	0.000	0.000
YNL218W	1.000	-1.000	-1.000	0.000
YNL219C	1.000	0.000	0.000	0.000
YNL225C	0.000	-1.000	0.000	0.000
YNL226W	0.000	-1.000	0.000	0.000
YNL230C	1.000	0.000	0.000	0.000
YNL231C	1.000	0.000	0.000	0.000
YNL236W	-1.000	0.000	0.000	0.000
YNL248C	0.000	-1.000	0.000	0.000
YNL250W	0.000	0.000	-1.000	-1.000
YNL252C	0.000	0.000	-1.000	-1.000
YNL257C	0.000	-1.000	0.000	0.000
YNL265C	-1.000	0.000	0.000	0.000
YNL270C	0.000	0.000	1.000	0.000
YNL278W	1.000	0.000	0.000	0.000
YNL279W	0.000	0.000	0.000	-1.000
YNL293W	0.000	0.000	1.000	0.000
YNL297C	0.000	-1.000	0.000	0.000
YNL300W	0.000	0.000	0.000	-1.000
YNL304W	-1.000	0.000	0.000	0.000
YNL309W	1.000	0.000	0.000	0.000
YNL316C	0.000	0.000	0.000	-1.000
YNL320W	1.000	0.000	0.000	0.000
YNL323W	1.000	0.000	0.000	0.000
YNL328C	-1.000	0.000	0.000	0.000
YNL335W	1.000	0.000	0.000	0.000
YNL338W	1.000	0.000	0.000	0.000
YNR006W	0.000	-1.000	0.000	0.000
YNR037C	-1.000	0.000	0.000	0.000
YNR047W	0.000	0.000	1.000	0.000
YNR048W	-1.000	0.000	0.000	0.000
YNR056C	0.000	0.000	-1.000	0.000
YNR057C	0.000	-1.000	0.000	0.000
YNR059W	0.000	0.000	-1.000	0.000
YNR060W	0.000	0.000	-1.000	0.000
YNR061C	0.000	0.000	-1.000	0.000
YNR067C	0.000	0.000	-1.000	0.000
YNR070W	-1.000	0.000	0.000	0.000
YNR071C	0.000	0.000	0.000	-1.000
YNR072W	0.000	0.000	-1.000	-1.000
YNR073C	-1.000	-1.000	-1.000	-1.000
YNR075W	0.000	-1.000	-1.000	-1.000
YOL009C	1.000	0.000	0.000	0.000
YOL011W	1.000	0.000	0.000	0.000
YOL013W-B	0.000	0.000	-1.000	-1.000
YOL016C	0.000	0.000	0.000	-1.000
YOL024W	1.000	0.000	0.000	0.000
YOL029C	1.000	0.000	0.000	0.000
YOL033W	0.000	-1.000	0.000	0.000
YOL036W	1.000	0.000	0.000	0.000
YOL037C	1.000	0.000	0.000	0.000
YOL046C	1.000	0.000	0.000	0.000
YOL047C	1.000	0.000	0.000	0.000
YOL048C	1.000	0.000	0.000	0.000
YOL049W	0.000	-1.000	0.000	0.000
YOL050C	1.000	0.000	0.000	0.000
YOL052C	0.000	-1.000	0.000	0.000
YOL057W	1.000	0.000	0.000	0.000
YOL068C	1.000	0.000	0.000	0.000
YOL071W	1.000	0.000	0.000	0.000
YOL072W	-1.000	-1.000	0.000	0.000
YOL082W	1.000	0.000	0.000	0.000
YOL083W	1.000	0.000	0.000	0.000
YOL084W	1.000	0.000	0.000	0.000
YOL085C	1.000	0.000	0.000	0.000
YOL087C	0.000	-1.000	-1.000	-1.000
YOL088C	-1.000	0.000	0.000	-1.000
YOL089C	0.000	0.000	0.000	-1.000
YOL090W	0.000	-1.000	-1.000	0.000
YOL091W	0.000	0.000	-1.000	-1.000
YOL092W	0.000	0.000	0.000	-1.000
YOL093W	0.000	-1.000	-1.000	-1.000
YOL095C	0.000	-1.000	0.000	-1.000
YOL096C	0.000	0.000	0.000	-1.000
YOL098C	0.000	0.000	-1.000	-1.000
YOL099C	0.000	0.000	-1.000	-1.000
YOL100W	0.000	0.000	0.000	-1.000
YOL101C	-1.000	0.000	-1.000	-1.000
YOL103W	0.000	0.000	0.000	-1.000
YOL104C	0.000	0.000	0.000	-1.000
YOL105C	-1.000	-1.000	-1.000	-1.000
YOL106W	0.000	0.000	-1.000	-1.000
YOL107W	0.000	0.000	0.000	-1.000
YOL108C	-1.000	0.000	0.000	0.000
YOL109W	0.000	0.000	-1.000	-1.000
YOL110W	0.000	0.000	-1.000	0.000
YOL111C	0.000	-1.000	-1.000	-1.000
YOL112W	0.000	0.000	0.000	-1.000
YOL113W	-1.000	0.000	0.000	0.000
YOL115W	-1.000	0.000	0.000	0.000
YOL116W	0.000	0.000	-1.000	0.000
YOL117W	0.000	0.000	0.000	-1.000
YOL119C	0.000	0.000	-1.000	-1.000
YOL121C	0.000	0.000	-1.000	-1.000
YOL124C	0.000	0.000	0.000	-1.000
YOL126C	-1.000	0.000	0.000	-1.000
YOL128C	0.000	0.000	0.000	-1.000
YOL131W	0.000	0.000	0.000	-1.000
YOL136C	0.000	0.000	0.000	-1.000
YOL137W	0.000	0.000	0.000	-1.000
YOL138C	-1.000	0.000	0.000	-1.000
YOL141W	1.000	0.000	-1.000	0.000
YOL150C	-1.000	0.000	0.000	0.000
YOL152W	-1.000	0.000	0.000	0.000
YOL159C	1.000	0.000	0.000	0.000
YOL160W	0.000	0.000	-1.000	0.000
YOL162W	0.000	0.000	-1.000	0.000
YOR008C-A	-1.000	0.000	0.000	0.000
YOR036W	-1.000	-1.000	0.000	0.000
YOR038C	0.000	-1.000	0.000	0.000
YOR039W	0.000	0.000	1.000	0.000
YOR054C	0.000	0.000	1.000	0.000
YOR085W	0.000	0.000	1.000	0.000
YOR096W	0.000	0.000	-1.000	-1.000
YOR123C	0.000	-1.000	0.000	0.000
YOR128C	-1.000	-1.000	0.000	0.000
YOR135C	-1.000	0.000	0.000	0.000
YOR136W	-1.000	0.000	0.000	0.000
YOR140W	-1.000	0.000	0.000	0.000
YOR141C	-1.000	0.000	0.000	0.000
YOR147W	0.000	-1.000	0.000	0.000
YOR158W	0.000	-1.000	0.000	0.000
YOR175C	1.000	0.000	0.000	0.000
YOR179C	-1.000	0.000	0.000	0.000
YOR184W	-1.000	0.000	0.000	0.000
YOR196C	0.000	-1.000	0.000	0.000
YOR211C	0.000	-1.000	0.000	0.000
YOR216C	0.000	-1.000	0.000	0.000
YOR221C	0.000	-1.000	0.000	0.000
YOR241W	-1.000	0.000	0.000	0.000
YOR258W	1.000	-1.000	0.000	0.000
YOR270C	-1.000	-1.000	-1.000	-1.000
YOR299W	0.000	-1.000	0.000	0.000
YOR306C	0.000	0.000	0.000	-1.000
YOR317W	0.000	0.000	-1.000	-1.000
YOR330C	-1.000	-1.000	0.000	0.000
YOR332W	-1.000	-1.000	0.000	0.000
YOR337W	1.000	0.000	0.000	0.000
YOR359W	1.000	0.000	1.000	0.000
YOR360C	-1.000	-1.000	0.000	0.000
YOR364W	0.000	-1.000	-1.000	0.000
YPL002C	0.000	-1.000	0.000	-1.000
YPL003W	1.000	0.000	0.000	0.000
YPL006W	-1.000	-1.000	0.000	0.000
YPL009C	1.000	0.000	0.000	0.000
YPL025C	1.000	0.000	0.000	0.000
YPL031C	-1.000	0.000	0.000	0.000
YPL033C	1.000	0.000	0.000	0.000
YPL035C	1.000	0.000	0.000	0.000
YPL046C	1.000	0.000	0.000	0.000
YPL055C	-1.000	0.000	0.000	0.000
YPL057C	0.000	-1.000	0.000	0.000
YPL058C	1.000	0.000	0.000	0.000
YPL059W	-1.000	0.000	0.000	0.000
YPL065W	-1.000	-1.000	0.000	0.000
YPL066W	1.000	0.000	0.000	0.000
YPL069C	1.000	0.000	0.000	0.000
YPL070W	1.000	0.000	0.000	0.000
YPL073C	1.000	0.000	0.000	0.000
YPL080C	1.000	0.000	0.000	0.000
YPL086C	0.000	0.000	1.000	0.000
YPL096W	1.000	0.000	0.000	0.000
YPL098C	1.000	0.000	0.000	0.000
YPL104W	-1.000	0.000	0.000	0.000
YPL105C	1.000	0.000	0.000	0.000
YPL107W	1.000	0.000	0.000	0.000
YPL108W	1.000	0.000	0.000	0.000
YPL113C	1.000	0.000	0.000	0.000
YPL114W	1.000	0.000	0.000	0.000
YPL132W	0.000	0.000	0.000	-1.000
YPL134C	0.000	0.000	0.000	-1.000
YPL141C	1.000	0.000	0.000	0.000
YPL148C	1.000	-1.000	0.000	0.000
YPL162C	1.000	0.000	0.000	0.000
YPL165C	1.000	0.000	0.000	0.000
YPL176C	1.000	0.000	0.000	0.000
YPL177C	1.000	0.000	0.000	0.000
YPL179W	-1.000	-1.000	1.000	0.000
YPL189W	1.000	0.000	0.000	0.000
YPL191C	1.000	0.000	0.000	0.000
YPL193W	0.000	-1.000	0.000	0.000
YPL198W	1.000	0.000	0.000	0.000
YPL201C	1.000	0.000	0.000	0.000
YPL203W	1.000	0.000	0.000	0.000
YPL205C	1.000	0.000	0.000	0.000
YPL212C	0.000	-1.000	0.000	0.000
YPL216W	1.000	0.000	0.000	0.000
YPL224C	-1.000	0.000	0.000	0.000
YPL225W	1.000	0.000	0.000	0.000
YPL227C	1.000	0.000	0.000	0.000
YPL234C	-1.000	0.000	-1.000	0.000
YPL250C	1.000	0.000	0.000	0.000
YPL256C	1.000	0.000	0.000	0.000
YPL258C	1.000	0.000	0.000	0.000
YPL268W	-1.000	-1.000	-1.000	0.000
YPL274W	1.000	0.000	0.000	0.000
YPR002W	1.000	0.000	0.000	0.000
YPR003C	1.000	0.000	0.000	0.000
YPR004C	1.000	0.000	0.000	0.000
YPR005C	1.000	0.000	0.000	0.000
YPR024W	0.000	-1.000	0.000	0.000
YPR036W	-1.000	-1.000	0.000	0.000
YPR044C	0.000	-1.000	0.000	0.000
YPR045C	0.000	-1.000	0.000	0.000
YPR047W	-1.000	0.000	0.000	0.000
YPR060C	0.000	-1.000	0.000	0.000
YPR089W	1.000	0.000	0.000	0.000
YPR098C	1.000	0.000	0.000	0.000
YPR115W	0.000	-1.000	0.000	0.000
YPR116W	-1.000	-1.000	0.000	0.000
YPR131C	0.000	-1.000	0.000	0.000
YPR133W-A	1.000	0.000	0.000	0.000
YPR157W	1.000	0.000	0.000	0.000
YPR159W	0.000	-1.000	0.000	0.000
YPR167C	-1.000	-1.000	0.000	0.000
YPR172W	1.000	0.000	0.000	0.000
YPR173C	-1.000	-1.000	0.000	0.000
YPR188C	1.000	0.000	0.000	0.000
YPR198W	1.000	0.000	0.000	0.000
YPR201W	0.000	-1.000	-1.000	0.000