orf	hom | growth (spot assay) | cumene hydroperoxide [0.035-0.11 mM] | SC | Thorpe GW~Dawes IW, 2004	hom | growth (spot assay) | diamide | SC | Thorpe GW~Dawes IW, 2004	hom | growth (spot assay) | hydrogen peroxide [0.75-1.6 mM] | SC | Thorpe GW~Dawes IW, 2004	hom | growth (spot assay) | linoleic acid hydroperoxide [0.045-0.08 mM] | SC | Thorpe GW~Dawes IW, 2004	hom | growth (spot assay) | menadione [0.5-1.2 mM] | SC | Thorpe GW~Dawes IW, 2004
YAL002W	0.0	-3.328420006692352	-1.0213082703655076	0.0	0.0
YAL009W	0.0	-3.328420006692352	-1.0213082703655076	-1.1417333408271362	0.0
YAL011W	0.0	0.01124466218477178	-0.030038478540162818	0.0	-2.1847864713664444
YAL013W	0.0	-3.328420006692352	-0.030038478540162818	-1.1417333408271362	0.0
YAL021C	0.0	-3.328420006692352	-0.030038478540162818	0.0	0.0
YAL022C	0.0	0.01124466218477178	-0.030038478540162818	0.0	-2.1847864713664444
YAL026C	0.0	-4.441641562984726	-1.0213082703655076	0.0	0.0
YAR002W	-1.3280792850420304	-4.441641562984726	-1.0213082703655076	-1.1417333408271362	0.0
YAR003W	0.0	1.1244662184771463	-1.0213082703655076	0.0	0.0
YBL007C	0.0	0.01124466218477178	-5.977657229492232	0.0	0.0
YBL027W	0.0	-4.441641562984726	-0.030038478540162818	0.0	0.0
YBL038W	0.0	0.01124466218477178	-5.977657229492232	0.0	0.0
YBL045C	0.0	1.1244662184771463	-5.977657229492232	0.0	0.0
YBL047C	0.0	-4.441641562984726	-0.030038478540162818	0.0	0.0
YBL067C	0.0	0.01124466218477178	-0.030038478540162818	0.0	-2.1847864713664444
YBL072C	0.0	-4.441641562984726	-0.030038478540162818	-1.1417333408271362	0.0
YBL080C	0.0	0.01124466218477178	-5.977657229492232	0.0	0.0
YBL090W	0.0	0.01124466218477178	-1.0213082703655076	0.0	0.0
YBL093C	-7.968475710252183	-3.328420006692352	-6.968927021317577	0.0	0.0
YBL099W	0.0	0.01124466218477178	-1.0213082703655076	0.0	0.0
YBL100C	0.0	0.01124466218477178	-1.0213082703655076	0.0	0.0
YBL104C	0.0	0.01124466218477178	-0.030038478540162818	-1.1417333408271362	0.0
YBR003W	0.0	0.01124466218477178	-6.968927021317577	-7.992133385789954	0.0
YBR006W	0.0	0.01124466218477178	-0.030038478540162818	-1.1417333408271362	0.0
YBR027C	0.0	-4.441641562984726	-0.030038478540162818	-1.1417333408271362	0.0
YBR035C	0.0	0.01124466218477178	-0.030038478540162818	-3.425200022481409	0.0
YBR036C	0.0	0.01124466218477178	-0.030038478540162818	-2.2834666816542724	-6.554359414099332
YBR041W	0.0	-4.441641562984726	-0.030038478540162818	0.0	0.0
YBR048W	0.0	0.01124466218477178	-0.030038478540162818	-1.1417333408271362	0.0
YBR064W	0.0	0.01124466218477178	-1.0213082703655076	0.0	0.0
YBR068C	-7.968475710252183	0.01124466218477178	-6.968927021317577	-2.2834666816542724	0.0
YBR069C	-1.3280792850420304	-3.328420006692352	-0.030038478540162818	-3.425200022481409	-10.923932356832221
YBR077C	0.0	0.01124466218477178	-1.0213082703655076	-7.992133385789954	0.0
YBR078W	-9.296554995294214	-3.328420006692352	-0.030038478540162818	-1.1417333408271362	0.0
YBR084W	0.0	0.01124466218477178	-1.0213082703655076	0.0	0.0
YBR106W	0.0	0.01124466218477178	-0.030038478540162818	-1.1417333408271362	0.0
YBR126C	0.0	0.01124466218477178	-1.0213082703655076	-2.2834666816542724	0.0
YBR127C	-6.640396425210152	-4.441641562984726	-1.0213082703655076	-4.566933363308545	-2.1847864713664444
YBR130C	0.0	0.01124466218477178	-1.0213082703655076	0.0	0.0
YBR134W	0.0	0.01124466218477178	-0.030038478540162818	-1.1417333408271362	0.0
YBR137W	0.0	-1.1019768941076027	-0.030038478540162818	0.0	0.0
YBR147W	0.0	-1.1019768941076027	-0.030038478540162818	0.0	0.0
YBR148W	0.0	-4.441641562984726	-0.030038478540162818	0.0	0.0
YBR149W	0.0	-4.441641562984726	-0.030038478540162818	0.0	0.0
YBR156C	0.0	-1.1019768941076027	-0.030038478540162818	0.0	0.0
YBR159W	0.0	-4.441641562984726	-0.030038478540162818	0.0	0.0
YBR161W	0.0	-4.441641562984726	-0.030038478540162818	0.0	0.0
YBR163W	0.0	0.01124466218477178	-6.968927021317577	0.0	0.0
YBR164C	0.0	-3.328420006692352	-1.0213082703655076	0.0	0.0
YBR168W	-1.3280792850420304	0.01124466218477178	-0.030038478540162818	0.0	0.0
YBR170C	0.0	-1.1019768941076027	-0.030038478540162818	0.0	0.0
YBR171W	0.0	-2.2151984503999773	-0.030038478540162818	-1.1417333408271362	0.0
YBR172C	0.0	0.01124466218477178	-0.030038478540162818	-1.1417333408271362	0.0
YBR173C	0.0	0.01124466218477178	-1.0213082703655076	-1.1417333408271362	0.0
YBR174C	0.0	0.01124466218477178	-1.0213082703655076	0.0	0.0
YBR175W	0.0	-3.328420006692352	-1.0213082703655076	0.0	0.0
YBR179C	0.0	0.01124466218477178	-1.0213082703655076	-1.1417333408271362	0.0
YBR191W	-9.296554995294214	-3.328420006692352	-6.968927021317577	-1.1417333408271362	0.0
YBR194W	0.0	-4.441641562984726	-1.0213082703655076	0.0	0.0
YBR213W	0.0	-4.441641562984726	-0.030038478540162818	0.0	0.0
YBR216C	-7.968475710252183	-4.441641562984726	-1.0213082703655076	0.0	0.0
YBR266C	0.0	-3.328420006692352	-0.030038478540162818	0.0	0.0
YBR268W	-1.3280792850420304	0.01124466218477178	-6.968927021317577	-1.1417333408271362	0.0
YBR272C	-1.3280792850420304	0.01124466218477178	-0.030038478540162818	0.0	0.0
YBR279W	-6.640396425210152	-3.328420006692352	-6.968927021317577	-1.1417333408271362	0.0
YBR283C	0.0	0.01124466218477178	-1.0213082703655076	-1.1417333408271362	0.0
YBR284W	-1.3280792850420304	0.01124466218477178	-1.0213082703655076	-1.1417333408271362	0.0
YBR285W	-1.3280792850420304	0.01124466218477178	-0.030038478540162818	-1.1417333408271362	0.0
YBR288C	0.0	-4.441641562984726	-0.030038478540162818	0.0	0.0
YBR289W	-6.640396425210152	0.01124466218477178	-0.030038478540162818	-2.2834666816542724	-6.554359414099332
YBR290W	-1.3280792850420304	-3.328420006692352	-0.030038478540162818	0.0	0.0
YBR291C	-1.3280792850420304	0.01124466218477178	-0.030038478540162818	-1.1417333408271362	0.0
YCL001W	-1.3280792850420304	0.01124466218477178	-0.030038478540162818	0.0	0.0
YCL002C	0.0	-3.328420006692352	-0.030038478540162818	0.0	0.0
YCL007C	-3.9842378551260915	-3.328420006692352	-0.030038478540162818	-4.566933363308545	0.0
YCL008C	0.0	-3.328420006692352	-0.030038478540162818	0.0	0.0
YCL037C	0.0	-4.441641562984726	-0.030038478540162818	0.0	0.0
YCL038C	0.0	-4.441641562984726	-0.030038478540162818	0.0	0.0
YCL044C	0.0	-4.441641562984726	-0.030038478540162818	0.0	0.0
YCL045C	0.0	-1.1019768941076027	-0.030038478540162818	0.0	0.0
YCL046W	0.0	-1.1019768941076027	-0.030038478540162818	0.0	0.0
YCL061C	0.0	-4.441641562984726	-0.030038478540162818	0.0	0.0
YCR008W	0.0	0.01124466218477178	-0.030038478540162818	-1.1417333408271362	0.0
YCR028C-A	-1.3280792850420304	0.01124466218477178	-5.977657229492232	0.0	0.0
YCR030C	-1.3280792850420304	0.01124466218477178	-0.030038478540162818	0.0	0.0
YCR033W	-1.3280792850420304	-1.1019768941076027	-0.030038478540162818	0.0	0.0
YCR046C	-1.3280792850420304	0.01124466218477178	-5.977657229492232	0.0	0.0
YCR047C	-1.3280792850420304	0.01124466218477178	-0.030038478540162818	0.0	0.0
YCR050C	-1.3280792850420304	0.01124466218477178	-0.030038478540162818	-1.1417333408271362	0.0
YCR053W	0.0	0.01124466218477178	-0.030038478540162818	-4.566933363308545	-2.1847864713664444
YCR061W	-1.3280792850420304	0.01124466218477178	-0.030038478540162818	-1.1417333408271362	0.0
YCR067C	-1.3280792850420304	0.01124466218477178	-0.030038478540162818	0.0	0.0
YCR068W	-1.3280792850420304	-1.1019768941076027	-1.0213082703655076	-5.708666704135681	0.0
YCR077C	-1.3280792850420304	-4.441641562984726	-0.030038478540162818	-1.1417333408271362	0.0
YCR079W	-1.3280792850420304	-4.441641562984726	-0.030038478540162818	-7.992133385789954	0.0
YCR086W	-1.3280792850420304	0.01124466218477178	-1.0213082703655076	-1.1417333408271362	0.0
YCR087C-A	-1.3280792850420304	0.01124466218477178	-1.0213082703655076	-1.1417333408271362	0.0
YCR094W	0.0	-3.328420006692352	-0.030038478540162818	0.0	0.0
YCR095C	-1.3280792850420304	-3.328420006692352	-0.030038478540162818	-1.1417333408271362	0.0
YDL001W	0.0	-3.328420006692352	-0.030038478540162818	0.0	0.0
YDL006W	0.0	-3.328420006692352	-1.0213082703655076	-7.992133385789954	0.0
YDL020C	0.0	-3.328420006692352	-1.0213082703655076	-3.425200022481409	0.0
YDL023C	-7.968475710252183	-3.328420006692352	-1.0213082703655076	-7.992133385789954	0.0
YDL032W	0.0	0.01124466218477178	-6.968927021317577	0.0	0.0
YDL033C	0.0	-4.441641562984726	-6.968927021317577	0.0	0.0
YDL039C	-4.648277497647107	0.01124466218477178	-1.0213082703655076	-0.5708666704135681	0.0
YDL041W	-1.3280792850420304	-3.328420006692352	-1.0213082703655076	-6.850400044962818	0.0
YDL044C	0.0	0.01124466218477178	-6.968927021317577	0.0	0.0
YDL045W-A	0.0	0.01124466218477178	-6.968927021317577	0.0	-2.1847864713664444
YDL056W	0.0	0.01124466218477178	-6.968927021317577	0.0	-2.1847864713664444
YDL057W	0.0	-4.441641562984726	-0.030038478540162818	0.0	0.0
YDL065C	0.0	0.01124466218477178	-0.030038478540162818	-7.992133385789954	0.0
YDL066W	0.0	0.01124466218477178	-6.968927021317577	-1.1417333408271362	0.0
YDL068W	0.0	0.01124466218477178	-6.968927021317577	0.0	0.0
YDL069C	0.0	0.01124466218477178	-6.968927021317577	0.0	0.0
YDL070W	0.0	-1.1019768941076027	-1.0213082703655076	0.0	0.0
YDL074C	0.0	-4.441641562984726	-1.0213082703655076	-1.1417333408271362	0.0
YDL077C	0.0	-4.441641562984726	-1.0213082703655076	0.0	0.0
YDL079C	0.0	-4.441641562984726	-0.030038478540162818	0.0	0.0
YDL080C	0.0	-4.441641562984726	-1.0213082703655076	-7.992133385789954	0.0
YDL082W	0.0	0.01124466218477178	-1.0213082703655076	0.0	0.0
YDL083C	0.0	-3.328420006692352	-0.030038478540162818	-1.1417333408271362	0.0
YDL100C	0.0	-4.441641562984726	-0.030038478540162818	-1.1417333408271362	0.0
YDL101C	0.0	-4.441641562984726	-0.030038478540162818	0.0	0.0
YDL104C	0.0	0.01124466218477178	-1.0213082703655076	0.0	0.0
YDL106C	-1.3280792850420304	0.01124466218477178	-0.030038478540162818	-1.1417333408271362	0.0
YDL115C	0.0	-3.328420006692352	-0.030038478540162818	-5.708666704135681	0.0
YDL116W	-1.3280792850420304	-4.441641562984726	-1.0213082703655076	-1.1417333408271362	0.0
YDL130W	0.0	-3.328420006692352	-0.030038478540162818	-1.1417333408271362	0.0
YDL151C	-7.968475710252183	-2.2151984503999773	-0.030038478540162818	-2.2834666816542724	-8.739145885465778
YDL172C	0.0	0.01124466218477178	-0.030038478540162818	-5.708666704135681	0.0
YDL173W	0.0	0.01124466218477178	-0.030038478540162818	-4.566933363308545	0.0
YDL187C	-1.3280792850420304	-4.441641562984726	-1.0213082703655076	-1.1417333408271362	0.0
YDL191W	0.0	-1.1019768941076027	-0.030038478540162818	0.0	0.0
YDL198C	-1.3280792850420304	1.1244662184771463	-5.977657229492232	0.0	-2.1847864713664444
YDL202W	0.0	1.1244662184771463	-6.968927021317577	0.0	-2.1847864713664444
YDR007W	0.0	-4.441641562984726	-0.030038478540162818	0.0	-2.1847864713664444
YDR017C	-1.3280792850420304	0.01124466218477178	-1.0213082703655076	-1.1417333408271362	-2.1847864713664444
YDR024W	0.0	-3.328420006692352	-0.030038478540162818	-1.1417333408271362	0.0
YDR025W	0.0	-3.328420006692352	-0.030038478540162818	0.0	0.0
YDR027C	-1.3280792850420304	-3.328420006692352	-1.0213082703655076	-7.992133385789954	0.0
YDR028C	-7.968475710252183	0.01124466218477178	-6.968927021317577	-6.850400044962818	-15.29350529956511
YDR043C	0.0	-4.441641562984726	-0.030038478540162818	0.0	0.0
YDR048C	-1.3280792850420304	-1.1019768941076027	-0.030038478540162818	0.0	0.0
YDR071C	0.0	-4.441641562984726	-1.0213082703655076	-7.992133385789954	0.0
YDR074W	0.0	0.01124466218477178	-0.030038478540162818	-1.1417333408271362	0.0
YDR159W	0.0	-3.328420006692352	-0.030038478540162818	0.0	0.0
YDR161W	0.0	-3.328420006692352	-0.030038478540162818	0.0	0.0
YDR173C	0.0	0.01124466218477178	-0.030038478540162818	-1.1417333408271362	0.0
YDR174W	-1.3280792850420304	-3.328420006692352	-1.0213082703655076	-4.566933363308545	-15.29350529956511
YDR175C	0.0	1.1244662184771463	-6.968927021317577	0.0	0.0
YDR176W	-1.3280792850420304	0.01124466218477178	-1.0213082703655076	0.0	0.0
YDR194C	0.0	0.01124466218477178	-6.968927021317577	0.0	0.0
YDR195W	0.0	-3.328420006692352	-0.030038478540162818	0.0	0.0
YDR197W	0.0	0.01124466218477178	-6.968927021317577	0.0	0.0
YDR203W	0.0	-3.328420006692352	-0.030038478540162818	0.0	0.0
YDR207C	0.0	-3.328420006692352	-0.030038478540162818	-1.1417333408271362	0.0
YDR209C	0.0	0.01124466218477178	-6.968927021317577	0.0	0.0
YDR226W	0.0	-2.2151984503999773	-1.0213082703655076	0.0	0.0
YDR230W	0.0	1.1244662184771463	-0.030038478540162818	0.0	0.0
YDR231C	0.0	1.1244662184771463	-0.030038478540162818	0.0	0.0
YDR237W	0.0	1.1244662184771463	-6.968927021317577	0.0	0.0
YDR255C	0.0	-4.441641562984726	-0.030038478540162818	0.0	0.0
YDR264C	-9.296554995294214	-2.2151984503999773	-0.030038478540162818	-7.992133385789954	0.0
YDR268W	0.0	1.1244662184771463	-0.030038478540162818	0.0	0.0
YDR289C	0.0	-4.441641562984726	-0.030038478540162818	-5.708666704135681	0.0
YDR293C	-7.968475710252183	-3.328420006692352	-0.030038478540162818	0.0	0.0
YDR294C	0.0	-1.1019768941076027	-0.030038478540162818	0.0	0.0
YDR297W	0.0	-4.441641562984726	-0.030038478540162818	0.0	0.0
YDR298C	0.0	0.01124466218477178	-4.986387437666887	0.0	0.0
YDR315C	0.0	0.01124466218477178	-0.030038478540162818	-1.1417333408271362	0.0
YDR322W	0.0	0.01124466218477178	-5.977657229492232	0.0	0.0
YDR323C	0.0	-3.328420006692352	-0.030038478540162818	0.0	0.0
YDR330W	0.0	-1.1019768941076027	-0.030038478540162818	0.0	0.0
YDR332W	0.0	0.01124466218477178	-5.977657229492232	0.0	0.0
YDR335W	0.0	-4.441641562984726	-0.030038478540162818	0.0	0.0
YDR363W-A	0.0	-3.328420006692352	-0.030038478540162818	-4.566933363308545	0.0
YDR439W	0.0	0.01124466218477178	-0.030038478540162818	-1.1417333408271362	0.0
YDR448W	-9.296554995294214	-4.441641562984726	-1.0213082703655076	-1.1417333408271362	0.0
YDR462W	0.0	0.01124466218477178	-4.986387437666887	0.0	0.0
YDR469W	0.0	0.01124466218477178	-0.030038478540162818	-1.1417333408271362	0.0
YDR484W	0.0	-3.328420006692352	-0.030038478540162818	0.0	0.0
YDR486C	0.0	-1.1019768941076027	-1.0213082703655076	0.0	0.0
YDR493W	0.0	-4.441641562984726	-0.030038478540162818	0.0	0.0
YDR495C	0.0	-2.2151984503999773	-1.0213082703655076	0.0	0.0
YDR496C	0.0	-3.328420006692352	-1.0213082703655076	-1.1417333408271362	0.0
YDR508C	0.0	-3.328420006692352	-0.030038478540162818	0.0	0.0
YDR509W	0.0	-3.328420006692352	-0.030038478540162818	0.0	0.0
YDR512C	0.0	1.1244662184771463	-0.030038478540162818	0.0	0.0
YDR518W	0.0	0.01124466218477178	-4.986387437666887	-1.1417333408271362	0.0
YDR529C	0.0	0.01124466218477178	-4.986387437666887	0.0	0.0
YDR533C	0.0	0.01124466218477178	-4.986387437666887	-7.992133385789954	0.0
YEL024W	0.0	0.01124466218477178	-1.0213082703655076	0.0	0.0
YEL031W	0.0	-3.328420006692352	-0.030038478540162818	0.0	0.0
YEL033W	0.0	-3.328420006692352	-0.030038478540162818	0.0	0.0
YEL047C	0.0	-4.441641562984726	-0.030038478540162818	0.0	0.0
YEL049W	0.0	-4.441641562984726	-1.0213082703655076	0.0	0.0
YER010C	0.0	0.01124466218477178	-1.0213082703655076	0.0	0.0
YER037W	0.0	-1.1019768941076027	-0.030038478540162818	0.0	0.0
YER050C	0.0	0.01124466218477178	-1.0213082703655076	0.0	0.0
YER077C	0.0	0.01124466218477178	-1.0213082703655076	0.0	0.0
YER087W	0.0	0.01124466218477178	-1.0213082703655076	0.0	0.0
YER090W	0.0	0.01124466218477178	-0.030038478540162818	-1.1417333408271362	0.0
YER116C	-9.296554995294214	0.01124466218477178	-1.0213082703655076	-4.566933363308545	0.0
YER122C	0.0	0.01124466218477178	-6.968927021317577	-1.1417333408271362	0.0
YER123W	-1.3280792850420304	0.01124466218477178	-0.030038478540162818	-1.1417333408271362	0.0
YER137C	-1.3280792850420304	0.01124466218477178	-0.030038478540162818	-1.1417333408271362	0.0
YER139C	-1.3280792850420304	0.01124466218477178	-0.030038478540162818	-1.1417333408271362	0.0
YER141W	0.0	0.01124466218477178	-1.0213082703655076	-7.992133385789954	0.0
YER145C	0.0	-1.1019768941076027	-1.0213082703655076	0.0	0.0
YER151C	0.0	0.01124466218477178	-1.0213082703655076	-7.992133385789954	0.0
YER153C	0.0	0.01124466218477178	-1.0213082703655076	-7.992133385789954	0.0
YER155C	0.0	-1.1019768941076027	-1.0213082703655076	0.0	0.0
YER164W	0.0	-4.441641562984726	-1.0213082703655076	-7.992133385789954	0.0
YER167W	0.0	0.01124466218477178	-0.030038478540162818	-1.1417333408271362	0.0
YER177W	0.0	-4.441641562984726	-1.0213082703655076	-5.708666704135681	0.0
YER178W	0.0	-4.441641562984726	-1.0213082703655076	0.0	0.0
YFL001W	-1.3280792850420304	-4.441641562984726	-0.030038478540162818	-1.1417333408271362	0.0
YFL025C	0.0	-3.328420006692352	-0.030038478540162818	0.0	0.0
YFL033C	-1.3280792850420304	0.01124466218477178	-0.030038478540162818	0.0	0.0
YFR007W	0.0	-4.441641562984726	-0.030038478540162818	-1.1417333408271362	0.0
YFR019W	-1.3280792850420304	-3.328420006692352	-3.995117645841542	-1.1417333408271362	-2.1847864713664444
YFR032C	0.0	0.01124466218477178	-1.0213082703655076	0.0	0.0
YFR039C	0.0	-2.2151984503999773	-1.0213082703655076	0.0	0.0
YFR040W	0.0	-3.328420006692352	-0.030038478540162818	0.0	0.0
YFR048W	0.0	-4.441641562984726	-0.030038478540162818	0.0	0.0
YGL005C	0.0	-1.1019768941076027	-0.030038478540162818	0.0	0.0
YGL010W	0.0	0.01124466218477178	-0.030038478540162818	0.0	-2.1847864713664444
YGL012W	-6.640396425210152	-2.2151984503999773	-0.030038478540162818	0.0	0.0
YGL013C	0.0	-4.441641562984726	-0.030038478540162818	0.0	0.0
YGL025C	-7.968475710252183	-4.441641562984726	-0.030038478540162818	-5.708666704135681	0.0
YGL031C	-1.3280792850420304	-1.1019768941076027	-0.030038478540162818	0.0	0.0
YGL045W	0.0	-3.328420006692352	-0.5256733744528352	0.0	0.0
YGL054C	0.0	-1.1019768941076027	-0.030038478540162818	0.0	0.0
YGL058W	0.0	0.01124466218477178	-1.0213082703655076	-1.1417333408271362	-2.1847864713664444
YGL072C	0.0	-3.328420006692352	-0.030038478540162818	0.0	0.0
YGL078C	0.0	-1.1019768941076027	-0.030038478540162818	0.0	0.0
YGL080W	0.0	-2.2151984503999773	-0.030038478540162818	-6.850400044962818	0.0
YGL105W	-1.3280792850420304	-3.328420006692352	-0.030038478540162818	-5.708666704135681	0.0
YGL107C	0.0	1.1244662184771463	-1.0213082703655076	0.0	0.0
YGL114W	0.0	1.1244662184771463	-0.030038478540162818	0.0	0.0
YGL135W	-1.3280792850420304	0.01124466218477178	-1.0213082703655076	-1.1417333408271362	0.0
YGL200C	0.0	0.01124466218477178	-1.0213082703655076	0.0	0.0
YGL211W	0.0	-3.328420006692352	-0.030038478540162818	-1.1417333408271362	0.0
YGL212W	0.0	0.01124466218477178	-1.0213082703655076	0.0	0.0
YGL213C	0.0	-3.328420006692352	-1.0213082703655076	0.0	0.0
YGL218W	0.0	0.01124466218477178	-1.0213082703655076	0.0	0.0
YGL219C	0.0	0.01124466218477178	-1.0213082703655076	-1.1417333408271362	-15.29350529956511
YGL223C	0.0	0.01124466218477178	-0.030038478540162818	-1.1417333408271362	0.0
YGL226C-A	0.0	0.01124466218477178	-1.0213082703655076	0.0	0.0
YGL227W	0.0	-3.328420006692352	-1.0213082703655076	-5.708666704135681	0.0
YGL232W	0.0	0.01124466218477178	-0.030038478540162818	-1.1417333408271362	0.0
YGL234W	0.0	-3.328420006692352	-1.0213082703655076	-1.1417333408271362	0.0
YGL236C	0.0	0.01124466218477178	-1.0213082703655076	0.0	0.0
YGL237C	0.0	0.01124466218477178	-1.0213082703655076	0.0	0.0
YGL241W	0.0	-4.441641562984726	-0.030038478540162818	-1.1417333408271362	0.0
YGL246C	-1.3280792850420304	-3.328420006692352	-1.0213082703655076	-1.1417333408271362	0.0
YGL250W	0.0	-4.441641562984726	-1.0213082703655076	0.0	0.0
YGL252C	0.0	-3.328420006692352	-0.030038478540162818	0.0	0.0
YGR036C	-1.3280792850420304	-3.328420006692352	-0.030038478540162818	-7.992133385789954	0.0
YGR054W	0.0	-3.328420006692352	-6.968927021317577	0.0	0.0
YGR061C	0.0	0.01124466218477178	-0.030038478540162818	0.0	-15.29350529956511
YGR063C	-9.296554995294214	-3.328420006692352	-0.030038478540162818	-7.992133385789954	0.0
YGR064W	-9.296554995294214	-3.328420006692352	-0.030038478540162818	-5.708666704135681	0.0
YGR076C	0.0	0.01124466218477178	-4.986387437666887	0.0	0.0
YGR085C	-1.3280792850420304	-4.441641562984726	-0.030038478540162818	0.0	0.0
YGR092W	-9.296554995294214	-3.328420006692352	-6.968927021317577	-3.425200022481409	0.0
YGR101W	0.0	0.01124466218477178	-5.977657229492232	0.0	0.0
YGR102C	0.0	0.01124466218477178	-6.968927021317577	0.0	0.0
YGR104C	-7.968475710252183	-3.328420006692352	-6.968927021317577	-5.708666704135681	0.0
YGR122W	0.0	-3.328420006692352	-0.030038478540162818	0.0	0.0
YGR133W	0.0	0.01124466218477178	-0.030038478540162818	-1.1417333408271362	0.0
YGR150C	0.0	1.1244662184771463	-6.968927021317577	0.0	0.0
YGR159C	0.0	-4.441641562984726	-0.030038478540162818	-1.1417333408271362	0.0
YGR160W	0.0	1.1244662184771463	-0.030038478540162818	0.0	0.0
YGR162W	-1.3280792850420304	-3.328420006692352	-0.030038478540162818	-1.1417333408271362	0.0
YGR163W	0.0	0.01124466218477178	-0.030038478540162818	-7.992133385789954	-2.1847864713664444
YGR165W	0.0	0.01124466218477178	-6.968927021317577	0.0	0.0
YGR170W	0.0	0.01124466218477178	-0.030038478540162818	-1.1417333408271362	0.0
YGR171C	0.0	1.1244662184771463	-5.977657229492232	0.0	0.0
YGR174C	0.0	0.01124466218477178	-1.0213082703655076	0.0	0.0
YGR180C	-1.3280792850420304	0.01124466218477178	-1.0213082703655076	-1.1417333408271362	0.0
YGR200C	0.0	-3.328420006692352	-0.030038478540162818	0.0	0.0
YGR209C	-9.296554995294214	0.01124466218477178	-0.030038478540162818	0.0	0.0
YGR219W	0.0	0.01124466218477178	-5.977657229492232	0.0	0.0
YGR220C	0.0	0.01124466218477178	-5.977657229492232	0.0	0.0
YGR229C	0.0	-3.328420006692352	-0.030038478540162818	0.0	0.0
YGR240C	0.0	1.1244662184771463	-0.030038478540162818	0.0	0.0
YGR252W	-1.3280792850420304	0.01124466218477178	-0.030038478540162818	0.0	0.0
YGR255C	0.0	0.01124466218477178	-5.977657229492232	0.0	0.0
YGR257C	-1.3280792850420304	0.01124466218477178	-1.0213082703655076	0.0	0.0
YGR261C	0.0	0.01124466218477178	-0.030038478540162818	0.0	-2.1847864713664444
YGR285C	0.0	-4.441641562984726	-0.030038478540162818	0.0	0.0
YHL009C	0.0	-1.1019768941076027	-0.030038478540162818	0.0	0.0
YHL023C	-6.640396425210152			-5.708666704135681	-13.108718828198665
YHL025W	-7.968475710252183	-3.328420006692352	-0.030038478540162818	-4.566933363308545	0.0
YHL038C	0.0	0.01124466218477178	-1.0213082703655076	0.0	0.0
YHR001W-A	0.0	-1.1019768941076027	-0.030038478540162818	0.0	0.0
YHR010W	-1.3280792850420304	-3.328420006692352	-1.0213082703655076	0.0	0.0
YHR011W	0.0	0.01124466218477178	-4.986387437666887	0.0	0.0
YHR030C	0.0	0.01124466218477178	-0.030038478540162818	-1.1417333408271362	0.0
YHR034C	0.0	-3.328420006692352	-0.030038478540162818	-1.1417333408271362	0.0
YHR039C-A	-6.640396425210152	-4.441641562984726	-0.030038478540162818	0.0	0.0
YHR064C	0.0	-4.441641562984726	-0.030038478540162818	0.0	-2.1847864713664444
YHR146W	0.0	0.01124466218477178	-0.030038478540162818	0.0	-2.1847864713664444
YHR147C	0.0	0.01124466218477178	-5.482022333579559	0.0	0.0
YHR155W	0.0	0.01124466218477178	-0.030038478540162818	-6.850400044962818	0.0
YHR167W	0.0	-4.441641562984726	0.9612313132851821	0.0	0.0
YHR178W	-1.3280792850420304	-1.1019768941076027	-3.0038478540161972	-3.425200022481409	-4.369572942732889
YHR183W	0.0	-4.441641562984726	-4.986387437666887	-5.708666704135681	-4.369572942732889
YHR189W	0.0	0.01124466218477178	-1.0213082703655076	0.0	0.0
YHR203C	0.0	-1.1019768941076027	-0.030038478540162818	0.0	0.0
YHR206W	-5.312317140168122	0.01124466218477178	-4.986387437666887	0.0	-2.1847864713664444
YHR207C	0.0	-4.441641562984726	-0.030038478540162818	0.0	0.0
YIL008W	0.0	-1.1019768941076027	-0.030038478540162818	0.0	0.0
YIL017C	-7.968475710252183	-2.2151984503999773	-1.0213082703655076	-7.992133385789954	0.0
YIL018W	0.0	1.1244662184771463	-0.030038478540162818	0.0	0.0
YIL029C	-9.296554995294214	-4.441641562984726	-0.030038478540162818	0.0	0.0
YIL035C	0.0	0.01124466218477178	-0.030038478540162818	-1.1417333408271362	0.0
YIL036W	0.0	0.01124466218477178	-0.030038478540162818	0.0	-2.1847864713664444
YIL041W	-9.296554995294214	-4.441641562984726	-0.030038478540162818	0.0	0.0
YIL053W	-1.3280792850420304	-4.441641562984726	-0.030038478540162818	0.0	0.0
YIL065C	-9.296554995294214	-4.441641562984726	-0.030038478540162818	-7.992133385789954	0.0
YIL076W	0.0	-4.441641562984726	-0.030038478540162818	0.0	0.0
YIL077C	-1.3280792850420304	-1.1019768941076027	-0.030038478540162818	-7.992133385789954	0.0
YIL086C	0.0	0.01124466218477178	-0.030038478540162818	0.0	-2.1847864713664444
YIL088C	0.0	0.01124466218477178	-0.030038478540162818	0.0	-2.1847864713664444
YIL090W	0.0	0.01124466218477178	-0.030038478540162818	-7.992133385789954	0.0
YIL093C	0.0	1.1244662184771463	-6.968927021317577	0.0	0.0
YIL097W	-7.968475710252183	-3.328420006692352	-0.030038478540162818	-5.708666704135681	0.0
YIL098C	-1.3280792850420304	-3.328420006692352	-1.0213082703655076	-1.1417333408271362	0.0
YIL107C	0.0	-4.441641562984726	-1.0213082703655076	-3.425200022481409	0.0
YIL110W	-1.3280792850420304	-3.328420006692352	-1.0213082703655076	-1.1417333408271362	0.0
YIL124W	0.0	-4.441641562984726	-0.030038478540162818	-1.1417333408271362	0.0
YIL148W	-1.3280792850420304	0.01124466218477178	-0.030038478540162818	0.0	0.0
YIL154C	-1.3280792850420304	0.01124466218477178	-1.0213082703655076	-3.425200022481409	0.0
YIL160C	0.0	-4.441641562984726	-0.030038478540162818	-1.1417333408271362	0.0
YIL164C	0.0	-4.441641562984726	-0.030038478540162818	-1.1417333408271362	0.0
YIR021W	-1.3280792850420304	0.01124466218477178	-1.0213082703655076	-1.1417333408271362	-2.1847864713664444
YIR023W	-1.3280792850420304	0.01124466218477178	-0.030038478540162818	0.0	0.0
YIR026C	0.0	-3.328420006692352	-0.030038478540162818	0.0	0.0
YIR033W	0.0	0.01124466218477178	-1.0213082703655076	0.0	0.0
YIR037W	-7.968475710252183	0.01124466218477178	-0.030038478540162818	0.0	0.0
YJL046W	-1.3280792850420304	-1.1019768941076027	-1.0213082703655076	-1.1417333408271362	-2.1847864713664444
YJL047C	0.0	0.01124466218477178	-1.0213082703655076	-1.1417333408271362	0.0
YJL062W	-9.296554995294214	-4.441641562984726	-1.0213082703655076	-1.1417333408271362	0.0
YJL063C	0.0	0.01124466218477178	-1.0213082703655076	0.0	0.0
YJL080C	0.0	-4.441641562984726	-1.0213082703655076	-1.1417333408271362	0.0
YJL088W	-6.640396425210152	0.01124466218477178	-0.030038478540162818	0.0	0.0
YJL092W	0.0	0.01124466218477178	-1.0213082703655076	-1.1417333408271362	0.0
YJL096W	0.0	0.01124466218477178	-1.0213082703655076	0.0	0.0
YJL101C	-3.9842378551260915	-1.1019768941076027	-3.995117645841542	-7.992133385789954	-8.739145885465778
YJL102W	0.0	0.01124466218477178	-5.977657229492232	0.0	0.0
YJL115W	0.0	-4.441641562984726	-0.030038478540162818	-5.708666704135681	0.0
YJL117W	-1.3280792850420304	0.01124466218477178	-1.0213082703655076	0.0	0.0
YJL120W	0.0	-4.441641562984726	-2.0125780621908524	-3.425200022481409	-4.369572942732889
YJL121C	0.0	-4.441641562984726	-2.0125780621908524	-3.425200022481409	-4.369572942732889
YJL124C	-7.968475710252183	-3.328420006692352	-0.030038478540162818	-1.1417333408271362	0.0
YJL130C	0.0	-3.328420006692352	-0.030038478540162818	0.0	0.0
YJL136C	0.0	-3.328420006692352	-0.030038478540162818	-1.1417333408271362	0.0
YJL141C	0.0	0.01124466218477178	-1.0213082703655076	0.0	0.0
YJL155C	0.0	-4.441641562984726	-0.030038478540162818	-6.850400044962818	0.0
YJL165C	0.0	0.01124466218477178	-0.030038478540162818	-1.1417333408271362	0.0
YJL166W	0.0	0.01124466218477178	-6.968927021317577	0.0	0.0
YJL175W	-9.296554995294214	-1.1019768941076027	-1.0213082703655076	-6.850400044962818	0.0
YJL176C	-7.968475710252183	-4.441641562984726	-0.030038478540162818	-2.2834666816542724	0.0
YJL178C	0.0	0.01124466218477178	-0.030038478540162818	0.0	-2.1847864713664444
YJL179W	0.0	0.01124466218477178	-0.030038478540162818	0.0	-2.1847864713664444
YJL180C	0.0	0.01124466218477178	-4.986387437666887	0.0	0.0
YJL188C	-1.3280792850420304	-3.328420006692352	-1.0213082703655076	-5.708666704135681	0.0
YJL197W	0.0	0.01124466218477178	-0.030038478540162818	0.0	-2.1847864713664444
YJL198W	0.0	0.01124466218477178	-0.030038478540162818	0.0	-2.1847864713664444
YJL201W	0.0	0.01124466218477178	-0.030038478540162818	0.0	-2.1847864713664444
YJL204C	0.0	-3.328420006692352	-0.030038478540162818	-1.1417333408271362	-2.1847864713664444
YJL209W	0.0	0.01124466218477178	-1.0213082703655076	0.0	0.0
YJL215C	0.0	0.01124466218477178	-0.030038478540162818	0.0	-2.1847864713664444
YJL216C	0.0	0.01124466218477178	-0.030038478540162818	0.0	-2.1847864713664444
YJR055W	0.0	-3.328420006692352	-0.030038478540162818	0.0	0.0
YJR073C	-9.296554995294214	-3.328420006692352	-0.030038478540162818	-4.566933363308545	0.0
YJR075W	0.0	-4.441641562984726	-0.030038478540162818	0.0	0.0
YJR083C	0.0	-4.441641562984726	-0.030038478540162818	0.0	0.0
YJR102C	-9.296554995294214	-2.2151984503999773	-0.030038478540162818	0.0	0.0
YJR104C	0.0	-1.1019768941076027	-1.0213082703655076	-1.1417333408271362	-2.1847864713664444
YJR105W	-9.296554995294214	0.01124466218477178	-0.030038478540162818	0.0	-2.1847864713664444
YJR109C	-1.3280792850420304	-4.441641562984726	-0.030038478540162818	0.0	0.0
YJR111C	-1.3280792850420304	0.01124466218477178	-0.030038478540162818	0.0	0.0
YJR117W	0.0	0.01124466218477178	-0.030038478540162818	-5.708666704135681	0.0
YJR118C	0.0	-4.441641562984726	-0.030038478540162818	-3.425200022481409	0.0
YJR129C	-1.3280792850420304	-4.441641562984726	-0.030038478540162818	-7.992133385789954	0.0
YJR139C	-1.3280792850420304	-1.1019768941076027	-1.0213082703655076	-1.1417333408271362	0.0
YJR144W	0.0	0.01124466218477178	-3.995117645841542	0.0	0.0
YJR145C	-1.3280792850420304	-3.328420006692352	-0.030038478540162818	0.0	0.0
YKL001C	0.0	-1.1019768941076027	-0.030038478540162818	0.0	0.0
YKL002W	0.0	-3.328420006692352	-0.030038478540162818	0.0	0.0
YKL003C	0.0	-3.328420006692352	-0.030038478540162818	0.0	0.0
YKL006W	0.0	-3.328420006692352	-0.030038478540162818	0.0	0.0
YKL009W	-1.3280792850420304	-3.328420006692352	-0.030038478540162818	-7.992133385789954	0.0
YKL016C	0.0	0.01124466218477178	-1.0213082703655076	-7.992133385789954	0.0
YKL025C	0.0	-4.441641562984726	-0.030038478540162818	0.0	0.0
YKL027W	0.0	-4.441641562984726	-0.030038478540162818	0.0	0.0
YKL032C	0.0	1.1244662184771463	-0.030038478540162818	0.0	0.0
YKL041W	0.0	-1.1019768941076027	-0.030038478540162818	0.0	0.0
YKL051W	0.0	-4.441641562984726	-0.030038478540162818	0.0	0.0
YKL055C	0.0	1.1244662184771463	-1.0213082703655076	-7.992133385789954	0.0
YKL056C	0.0	-3.328420006692352	-0.030038478540162818	0.0	0.0
YKL075C	0.0	-3.328420006692352	-0.030038478540162818	0.0	0.0
YKL076C	0.0	-3.328420006692352	-0.030038478540162818	0.0	0.0
YKL077W	0.0	-4.441641562984726	-0.030038478540162818	0.0	0.0
YKL110C	0.0	-1.1019768941076027	-0.030038478540162818	0.0	0.0
YKL134C	-1.3280792850420304	0.01124466218477178	-1.0213082703655076	-1.1417333408271362	0.0
YKL140W	0.0	0.01124466218477178	-0.030038478540162818	0.0	-2.1847864713664444
YKL157W	-1.3280792850420304	-1.1019768941076027	-1.0213082703655076	0.0	-2.1847864713664444
YKL176C	0.0	0.01124466218477178	-0.030038478540162818	0.0	-2.1847864713664444
YKL194C	0.0	-4.441641562984726	-0.030038478540162818	0.0	-2.1847864713664444
YKL197C	0.0	0.01124466218477178	-0.030038478540162818	0.0	-2.1847864713664444
YKL198C	0.0	-4.441641562984726	-0.030038478540162818	0.0	-2.1847864713664444
YKL201C	0.0	-4.441641562984726	-0.030038478540162818	0.0	-2.1847864713664444
YKL204W	0.0	-3.328420006692352	-1.0213082703655076	-1.1417333408271362	0.0
YKL206C	0.0	0.01124466218477178	0.9612313132851821	0.0	0.0
YKL211C	0.0	-1.1019768941076027	-0.030038478540162818	0.0	-2.1847864713664444
YKL212W	0.0	-3.328420006692352	-0.030038478540162818	-7.992133385789954	-2.1847864713664444
YKR001C	0.0	-3.328420006692352	-0.030038478540162818	0.0	0.0
YKR006C	0.0	0.01124466218477178	-5.977657229492232	0.0	0.0
YKR020W	0.0	-3.328420006692352	-0.030038478540162818	0.0	0.0
YKR024C	-7.968475710252183	-3.328420006692352	-0.030038478540162818	0.0	0.0
YKR066C	0.0	0.01124466218477178	-1.0213082703655076	0.0	0.0
YKR069W	0.0	0.01124466218477178	-1.0213082703655076	-1.1417333408271362	0.0
YKR084C	-1.3280792850420304	-3.328420006692352	-0.030038478540162818	0.0	0.0
YKR085C	0.0	-3.328420006692352	-5.977657229492232	0.0	-2.1847864713664444
YKR088C	0.0	-3.328420006692352	-6.968927021317577	0.0	-15.29350529956511
YKR104W	0.0	0.01124466218477178	-0.030038478540162818	-1.1417333408271362	0.0
YLL002W	0.0	0.01124466218477178	-5.977657229492232	-7.992133385789954	0.0
YLL033W	0.0	0.01124466218477178	-1.0213082703655076	0.0	0.0
YLR024C	0.0	-3.328420006692352	-0.030038478540162818	0.0	0.0
YLR025W	0.0	-3.328420006692352	-0.030038478540162818	0.0	0.0
YLR055C	0.0	0.01124466218477178	-0.030038478540162818	-7.992133385789954	0.0
YLR056W	-7.968475710252183	-2.2151984503999773	-0.030038478540162818	-3.425200022481409	-2.1847864713664444
YLR061W	0.0	-3.328420006692352	-1.0213082703655076	0.0	-2.1847864713664444
YLR062C	0.0	-3.328420006692352	-0.030038478540162818	0.0	-2.1847864713664444
YLR067C	0.0	0.01124466218477178	-4.986387437666887	0.0	0.0
YLR069C	0.0	0.01124466218477178	-4.986387437666887	0.0	0.0
YLR085C	0.0	0.01124466218477178	-0.030038478540162818	-1.1417333408271362	-2.1847864713664444
YLR087C	0.0	-3.328420006692352	-0.030038478540162818	0.0	0.0
YLR089C	0.0	0.01124466218477178	-0.030038478540162818	-1.1417333408271362	0.0
YLR091W	0.0	0.01124466218477178	-1.0213082703655076	0.0	0.0
YLR109W	-1.3280792850420304	0.01124466218477178	-0.030038478540162818	0.0	0.0
YLR139C	0.0	1.1244662184771463	-5.977657229492232	0.0	0.0
YLR148W	-7.968475710252183	-3.328420006692352	-1.0213082703655076	-7.992133385789954	0.0
YLR149C	0.0	1.1244662184771463	-5.977657229492232	0.0	0.0
YLR182W	0.0	-4.441641562984726	-0.030038478540162818	-1.1417333408271362	-2.1847864713664444
YLR192C	-7.968475710252183	-4.441641562984726	-0.030038478540162818	-1.1417333408271362	0.0
YLR193C	0.0	-4.441641562984726	-1.0213082703655076	0.0	0.0
YLR201C	0.0	1.1244662184771463	-6.968927021317577	0.0	0.0
YLR202C	0.0	0.01124466218477178	-5.977657229492232	0.0	0.0
YLR210W	0.0	-4.441641562984726	-0.030038478540162818	0.0	0.0
YLR220W	-7.968475710252183	-3.328420006692352	-6.968927021317577	0.0	0.0
YLR234W	0.0	-3.328420006692352	-0.030038478540162818	-1.1417333408271362	0.0
YLR237W	0.0	-4.441641562984726	-0.030038478540162818	-1.1417333408271362	0.0
YLR242C	-9.296554995294214	-2.2151984503999773	-5.977657229492232	-7.992133385789954	0.0
YLR244C	-7.968475710252183	-1.1019768941076027	-0.030038478540162818	-3.425200022481409	-15.29350529956511
YLR246W	-1.3280792850420304	-1.1019768941076027	-0.030038478540162818	0.0	0.0
YLR260W	0.0	1.1244662184771463	-5.977657229492232	0.0	0.0
YLR268W	-9.296554995294214	0.01124466218477178	-0.030038478540162818	-7.992133385789954	-2.1847864713664444
YLR279W	0.0	-1.1019768941076027	-0.030038478540162818	0.0	0.0
YLR290C	0.0	-1.1019768941076027	-0.030038478540162818	0.0	0.0
YLR292C	0.0	-2.2151984503999773	-0.030038478540162818	0.0	0.0
YLR304C	0.0	-1.1019768941076027	-0.030038478540162818	0.0	0.0
YLR315W	0.0	-4.441641562984726	-0.030038478540162818	0.0	0.0
YLR320W	0.0	-3.328420006692352	-0.030038478540162818	-6.850400044962818	0.0
YLR322W	0.0	-3.328420006692352	-0.030038478540162818	0.0	0.0
YLR330W	-1.3280792850420304	-4.441641562984726	-0.030038478540162818	0.0	0.0
YLR342W	-1.3280792850420304	-4.441641562984726	-0.030038478540162818	0.0	0.0
YLR358C	0.0	-3.328420006692352	-1.0213082703655076	0.0	0.0
YLR369W	0.0	1.1244662184771463	-3.0038478540161972	0.0	0.0
YLR370C	0.0	-3.328420006692352	-1.0213082703655076	0.0	0.0
YLR382C	0.0	0.01124466218477178	-6.968927021317577	0.0	0.0
YLR384C	0.0	-3.328420006692352	-0.030038478540162818	0.0	0.0
YLR396C	-7.968475710252183	-3.328420006692352	-0.030038478540162818	0.0	0.0
YLR403W	-1.3280792850420304	-2.2151984503999773	-0.030038478540162818	0.0	0.0
YLR410W	0.0	1.1244662184771463	-0.030038478540162818	0.0	0.0
YLR417W	-1.3280792850420304	-4.441641562984726	-0.030038478540162818	0.0	0.0
YLR427W	0.0	0.01124466218477178	-0.030038478540162818	-1.1417333408271362	0.0
YLR439W	0.0	0.01124466218477178	-1.0213082703655076	0.0	0.0
YLR456W	0.0	-3.328420006692352	-0.030038478540162818	-5.708666704135681	-15.29350529956511
YML007W	-5.312317140168122	-3.328420006692352	-3.0038478540161972	-4.566933363308545	0.0
YML013W	0.0	0.01124466218477178	-1.0213082703655076	0.0	0.0
YML024W	-1.3280792850420304	0.01124466218477178	-1.0213082703655076	-1.1417333408271362	0.0
YML035C	0.0	0.01124466218477178	-1.0213082703655076	-1.1417333408271362	0.0
YML036W	-9.296554995294214	-4.441641562984726	-6.968927021317577	-1.1417333408271362	0.0
YML041C	0.0	0.01124466218477178	-1.0213082703655076	-1.1417333408271362	0.0
YML047W-A	0.0	-4.441641562984726	-0.030038478540162818	0.0	0.0
YML061C	0.0	0.01124466218477178	-6.968927021317577	-1.1417333408271362	0.0
YML062C	0.0	-3.328420006692352	0.9612313132851821	0.0	0.0
YML081C-A	0.0	-4.441641562984726	-0.030038478540162818	0.0	0.0
YML090W	0.0	-4.441641562984726	-0.030038478540162818	0.0	0.0
YML094W	0.0	-4.441641562984726	-0.030038478540162818	0.0	-2.1847864713664444
YML097C	0.0	-3.328420006692352	-0.030038478540162818	0.0	0.0
YML115C	0.0	-3.328420006692352	-0.030038478540162818	-7.992133385789954	0.0
YMR015C	0.0	-3.328420006692352	-0.030038478540162818	-1.1417333408271362	0.0
YMR035W	0.0	0.01124466218477178	-1.0213082703655076	-1.1417333408271362	0.0
YMR038C	0.0	0.01124466218477178	-0.030038478540162818	-1.1417333408271362	-2.1847864713664444
YMR058W	0.0	-1.1019768941076027	-0.030038478540162818	0.0	0.0
YMR064W	0.0	1.1244662184771463	-6.968927021317577	0.0	0.0
YMR066W	0.0	1.1244662184771463	-5.977657229492232	0.0	0.0
YMR072W	0.0	1.1244662184771463	-5.977657229492232	0.0	0.0
YMR080C	0.0	1.1244662184771463	-0.030038478540162818	0.0	0.0
YMR099C	0.0	-4.441641562984726	-1.0213082703655076	0.0	-2.1847864713664444
YMR123W	0.0	-3.328420006692352	-0.030038478540162818	0.0	0.0
YMR142C	-1.3280792850420304	-3.328420006692352	-0.030038478540162818	-1.1417333408271362	0.0
YMR143W	0.0	-3.328420006692352	-0.030038478540162818	0.0	0.0
YMR147W	0.0	0.01124466218477178	-0.030038478540162818	-1.1417333408271362	0.0
YMR150C	0.0	0.01124466218477178	-1.0213082703655076	0.0	0.0
YMR158C-A	0.0	-4.441641562984726	-0.030038478540162818	-5.708666704135681	0.0
YMR158W	0.0	0.01124466218477178	-6.968927021317577	0.0	0.0
YMR158W-B	0.0	0.01124466218477178	-0.030038478540162818	-6.850400044962818	0.0
YMR169C	0.0	-4.441641562984726	-0.030038478540162818	-5.708666704135681	0.0
YMR173W-A	-1.3280792850420304	-4.441641562984726	-0.030038478540162818	-1.1417333408271362	0.0
YMR179W	0.0	-4.441641562984726	-0.030038478540162818	-1.1417333408271362	0.0
YMR193W	0.0	0.01124466218477178	-6.968927021317577	0.0	0.0
YMR198W	0.0	0.01124466218477178	-1.0213082703655076	0.0	0.0
YMR228W	0.0	0.01124466218477178	-5.977657229492232	0.0	-2.1847864713664444
YMR326C	0.0	0.01124466218477178	-1.0213082703655076	0.0	0.0
YNL001W	-7.968475710252183	-2.2151984503999773	-1.0213082703655076	-2.2834666816542724	-2.1847864713664444
YNL003C	-1.3280792850420304	0.01124466218477178	-1.0213082703655076	-1.1417333408271362	-2.1847864713664444
YNL005C	0.0	0.01124466218477178	-1.0213082703655076	0.0	0.0
YNL012W	0.0	-4.441641562984726	-0.030038478540162818	0.0	0.0
YNL032W	-1.3280792850420304	-3.328420006692352	-0.030038478540162818	-1.1417333408271362	0.0
YNL056W	0.0	-3.328420006692352	-0.030038478540162818	0.0	0.0
YNL064C	0.0	-3.328420006692352	-0.030038478540162818	0.0	0.0
YNL067W	-1.3280792850420304	-3.328420006692352	-0.030038478540162818	0.0	0.0
YNL068C	-1.3280792850420304	-3.328420006692352	-0.030038478540162818	0.0	0.0
YNL080C	-6.640396425210152	-3.328420006692352	-3.995117645841542	-6.850400044962818	-10.923932356832221
YNL099C	-1.3280792850420304	-3.328420006692352	-0.030038478540162818	0.0	0.0
YNL107W	-1.3280792850420304	0.01124466218477178	-0.030038478540162818	0.0	-2.1847864713664444
YNL135C	0.0	-4.441641562984726	-0.030038478540162818	-1.1417333408271362	0.0
YNL170W	0.0	-3.328420006692352	-0.030038478540162818	0.0	0.0
YNL177C	0.0	1.1244662184771463	-5.977657229492232	0.0	0.0
YNL183C	0.0	0.01124466218477178	-0.030038478540162818	0.0	-2.1847864713664444
YNL199C	0.0	1.1244662184771463	-0.030038478540162818	0.0	0.0
YNL225C	0.0	-2.2151984503999773	-0.030038478540162818	-3.425200022481409	0.0
YNL226W	-1.3280792850420304	-3.328420006692352	-1.0213082703655076	0.0	0.0
YNL229C	-6.640396425210152	-3.328420006692352	-6.968927021317577	-1.1417333408271362	-2.1847864713664444
YNL236W	0.0	0.01124466218477178	-3.4994827499288697	-1.1417333408271362	0.0
YNL246W	-7.968475710252183	-3.328420006692352	-6.968927021317577	0.0	0.0
YNL250W	0.0	-4.441641562984726	-0.030038478540162818	-1.1417333408271362	-2.1847864713664444
YNL252C	0.0	0.01124466218477178	-6.968927021317577	0.0	-2.1847864713664444
YNL294C	0.0	-3.328420006692352	-0.030038478540162818	0.0	0.0
YNL296W	0.0	-1.1019768941076027	-1.0213082703655076	0.0	0.0
YNL297C	0.0	0.01124466218477178	-1.0213082703655076	0.0	0.0
YNL307C	-7.968475710252183	-1.1019768941076027	-6.968927021317577	-4.566933363308545	0.0
YNL323W	-6.640396425210152	-2.2151984503999773	-0.030038478540162818	0.0	0.0
YNR007C	0.0	-4.441641562984726	-0.030038478540162818	-5.708666704135681	0.0
YNR036C	0.0	0.01124466218477178	-6.968927021317577	0.0	0.0
YNR037C	0.0	0.01124466218477178	-4.986387437666887	0.0	0.0
YNR040W	0.0	-4.441641562984726	-1.0213082703655076	-1.1417333408271362	0.0
YNR042W	0.0	-4.441641562984726	-1.0213082703655076	0.0	0.0
YNR052C	0.0	-1.1019768941076027	-0.030038478540162818	0.0	0.0
YNR058W	0.0	0.01124466218477178	-1.0213082703655076	-1.1417333408271362	0.0
YOL003C	0.0	-3.328420006692352	-0.030038478540162818	-7.992133385789954	0.0
YOL004W	0.0	-3.328420006692352	-0.030038478540162818	-4.566933363308545	0.0
YOL018C	0.0	-3.328420006692352	-0.030038478540162818	0.0	0.0
YOL023W	0.0	0.01124466218477178	-1.0213082703655076	0.0	0.0
YOL024W	-1.3280792850420304	-3.328420006692352	-0.030038478540162818	0.0	-2.1847864713664444
YOL031C	0.0	1.1244662184771463	-0.030038478540162818	0.0	0.0
YOL033W	0.0	0.01124466218477178	-5.977657229492232	0.0	0.0
YOL037C	0.0	0.01124466218477178	-1.0213082703655076	0.0	-2.1847864713664444
YOL039W	0.0	-1.1019768941076027	-0.030038478540162818	0.0	0.0
YOL041C	0.0	-3.328420006692352	-0.030038478540162818	0.0	0.0
YOL042W	0.0	-3.328420006692352	-0.030038478540162818	0.0	0.0
YOL043C	0.0	-4.441641562984726	-0.030038478540162818	0.0	0.0
YOL049W	0.0	1.1244662184771463	-0.030038478540162818	0.0	0.0
YOL050C	0.0	-4.441641562984726	-0.030038478540162818	0.0	0.0
YOL051W	-6.640396425210152	-4.441641562984726	-6.968927021317577	-4.566933363308545	0.0
YOL052C	0.0	-1.1019768941076027	-1.0213082703655076	0.0	0.0
YOL053W	0.0	-1.1019768941076027	-0.030038478540162818	0.0	0.0
YOL058W	-7.968475710252183	0.01124466218477178	-0.030038478540162818	0.0	0.0
YOL061W	0.0	-4.441641562984726	-0.030038478540162818	0.0	0.0
YOL062C	0.0	-1.1019768941076027	-0.030038478540162818	0.0	0.0
YOL063C	0.0	-1.1019768941076027	-0.030038478540162818	0.0	0.0
YOL065C	0.0	0.01124466218477178	-1.0213082703655076	0.0	0.0
YOL070C	0.0	0.01124466218477178	-0.030038478540162818	0.0	-2.1847864713664444
YOL081W	-6.640396425210152	-3.328420006692352	-1.0213082703655076	-4.566933363308545	0.0
YOL095C	0.0	1.1244662184771463	-5.977657229492232	0.0	0.0
YOL108C	0.0	0.01124466218477178	-1.0213082703655076	0.0	0.0
YOR002W	0.0	-3.328420006692352	-0.030038478540162818	0.0	0.0
YOR014W	0.0	-4.441641562984726	0.9612313132851821	0.0	0.0
YOR030W	0.0	-3.328420006692352	-0.030038478540162818	0.0	0.0
YOR065W	0.0	1.1244662184771463	-6.968927021317577	0.0	0.0
YOR078W	0.0	-3.328420006692352	-0.030038478540162818	-7.992133385789954	-2.1847864713664444
YOR080W	0.0	-4.441641562984726	-0.030038478540162818	0.0	-2.1847864713664444
YOR086C	0.0	-4.441641562984726	-0.030038478540162818	0.0	0.0
YOR099W	0.0	-4.441641562984726	-0.030038478540162818	0.0	-2.1847864713664444
YOR100C	0.0	-4.441641562984726	-0.030038478540162818	0.0	-2.1847864713664444
YOR104W	0.0	-4.441641562984726	-0.030038478540162818	0.0	0.0
YOR111W	0.0	-4.441641562984726	-0.030038478540162818	0.0	-2.1847864713664444
YOR112W	0.0	-3.328420006692352	-0.030038478540162818	0.0	-2.1847864713664444
YOR123C	0.0	-1.1019768941076027	-0.030038478540162818	-1.1417333408271362	-2.1847864713664444
YOR124C	0.0	0.01124466218477178	-0.030038478540162818	0.0	-2.1847864713664444
YOR130C	0.0	0.01124466218477178	-0.030038478540162818	0.0	-2.1847864713664444
YOR132W	0.0	-3.328420006692352	-0.030038478540162818	0.0	0.0
YOR135C	0.0	0.01124466218477178	-0.030038478540162818	-4.566933363308545	-15.29350529956511
YOR136W	0.0	0.01124466218477178	-0.030038478540162818	-4.566933363308545	-15.29350529956511
YOR140W	0.0	0.01124466218477178	-0.030038478540162818	0.0	-2.1847864713664444
YOR153W	0.0	-3.328420006692352	-0.030038478540162818	0.0	0.0
YOR162C	0.0	-3.328420006692352	-0.030038478540162818	0.0	-2.1847864713664444
YOR170W	0.0	-4.441641562984726	-0.030038478540162818	0.0	-2.1847864713664444
YOR171C	0.0	-4.441641562984726	-0.030038478540162818	-1.1417333408271362	0.0
YOR198C	0.0	0.01124466218477178	-1.0213082703655076	-1.1417333408271362	0.0
YOR199W	0.0	0.01124466218477178	-0.030038478540162818	-1.1417333408271362	0.0
YOR270C	-6.640396425210152	0.01124466218477178	-1.0213082703655076	-1.1417333408271362	0.0
YOR275C	-1.3280792850420304	-4.441641562984726	-0.030038478540162818	0.0	0.0
YOR290C	0.0	0.01124466218477178	-6.968927021317577	0.0	0.0
YOR295W	0.0	0.01124466218477178	-0.030038478540162818	-1.1417333408271362	0.0
YOR297C	0.0	-3.328420006692352	-0.030038478540162818	-7.992133385789954	0.0
YOR302W	-1.3280792850420304	0.01124466218477178	-0.030038478540162818	0.0	0.0
YOR303W	-1.3280792850420304	0.01124466218477178	-0.030038478540162818	0.0	0.0
YOR305W	0.0	0.01124466218477178	-6.968927021317577	0.0	0.0
YOR309C	0.0	-4.441641562984726	-0.030038478540162818	0.0	0.0
YOR322C	0.0	-3.328420006692352	-0.030038478540162818	-1.1417333408271362	0.0
YOR331C	-7.968475710252183	-3.328420006692352	-0.030038478540162818	-7.992133385789954	-15.29350529956511
YOR332W	-7.968475710252183	-3.328420006692352	-0.030038478540162818	-5.708666704135681	-15.29350529956511
YOR360C	-7.968475710252183	-3.328420006692352	-0.030038478540162818	-5.708666704135681	0.0
YPL005W	0.0	0.01124466218477178	-5.977657229492232	0.0	0.0
YPL013C	0.0	1.1244662184771463	-5.977657229492232	0.0	0.0
YPL024W	-1.3280792850420304	0.01124466218477178	-1.0213082703655076	0.0	0.0
YPL029W	0.0	0.01124466218477178	-5.977657229492232	0.0	-2.1847864713664444
YPL031C	-9.296554995294214	0.01124466218477178	-1.0213082703655076	-7.992133385789954	-2.1847864713664444
YPL040C	0.0	0.01124466218477178	-5.977657229492232	0.0	0.0
YPL055C	0.0	0.01124466218477178	-0.030038478540162818	-1.1417333408271362	0.0
YPL057C	0.0	0.01124466218477178	-0.030038478540162818	-7.992133385789954	-2.1847864713664444
YPL069C	0.0	-3.328420006692352	-1.0213082703655076	0.0	0.0
YPL086C	0.0	-2.2151984503999773	-0.030038478540162818	0.0	0.0
YPL091W	0.0	1.1244662184771463	-1.0213082703655076	0.0	0.0
YPL101W	0.0	-2.2151984503999773	-0.030038478540162818	0.0	0.0
YPL102C	0.0	-2.2151984503999773	-0.030038478540162818	0.0	0.0
YPL105C	0.0	0.01124466218477178	-0.030038478540162818	0.0	-2.1847864713664444
YPL107W	0.0	0.01124466218477178	-1.0213082703655076	0.0	-2.1847864713664444
YPL120W	-1.3280792850420304	-3.328420006692352	-1.0213082703655076	0.0	0.0
YPL121C	0.0	0.01124466218477178	-0.030038478540162818	0.0	-2.1847864713664444
YPL157W	0.0	0.01124466218477178	-0.030038478540162818	-1.1417333408271362	0.0
YPL162C	0.0	0.01124466218477178	-0.030038478540162818	-1.1417333408271362	0.0
YPL173W	0.0	0.01124466218477178	-5.977657229492232	0.0	0.0
YPL178W	0.0	0.01124466218477178	-0.030038478540162818	-1.1417333408271362	-2.1847864713664444
YPL183W-A	0.0	0.01124466218477178	-4.986387437666887	0.0	0.0
YPL189W	0.0	0.01124466218477178	-1.0213082703655076	0.0	0.0
YPL193W	0.0	-3.328420006692352	-0.030038478540162818	-1.1417333408271362	0.0
YPL205C	0.0	0.01124466218477178	-0.030038478540162818	-1.1417333408271362	0.0
YPL213W	-1.3280792850420304	0.01124466218477178	-0.030038478540162818	0.0	0.0
YPL215W	0.0	1.1244662184771463	-5.977657229492232	0.0	0.0
YPL234C	-7.968475710252183	0.01124466218477178	-1.0213082703655076	-7.992133385789954	0.0
YPL239W	0.0	-4.441641562984726	-0.030038478540162818	-1.1417333408271362	0.0
YPL244C	0.0	1.1244662184771463	-0.030038478540162818	0.0	0.0
YPL254W	-5.312317140168122	-3.328420006692352	-5.977657229492232	-2.2834666816542724	-15.29350529956511
YPR015C	-1.3280792850420304	0.01124466218477178	-0.030038478540162818	0.0	0.0
YPR018W	0.0	0.01124466218477178	0.9612313132851821	0.0	0.0
YPR024W	0.0	-1.1019768941076027	-0.030038478540162818	0.0	0.0
YPR027C	-1.3280792850420304	0.01124466218477178	-0.030038478540162818	0.0	0.0
YPR036W	0.0	-3.328420006692352	-0.030038478540162818	0.0	-13.108718828198665
YPR043W	0.0	0.01124466218477178	-0.030038478540162818	0.0	-2.1847864713664444
YPR047W	0.0	0.01124466218477178	-5.977657229492232	0.0	-2.1847864713664444
YPR058W	0.0	-3.328420006692352	-0.030038478540162818	0.0	0.0
YPR059C	0.0	-3.328420006692352	-0.030038478540162818	0.0	0.0
YPR074C	-1.3280792850420304	-1.1019768941076027	-4.986387437666887	-2.2834666816542724	-4.369572942732889
YPR078C	0.0	0.01124466218477178	-0.030038478540162818	0.0	-2.1847864713664444
YPR087W	0.0	-4.441641562984726	-0.030038478540162818	-1.1417333408271362	0.0
YPR099C	0.0	0.01124466218477178	-5.977657229492232	-1.1417333408271362	0.0
YPR100W	0.0	0.01124466218477178	-5.977657229492232	0.0	0.0
YPR101W	-1.3280792850420304	-1.1019768941076027	-1.0213082703655076	-1.1417333408271362	0.0
YPR116W	0.0	0.01124466218477178	-6.968927021317577	0.0	0.0
YPR123C	0.0	0.01124466218477178	-1.0213082703655076	-4.566933363308545	-15.29350529956511
YPR124W	0.0	0.01124466218477178	-1.0213082703655076	-4.566933363308545	-15.29350529956511
YPR126C	0.0	0.01124466218477178	-6.968927021317577	0.0	0.0
YPR135W	0.0	-4.441641562984726	-0.030038478540162818	-3.425200022481409	0.0
YPR139C	-1.3280792850420304	-4.441641562984726	-0.030038478540162818	0.0	-2.1847864713664444
YPR146C	0.0	-4.441641562984726	-0.030038478540162818	-4.566933363308545	0.0
YPR163C	-1.3280792850420304	-3.328420006692352	-1.0213082703655076	-7.992133385789954	0.0
YPR166C	-1.3280792850420304	0.01124466218477178	-6.968927021317577	0.0	-2.1847864713664444
