ORF	hom | growth (spot assay) | cumene hydroperoxide [0.0350.11 mM] | Thorpe GW~Dawes IW, 2004	hom | growth (spot assay) | diamide (1,1'-azobis(N,N-dimethylformamide) [0.81.2 mM]) | Thorpe GW~Dawes IW, 2004	hom | growth (spot assay) | hydrogen peroxide [0.751.6 mM] | Thorpe GW~Dawes IW, 2004	hom | growth (spot assay) | linoleic acid hydroperoxide [0.0450.08 mM] | Thorpe GW~Dawes IW, 2004	hom | growth (spot assay) | menadione [0.51.2 mM] | Thorpe GW~Dawes IW, 2004
YFL056C	0.000	-4.000	0.000	0.000	0.000
YMR072W	0.000	1.000	-6.000	0.000	0.000
YLR304C	0.000	-1.000	0.000	0.000	0.000
YDR448W	-7.000	-4.000	-1.000	-1.000	0.000
YGL234W	0.000	-3.000	-1.000	-1.000	0.000
YGR061C	0.000	0.000	0.000	0.000	-7.000
YDR226W	0.000	-2.000	-1.000	0.000	0.000
YJR105W	-7.000	0.000	0.000	0.000	-1.000
YMR064W	0.000	1.000	-7.000	0.000	0.000
YLR109W	-1.000	0.000	0.000	0.000	0.000
YDR264C	-7.000	-2.000	0.000	-7.000	0.000
YMR169C	0.000	-4.000	0.000	-5.000	0.000
YOR002W	0.000	-3.000	0.000	0.000	0.000
YML035C	0.000	0.000	-1.000	-1.000	0.000
YKL157W	-1.000	-1.000	-1.000	0.000	-1.000
YGR261C	0.000	0.000	0.000	0.000	-1.000
YBR288C	0.000	-4.000	0.000	0.000	0.000
YOL062C	0.000	-1.000	0.000	0.000	0.000
YBR149W	0.000	-4.000	0.000	0.000	0.000
YGL105W	-1.000	-3.000	0.000	-5.000	0.000
YLR370C	0.000	-3.000	-1.000	0.000	0.000
YOL058W	-6.000	0.000	0.000	0.000	0.000
YJL088W	-5.000	0.000	0.000	0.000	0.000
YDR173C	0.000	0.000	0.000	-1.000	0.000
YBR164C	0.000	-3.000	-1.000	0.000	0.000
YLR085C	0.000	0.000	0.000	-1.000	-1.000
YDL100C	0.000	-4.000	0.000	-1.000	0.000
YLR242C	-7.000	-2.000	-6.000	-7.000	0.000
YJL115W	0.000	-4.000	0.000	-5.000	0.000
YBL099W	0.000	0.000	-1.000	0.000	0.000
YJL180C	0.000	0.000	-5.000	0.000	0.000
YML081C-A	0.000	-4.000	0.000	0.000	0.000
YDR298C	0.000	0.000	-5.000	0.000	0.000
YKL016C	0.000	0.000	-1.000	-7.000	0.000
YNR007C	0.000	-4.000	0.000	-5.000	0.000
YCL038C	0.000	-4.000	0.000	0.000	0.000
YIL124W	0.000	-4.000	0.000	-1.000	0.000
YBR068C	-6.000	0.000	-7.000	-2.000	0.000
YER167W	0.000	0.000	0.000	-1.000	0.000
YDL070W	0.000	-1.000	-1.000	0.000	0.000
YER155C	0.000	-1.000	-1.000	0.000	0.000
YOR198C	0.000	0.000	-1.000	-1.000	0.000
YNR058W	0.000	0.000	-1.000	-1.000	0.000
YER177W	0.000	-4.000	-1.000	-5.000	0.000
YDL074C	0.000	-4.000	-1.000	-1.000	0.000
YBR290W	-1.000	-3.000	0.000	0.000	0.000
YFL025C	0.000	-3.000	0.000	0.000	0.000
YPL069C	0.000	-3.000	-1.000	0.000	0.000
YJL188C	-1.000	-3.000	-1.000	-5.000	0.000
YOR078W	0.000	-3.000	0.000	-7.000	-1.000
YCR047C	-1.000	0.000	0.000	0.000	0.000
YLR062C	0.000	-3.000	0.000	0.000	-1.000
YPL178W	0.000	0.000	0.000	-1.000	-1.000
YJL209W	0.000	0.000	-1.000	0.000	0.000
YHL038C	0.000	0.000	-1.000	0.000	0.000
YPL215W	0.000	1.000	-6.000	0.000	0.000
YGR174C	0.000	0.000	-1.000	0.000	0.000
YDL069C	0.000	0.000	-7.000	0.000	0.000
YDR197W	0.000	0.000	-7.000	0.000	0.000
YLR220W	-6.000	-3.000	-7.000	0.000	0.000
YKR066C	0.000	0.000	-1.000	0.000	0.000
YAL021C	0.000	-3.000	0.000	0.000	0.000
YCR094W	0.000	-3.000	0.000	0.000	0.000
YER164W	0.000	-4.000	-1.000	-7.000	0.000
YLR330W	-1.000	-4.000	0.000	0.000	0.000
YMR198W	0.000	0.000	-1.000	0.000	0.000
YIL035C	0.000	0.000	0.000	-1.000	0.000
YLR210W	0.000	-4.000	0.000	0.000	0.000
YNL225C	0.000	-2.000	0.000	-3.000	0.000
YGL223C	0.000	0.000	0.000	-1.000	0.000
YGL005C	0.000	-1.000	0.000	0.000	0.000
YBR003W	0.000	0.000	-7.000	-7.000	0.000
YGR255C	0.000	0.000	-6.000	0.000	0.000
YBL045C	0.000	1.000	-6.000	0.000	0.000
YER141W	0.000	0.000	-1.000	-7.000	0.000
YDR231C	0.000	1.000	0.000	0.000	0.000
YOR303W	-1.000	0.000	0.000	0.000	0.000
YJR109C	-1.000	-4.000	0.000	0.000	0.000
YOR100C	0.000	-4.000	0.000	0.000	-1.000
YHR146W	0.000	0.000	0.000	0.000	-1.000
YLR087C	0.000	-3.000	0.000	0.000	0.000
YBR036C	0.000	0.000	0.000	-2.000	-3.000
YCR086W	-1.000	0.000	-1.000	-1.000	0.000
YIL036W	0.000	0.000	0.000	0.000	-1.000
YPR135W	0.000	-4.000	0.000	-3.000	0.000
YBR291C	-1.000	0.000	0.000	-1.000	0.000
YPR124W	0.000	0.000	-1.000	-4.000	-7.000
YCR068W	-1.000	-1.000	-1.000	-5.000	0.000
YCL007C	-3.000	-3.000	0.000	-4.000	0.000
YGR036C	-1.000	-3.000	0.000	-7.000	0.000
YOR065W	0.000	1.000	-7.000	0.000	0.000
YIR023W	-1.000	0.000	0.000	0.000	0.000
YGR092W	-7.000	-3.000	-7.000	-3.000	0.000
YGL078C	0.000	-1.000	0.000	0.000	0.000
YKR024C	-6.000	-3.000	0.000	0.000	0.000
YFL001W	-1.000	-4.000	0.000	-1.000	0.000
YBR163W	0.000	0.000	-7.000	0.000	0.000
YAL013W	0.000	-3.000	0.000	-1.000	0.000
YOR030W	0.000	-3.000	0.000	0.000	0.000
YOR080W	0.000	-4.000	0.000	0.000	-1.000
YHR011W	0.000	0.000	-5.000	0.000	0.000
YKL002W	0.000	-3.000	0.000	0.000	0.000
YNL001W	-6.000	-2.000	-1.000	-2.000	-1.000
YDR294C	0.000	-1.000	0.000	0.000	0.000
YAL026C	0.000	-4.000	-1.000	0.000	0.000
YDL101C	0.000	-4.000	0.000	0.000	0.000
YKL204W	0.000	-3.000	-1.000	-1.000	0.000
YJL201W	0.000	0.000	0.000	0.000	-1.000
YBR078W	-7.000	-3.000	0.000	-1.000	0.000
YBL047C	0.000	-4.000	0.000	0.000	0.000
YGR200C	0.000	-3.000	0.000	0.000	0.000
YPL086C	0.000	-2.000	0.000	0.000	0.000
YPL101W	0.000	-2.000	0.000	0.000	0.000
YGL200C	0.000	0.000	-1.000	0.000	0.000
YLR246W	-1.000	-1.000	0.000	0.000	0.000
YLR056W	-6.000	-2.000	0.000	-3.000	-1.000
YGL012W	-5.000	-2.000	0.000	0.000	0.000
YMR015C	0.000	-3.000	0.000	-1.000	0.000
YGL054C	0.000	-1.000	0.000	0.000	0.000
YDR518W	0.000	0.000	-5.000	-1.000	0.000
YFR019W	-1.000	-3.000	-4.000	-1.000	-1.000
YBR041W	0.000	-4.000	0.000	0.000	0.000
YJL155C	0.000	-4.000	0.000	-6.000	0.000
YMR058W	0.000	-1.000	0.000	0.000	0.000
YIL065C	-7.000	-4.000	0.000	-7.000	0.000
YNL068C	-1.000	-3.000	0.000	0.000	0.000
YLR342W	-1.000	-4.000	0.000	0.000	0.000
YIL098C	-1.000	-3.000	-1.000	-1.000	0.000
YNL135C	0.000	-4.000	0.000	-1.000	0.000
YER145C	0.000	-1.000	-1.000	0.000	0.000
YAL022C	0.000	0.000	0.000	0.000	-1.000
YDR024W	0.000	-3.000	0.000	-1.000	0.000
YIL097W	-6.000	-3.000	0.000	-5.000	0.000
YDL151C	-6.000	-2.000	0.000	-2.000	-4.000
YBR179C	0.000	0.000	-1.000	-1.000	0.000
YOL051W	-5.000	-4.000	-7.000	-4.000	0.000
YGR252W	-1.000	0.000	0.000	0.000	0.000
YNL199C	0.000	1.000	0.000	0.000	0.000
YML094W	0.000	-4.000	0.000	0.000	-1.000
YER122C	0.000	0.000	-7.000	-1.000	0.000
YPL091W	0.000	1.000	-1.000	0.000	0.000
YHR183W	0.000	-4.000	-5.000	-5.000	-2.000
YDR508C	0.000	-3.000	0.000	0.000	0.000
YJL101C	-3.000	-1.000	-4.000	-7.000	-4.000
YOL049W	0.000	1.000	0.000	0.000	0.000
YGR163W	0.000	0.000	0.000	-7.000	-1.000
YPL189W	0.000	0.000	-1.000	0.000	0.000
YJL165C	0.000	0.000	0.000	-1.000	0.000
YGL237C	0.000	0.000	-1.000	0.000	0.000
YKR084C	-1.000	-3.000	0.000	0.000	0.000
YLR192C	-6.000	-4.000	0.000	-1.000	0.000
YPL254W	-4.000	-3.000	-6.000	-2.000	-7.000
YJR055W	0.000	-3.000	0.000	0.000	0.000
YOL095C	0.000	1.000	-6.000	0.000	0.000
YDR174W	-1.000	-3.000	-1.000	-4.000	-7.000
YJR075W	0.000	-4.000	0.000	0.000	0.000
YJR139C	-1.000	-1.000	-1.000	-1.000	0.000
YJL092W	0.000	0.000	-1.000	-1.000	0.000
YBR272C	-1.000	0.000	0.000	0.000	0.000
YPL244C	0.000	1.000	0.000	0.000	0.000
YIR037W	-6.000	0.000	0.000	0.000	0.000
YOR136W	0.000	0.000	0.000	-4.000	-7.000
YDL066W	0.000	0.000	-7.000	-1.000	0.000
YOL023W	0.000	0.000	-1.000	0.000	0.000
YLR384C	0.000	-3.000	0.000	0.000	0.000
YJR118C	0.000	-4.000	0.000	-3.000	0.000
YCR046C	-1.000	0.000	-6.000	0.000	0.000
YMR150C	0.000	0.000	-1.000	0.000	0.000
YMR035W	0.000	0.000	-1.000	-1.000	0.000
YIL154C	-1.000	0.000	-1.000	-3.000	0.000
YOL108C	0.000	0.000	-1.000	0.000	0.000
YOL065C	0.000	0.000	-1.000	0.000	0.000
YDR315C	0.000	0.000	0.000	-1.000	0.000
YOL081W	-5.000	-3.000	-1.000	-4.000	0.000
YPL040C	0.000	0.000	-6.000	0.000	0.000
YDL115C	0.000	-3.000	0.000	-5.000	0.000
YKL032C	0.000	1.000	0.000	0.000	0.000
YGL241W	0.000	-4.000	0.000	-1.000	0.000
YDR017C	-1.000	0.000	-1.000	-1.000	-1.000
YDL041W	-1.000	-3.000	-1.000	-6.000	0.000
YKL110C	0.000	-1.000	0.000	0.000	0.000
YOR099W	0.000	-4.000	0.000	0.000	-1.000
YJL062W	-7.000	-4.000	-1.000	-1.000	0.000
YOR171C	0.000	-4.000	0.000	-1.000	0.000
YLR260W	0.000	1.000	-6.000	0.000	0.000
YPL213W	-1.000	0.000	0.000	0.000	0.000
YNL323W	-5.000	-2.000	0.000	0.000	0.000
YOR123C	0.000	-1.000	0.000	-1.000	-1.000
YPL055C	0.000	0.000	0.000	-1.000	0.000
YDR439W	0.000	0.000	0.000	-1.000	0.000
YJL124C	-6.000	-3.000	0.000	-1.000	0.000
YKL176C	0.000	0.000	0.000	0.000	-1.000
YDR027C	-1.000	-3.000	-1.000	-7.000	0.000
YMR038C	0.000	0.000	0.000	-1.000	-1.000
YLR244C	-6.000	-1.000	0.000	-3.000	-7.000
YDL056W	0.000	0.000	-7.000	0.000	-1.000
YNL307C	-6.000	-1.000	-7.000	-4.000	0.000
YGL219C	0.000	0.000	-1.000	-1.000	-7.000
YLR069C	0.000	0.000	-5.000	0.000	0.000
YJL102W	0.000	0.000	-6.000	0.000	0.000
YPL121C	0.000	0.000	0.000	0.000	-1.000
YKR069W	0.000	0.000	-1.000	-1.000	0.000
YKL001C	0.000	-1.000	0.000	0.000	0.000
YBR213W	0.000	-4.000	0.000	0.000	0.000
YML062C	0.000	-3.000	1.000	0.000	0.000
YIR033W	0.000	0.000	-1.000	0.000	0.000
YJR144W	0.000	0.000	-4.000	0.000	0.000
YBR084W	0.000	0.000	-1.000	0.000	0.000
YLR320W	0.000	-3.000	0.000	-6.000	0.000
YKL201C	0.000	-4.000	0.000	0.000	-1.000
YNL297C	0.000	0.000	-1.000	0.000	0.000
YCL061C	0.000	-4.000	0.000	0.000	0.000
YDL079C	0.000	-4.000	0.000	0.000	0.000
YDL045W-A	0.000	0.000	-7.000	0.000	-1.000
YKL003C	0.000	-3.000	0.000	0.000	0.000
YPR166C	-1.000	0.000	-7.000	0.000	-1.000
YBL090W	0.000	0.000	-1.000	0.000	0.000
YNL005C	0.000	0.000	-1.000	0.000	0.000
YDL202W	0.000	1.000	-7.000	0.000	-1.000
YKR006C	0.000	0.000	-6.000	0.000	0.000
YBL038W	0.000	0.000	-6.000	0.000	0.000
YNL252C	0.000	0.000	-7.000	0.000	-1.000
YKR085C	0.000	-3.000	-6.000	0.000	-1.000
YMR193W	0.000	0.000	-7.000	0.000	0.000
YGR076C	0.000	0.000	-5.000	0.000	0.000
YDR462W	0.000	0.000	-5.000	0.000	0.000
YDR322W	0.000	0.000	-6.000	0.000	0.000
YBR268W	-1.000	0.000	-7.000	-1.000	0.000
YLR439W	0.000	0.000	-1.000	0.000	0.000
YPL173W	0.000	0.000	-6.000	0.000	0.000
YJL096W	0.000	0.000	-1.000	0.000	0.000
YHR147C	0.000	0.000	-5.500	0.000	0.000
YDR237W	0.000	1.000	-7.000	0.000	0.000
YJL063C	0.000	0.000	-1.000	0.000	0.000
YGR220C	0.000	0.000	-6.000	0.000	0.000
YIR021W	-1.000	0.000	-1.000	-1.000	-1.000
YKL009W	-1.000	-3.000	0.000	-7.000	0.000
YOL033W	0.000	0.000	-6.000	0.000	0.000
YPR047W	0.000	0.000	-6.000	0.000	-1.000
YGR171C	0.000	1.000	-6.000	0.000	0.000
YDR335W	0.000	-4.000	0.000	0.000	0.000
YDR194C	0.000	0.000	-7.000	0.000	0.000
YKL194C	0.000	-4.000	0.000	0.000	-1.000
YDR268W	0.000	1.000	0.000	0.000	0.000
YMR228W	0.000	0.000	-6.000	0.000	-1.000
YDL044C	0.000	0.000	-7.000	0.000	0.000
YGL236C	0.000	0.000	-1.000	0.000	0.000
YLR382C	0.000	0.000	-7.000	0.000	0.000
YMR080C	0.000	1.000	0.000	0.000	0.000
YPL024W	-1.000	0.000	-1.000	0.000	0.000
YDR176W	-1.000	0.000	-1.000	0.000	0.000
YOL042W	0.000	-3.000	0.000	0.000	0.000
YIL164C	0.000	-4.000	0.000	-1.000	0.000
YOL041C	0.000	-3.000	0.000	0.000	0.000
YBR170C	0.000	-1.000	0.000	0.000	0.000
YNL183C	0.000	0.000	0.000	0.000	-1.000
YDR043C	0.000	-4.000	0.000	0.000	0.000
YGR159C	0.000	-4.000	0.000	-1.000	0.000
YOL043C	0.000	-4.000	0.000	0.000	0.000
YAR002W	-1.000	-4.000	-1.000	-1.000	0.000
YDL116W	-1.000	-4.000	-1.000	-1.000	0.000
YKL055C	0.000	1.000	-1.000	-7.000	0.000
YNL099C	-1.000	-3.000	0.000	0.000	0.000
YKL134C	-1.000	0.000	-1.000	-1.000	0.000
YJR073C	-7.000	-3.000	0.000	-4.000	0.000
YOR130C	0.000	0.000	0.000	0.000	-1.000
YGL226C-A	0.000	0.000	-1.000	0.000	0.000
YBR279W	-5.000	-3.000	-7.000	-1.000	0.000
YKL025C	0.000	-4.000	0.000	0.000	0.000
YCR077C	-1.000	-4.000	0.000	-1.000	0.000
YEL049W	0.000	-4.000	-1.000	0.000	0.000
YGR101W	0.000	0.000	-6.000	0.000	0.000
YER178W	0.000	-4.000	-1.000	0.000	0.000
YOR360C	-6.000	-3.000	0.000	-5.000	0.000
YGL013C	0.000	-4.000	0.000	0.000	0.000
YOR153W	0.000	-3.000	0.000	0.000	0.000
YBR035C	0.000	0.000	0.000	-3.000	0.000
YLR148W	-6.000	-3.000	-1.000	-7.000	0.000
YDR323C	0.000	-3.000	0.000	0.000	0.000
YBL080C	0.000	0.000	-6.000	0.000	0.000
YER153C	0.000	0.000	-1.000	-7.000	0.000
YLR067C	0.000	0.000	-5.000	0.000	0.000
YNL003C	-1.000	0.000	-1.000	-1.000	-1.000
YKL197C	0.000	0.000	0.000	0.000	-1.000
YDL065C	0.000	0.000	0.000	-7.000	0.000
YGR133W	0.000	0.000	0.000	-1.000	0.000
YJL179W	0.000	0.000	0.000	0.000	-1.000
YGR240C	0.000	1.000	0.000	0.000	0.000
YIL107C	0.000	-4.000	-1.000	-3.000	0.000
YGL025C	-6.000	-4.000	0.000	-5.000	0.000
YER037W	0.000	-1.000	0.000	0.000	0.000
YDL106C	-1.000	0.000	0.000	-1.000	0.000
YPL031C	-7.000	0.000	-1.000	-7.000	-1.000
YJL117W	-1.000	0.000	-1.000	0.000	0.000
YBR106W	0.000	0.000	0.000	-1.000	0.000
YJL198W	0.000	0.000	0.000	0.000	-1.000
YML061C	0.000	0.000	-7.000	-1.000	0.000
YOR104W	0.000	-4.000	0.000	0.000	0.000
YMR123W	0.000	-3.000	0.000	0.000	0.000
YNR052C	0.000	-1.000	0.000	0.000	0.000
YIL160C	0.000	-4.000	0.000	-1.000	0.000
YDL039C	-3.500	0.000	-1.000	-0.500	0.000
YOL061W	0.000	-4.000	0.000	0.000	0.000
YGR170W	0.000	0.000	0.000	-1.000	0.000
YDL006W	0.000	-3.000	-1.000	-7.000	0.000
YKL198C	0.000	-4.000	0.000	0.000	-1.000
YDR496C	0.000	-3.000	-1.000	-1.000	0.000
YHR001W-A	0.000	-1.000	0.000	0.000	0.000
YDR529C	0.000	0.000	-5.000	0.000	0.000
YJL166W	0.000	0.000	-7.000	0.000	0.000
YDL104C	0.000	0.000	-1.000	0.000	0.000
YNL250W	0.000	-4.000	0.000	-1.000	-1.000
YGL058W	0.000	0.000	-1.000	-1.000	-1.000
YGL246C	-1.000	-3.000	-1.000	-1.000	0.000
YJL204C	0.000	-3.000	0.000	-1.000	-1.000
YDR195W	0.000	-3.000	0.000	0.000	0.000
YDR028C	-6.000	0.000	-7.000	-6.000	-7.000
YCL001W	-1.000	0.000	0.000	0.000	0.000
YIL053W	-1.000	-4.000	0.000	0.000	0.000
YCR028C-A	-1.000	0.000	-6.000	0.000	0.000
YFL033C	-1.000	0.000	0.000	0.000	0.000
YOR275C	-1.000	-4.000	0.000	0.000	0.000
YNL294C	0.000	-3.000	0.000	0.000	0.000
YEL024W	0.000	0.000	-1.000	0.000	0.000
YPR018W	0.000	0.000	1.000	0.000	0.000
YGR180C	-1.000	0.000	-1.000	-1.000	0.000
YBL093C	-6.000	-3.000	-7.000	0.000	0.000
YJL121C	0.000	-4.000	-2.000	-3.000	-2.000
YGR085C	-1.000	-4.000	0.000	0.000	0.000
YDL082W	0.000	0.000	-1.000	0.000	0.000
YMR142C	-1.000	-3.000	0.000	-1.000	0.000
YKL006W	0.000	-3.000	0.000	0.000	0.000
YBL027W	0.000	-4.000	0.000	0.000	0.000
YGL135W	-1.000	0.000	-1.000	-1.000	0.000
YBR191W	-7.000	-3.000	-7.000	-1.000	0.000
YLR061W	0.000	-3.000	-1.000	0.000	-1.000
YGL031C	-1.000	-1.000	0.000	0.000	0.000
YHR010W	-1.000	-3.000	-1.000	0.000	0.000
YIL018W	0.000	1.000	0.000	0.000	0.000
YDL191W	0.000	-1.000	0.000	0.000	0.000
YIL148W	-1.000	0.000	0.000	0.000	0.000
YPR043W	0.000	0.000	0.000	0.000	-1.000
YNL067W	-1.000	-3.000	0.000	0.000	0.000
YDL020C	0.000	-3.000	-1.000	-3.000	0.000
YDL130W	0.000	-3.000	0.000	-1.000	0.000
YOL039W	0.000	-1.000	0.000	0.000	0.000
YDR025W	0.000	-3.000	0.000	0.000	0.000
YBR048W	0.000	0.000	0.000	-1.000	0.000
YMR143W	0.000	-3.000	0.000	0.000	0.000
YDL083C	0.000	-3.000	0.000	-1.000	0.000
YML024W	-1.000	0.000	-1.000	-1.000	0.000
YJL136C	0.000	-3.000	0.000	-1.000	0.000
YJR145C	-1.000	-3.000	0.000	0.000	0.000
YHR203C	0.000	-1.000	0.000	0.000	0.000
YBL072C	0.000	-4.000	0.000	-1.000	0.000
YPL193W	0.000	-3.000	0.000	-1.000	0.000
YER050C	0.000	0.000	-1.000	0.000	0.000
YNR037C	0.000	0.000	-5.000	0.000	0.000
YDR175C	0.000	1.000	-7.000	0.000	0.000
YIL093C	0.000	1.000	-7.000	0.000	0.000
YGL252C	0.000	-3.000	0.000	0.000	0.000
YOR014W	0.000	-4.000	1.000	0.000	0.000
YJL047C	0.000	0.000	-1.000	-1.000	0.000
YDR289C	0.000	-4.000	0.000	-5.000	0.000
YLL002W	0.000	0.000	-6.000	-7.000	0.000
YKL212W	0.000	-3.000	0.000	-7.000	-1.000
YDR484W	0.000	-3.000	0.000	0.000	0.000
YDR159W	0.000	-3.000	0.000	0.000	0.000
YFR040W	0.000	-3.000	0.000	0.000	0.000
YCR008W	0.000	0.000	0.000	-1.000	0.000
YJL080C	0.000	-4.000	-1.000	-1.000	0.000
YDR469W	0.000	0.000	0.000	-1.000	0.000
YLR268W	-7.000	0.000	0.000	-7.000	-1.000
YIL076W	0.000	-4.000	0.000	0.000	0.000
YBR171W	0.000	-2.000	0.000	-1.000	0.000
YLR292C	0.000	-2.000	0.000	0.000	0.000
YCR067C	-1.000	0.000	0.000	0.000	0.000
YDR363W-A	0.000	-3.000	0.000	-4.000	0.000
YHR207C	0.000	-4.000	0.000	0.000	0.000
YOR140W	0.000	0.000	0.000	0.000	-1.000
YLR403W	-1.000	-2.000	0.000	0.000	0.000
YBR130C	0.000	0.000	-1.000	0.000	0.000
YOL004W	0.000	-3.000	0.000	-4.000	0.000
YNL236W	0.000	0.000	-3.500	-1.000	0.000
YNL032W	-1.000	-3.000	0.000	-1.000	0.000
YGL213C	0.000	-3.000	-1.000	0.000	0.000
YHR206W	-4.000	0.000	-5.000	0.000	-1.000
YBL007C	0.000	0.000	-6.000	0.000	0.000
YBR156C	0.000	-1.000	0.000	0.000	0.000
YLR139C	0.000	1.000	-6.000	0.000	0.000
YHR030C	0.000	0.000	0.000	-1.000	0.000
YER116C	-7.000	0.000	-1.000	-4.000	0.000
YGR229C	0.000	-3.000	0.000	0.000	0.000
YBR172C	0.000	0.000	0.000	-1.000	0.000
YOR290C	0.000	0.000	-7.000	0.000	0.000
YBR289W	-5.000	0.000	0.000	-2.000	-3.000
YHL025W	-6.000	-3.000	0.000	-4.000	0.000
YLR025W	0.000	-3.000	0.000	0.000	0.000
YCR033W	-1.000	-1.000	0.000	0.000	0.000
YPR101W	-1.000	-1.000	-1.000	-1.000	0.000
YJR104C	0.000	-1.000	-1.000	-1.000	-1.000
YMR066W	0.000	1.000	-6.000	0.000	0.000
YOL052C	0.000	-1.000	-1.000	0.000	0.000
YEL031W	0.000	-3.000	0.000	0.000	0.000
YNL012W	0.000	-4.000	0.000	0.000	0.000
YAL009W	0.000	-3.000	-1.000	-1.000	0.000
YMR179W	0.000	-4.000	0.000	-1.000	0.000
YGR063C	-7.000	-3.000	0.000	-7.000	0.000
YLR055C	0.000	0.000	0.000	-7.000	0.000
YGR104C	-6.000	-3.000	-7.000	-5.000	0.000
YCL037C	0.000	-4.000	0.000	0.000	0.000
YDR293C	-6.000	-3.000	0.000	0.000	0.000
YBR283C	0.000	0.000	-1.000	-1.000	0.000
YLR369W	0.000	1.000	-3.000	0.000	0.000
YHR064C	0.000	-4.000	0.000	0.000	-1.000
YHR178W	-1.000	-1.000	-3.000	-3.000	-2.000
YJR117W	0.000	0.000	0.000	-5.000	0.000
YCL008C	0.000	-3.000	0.000	0.000	0.000
YPL057C	0.000	0.000	0.000	-7.000	-1.000
YDR297W	0.000	-4.000	0.000	0.000	0.000
YPL029W	0.000	0.000	-6.000	0.000	-1.000
YAR003W	0.000	1.000	-1.000	0.000	0.000
YBR175W	0.000	-3.000	-1.000	0.000	0.000
YJL176C	-6.000	-4.000	0.000	-2.000	0.000
YLR182W	0.000	-4.000	0.000	-1.000	-1.000
YBR069C	-1.000	-3.000	0.000	-3.000	-5.000
YDR161W	0.000	-3.000	0.000	0.000	0.000
YKL140W	0.000	0.000	0.000	0.000	-1.000
YDL080C	0.000	-4.000	-1.000	-7.000	0.000
YLR237W	0.000	-4.000	0.000	-1.000	0.000
YHR167W	0.000	-4.000	1.000	0.000	0.000
YCR053W	0.000	0.000	0.000	-4.000	-1.000
YPR163C	-1.000	-3.000	-1.000	-7.000	0.000
YGR162W	-1.000	-3.000	0.000	-1.000	0.000
YOR297C	0.000	-3.000	0.000	-7.000	0.000
YPR074C	-1.000	-1.000	-5.000	-2.000	-2.000
YOL018C	0.000	-3.000	0.000	0.000	0.000
YLR234W	0.000	-3.000	0.000	-1.000	0.000
YBR126C	0.000	0.000	-1.000	-2.000	0.000
YDR074W	0.000	0.000	0.000	-1.000	0.000
YDR007W	0.000	-4.000	0.000	0.000	-1.000
YER090W	0.000	0.000	0.000	-1.000	0.000
YKL211C	0.000	-1.000	0.000	0.000	-1.000
YGR209C	-7.000	0.000	0.000	0.000	0.000
YOR295W	0.000	0.000	0.000	-1.000	0.000
YJL197W	0.000	0.000	0.000	0.000	-1.000
YBL067C	0.000	0.000	0.000	0.000	-1.000
YOR124C	0.000	0.000	0.000	0.000	-1.000
YER151C	0.000	0.000	-1.000	-7.000	0.000
YLR024C	0.000	-3.000	0.000	0.000	0.000
YBR006W	0.000	0.000	0.000	-1.000	0.000
YDR207C	0.000	-3.000	0.000	-1.000	0.000
YBR173C	0.000	0.000	-1.000	-1.000	0.000
YJL130C	0.000	-3.000	0.000	0.000	0.000
YNL229C	-5.000	-3.000	-7.000	-1.000	-1.000
YIL008W	0.000	-1.000	0.000	0.000	0.000
YDL077C	0.000	-4.000	-1.000	0.000	0.000
YGL212W	0.000	0.000	-1.000	0.000	0.000
YML115C	0.000	-3.000	0.000	-7.000	0.000
YIL017C	-6.000	-2.000	-1.000	-7.000	0.000
YGL227W	0.000	-3.000	-1.000	-5.000	0.000
YLR410W	0.000	1.000	0.000	0.000	0.000
YHR039C-A	-5.000	-4.000	0.000	0.000	0.000
YPL234C	-6.000	0.000	-1.000	-7.000	0.000
YPR036W	0.000	-3.000	0.000	0.000	-6.000
YBR127C	-5.000	-4.000	-1.000	-4.000	-1.000
YOR332W	-6.000	-3.000	0.000	-5.000	-7.000
YOR270C	-5.000	0.000	-1.000	-1.000	0.000
YKR001C	0.000	-3.000	0.000	0.000	0.000
YOR132W	0.000	-3.000	0.000	0.000	0.000
YKL041W	0.000	-1.000	0.000	0.000	0.000
YJR102C	-7.000	-2.000	0.000	0.000	0.000
YDR495C	0.000	-2.000	-1.000	0.000	0.000
YPL120W	-1.000	-3.000	-1.000	0.000	0.000
YLR396C	-6.000	-3.000	0.000	0.000	0.000
YLR417W	-1.000	-4.000	0.000	0.000	0.000
YDR486C	0.000	-1.000	-1.000	0.000	0.000
YLR322W	0.000	-3.000	0.000	0.000	0.000
YKR020W	0.000	-3.000	0.000	0.000	0.000
YPR087W	0.000	-4.000	0.000	-1.000	0.000
YML041C	0.000	0.000	-1.000	-1.000	0.000
YNL246W	-6.000	-3.000	-7.000	0.000	0.000
YAL002W	0.000	-3.000	-1.000	0.000	0.000
YML097C	0.000	-3.000	0.000	0.000	0.000
YNL107W	-1.000	0.000	0.000	0.000	-1.000
YJL141C	0.000	0.000	-1.000	0.000	0.000
YAL011W	0.000	0.000	0.000	0.000	-1.000
YML007W	-4.000	-3.000	-3.000	-4.000	0.000
YHL009C	0.000	-1.000	0.000	0.000	0.000
YPL239W	0.000	-4.000	0.000	-1.000	0.000
YBL100C	0.000	0.000	-1.000	0.000	0.000
YBL104C	0.000	0.000	0.000	-1.000	0.000
YBR216C	-6.000	-4.000	-1.000	0.000	0.000
YBR027C	0.000	-4.000	0.000	-1.000	0.000
YBR064W	0.000	0.000	-1.000	0.000	0.000
YBR077C	0.000	0.000	-1.000	-7.000	0.000
YBR134W	0.000	0.000	0.000	-1.000	0.000
YBR137W	0.000	-1.000	0.000	0.000	0.000
YBR147W	0.000	-1.000	0.000	0.000	0.000
YBR159W	0.000	-4.000	0.000	0.000	0.000
YBR161W	0.000	-4.000	0.000	0.000	0.000
YBR168W	-1.000	0.000	0.000	0.000	0.000
YBR174C	0.000	0.000	-1.000	0.000	0.000
YBR194W	0.000	-4.000	-1.000	0.000	0.000
YBR266C	0.000	-3.000	0.000	0.000	0.000
YBR284W	-1.000	0.000	-1.000	-1.000	0.000
YBR285W	-1.000	0.000	0.000	-1.000	0.000
YER123W	-1.000	0.000	0.000	-1.000	0.000
YCL002C	0.000	-3.000	0.000	0.000	0.000
YCL044C	0.000	-4.000	0.000	0.000	0.000
YCL045C	0.000	-1.000	0.000	0.000	0.000
YCL046W	0.000	-1.000	0.000	0.000	0.000
YCR030C	-1.000	0.000	0.000	0.000	0.000
YCR050C	-1.000	0.000	0.000	-1.000	0.000
YCR061W	-1.000	0.000	0.000	-1.000	0.000
YCR079W	-1.000	-4.000	0.000	-7.000	0.000
YCR087C-A	-1.000	0.000	-1.000	-1.000	0.000
YCR095C	-1.000	-3.000	0.000	-1.000	0.000
YNL064C	0.000	-3.000	0.000	0.000	0.000
YDL001W	0.000	-3.000	0.000	0.000	0.000
YDL023C	-6.000	-3.000	-1.000	-7.000	0.000
YDL032W	0.000	0.000	-7.000	0.000	0.000
YDL033C	0.000	-4.000	-7.000	0.000	0.000
YDL057W	0.000	-4.000	0.000	0.000	0.000
YDL068W	0.000	0.000	-7.000	0.000	0.000
YDL172C	0.000	0.000	0.000	-5.000	0.000
YDL173W	0.000	0.000	0.000	-4.000	0.000
YDL187C	-1.000	-4.000	-1.000	-1.000	0.000
YDR048C	-1.000	-1.000	0.000	0.000	0.000
YDR071C	0.000	-4.000	-1.000	-7.000	0.000
YDR203W	0.000	-3.000	0.000	0.000	0.000
YDR209C	0.000	0.000	-7.000	0.000	0.000
YDR230W	0.000	1.000	0.000	0.000	0.000
YDR255C	0.000	-4.000	0.000	0.000	0.000
YDR330W	0.000	-1.000	0.000	0.000	0.000
YDR332W	0.000	0.000	-6.000	0.000	0.000
YDR493W	0.000	-4.000	0.000	0.000	0.000
YDR509W	0.000	-3.000	0.000	0.000	0.000
YDR512C	0.000	1.000	0.000	0.000	0.000
YDR533C	0.000	0.000	-5.000	-7.000	0.000
YEL033W	0.000	-3.000	0.000	0.000	0.000
YEL047C	0.000	-4.000	0.000	0.000	0.000
YER010C	0.000	0.000	-1.000	0.000	0.000
YER077C	0.000	0.000	-1.000	0.000	0.000
YER087W	0.000	0.000	-1.000	0.000	0.000
YER137C	-1.000	0.000	0.000	-1.000	0.000
YER139C	-1.000	0.000	0.000	-1.000	0.000
YFR007W	0.000	-4.000	0.000	-1.000	0.000
YFR032C	0.000	0.000	-1.000	0.000	0.000
YFR039C	0.000	-2.000	-1.000	0.000	0.000
YFR048W	0.000	-4.000	0.000	0.000	0.000
YGL010W	0.000	0.000	0.000	0.000	-1.000
YGL045W	0.000	-3.000	-0.500	0.000	0.000
YGL072C	0.000	-3.000	0.000	0.000	0.000
YGL080W	0.000	-2.000	0.000	-6.000	0.000
YGL107C	0.000	1.000	-1.000	0.000	0.000
YGL114W	0.000	1.000	0.000	0.000	0.000
YGL211W	0.000	-3.000	0.000	-1.000	0.000
YGL218W	0.000	0.000	-1.000	0.000	0.000
YGL232W	0.000	0.000	0.000	-1.000	0.000
YGL250W	0.000	-4.000	-1.000	0.000	0.000
YGR054W	0.000	-3.000	-7.000	0.000	0.000
YGR064W	-7.000	-3.000	0.000	-5.000	0.000
YGR102C	0.000	0.000	-7.000	0.000	0.000
YGR122W	0.000	-3.000	0.000	0.000	0.000
YGR150C	0.000	1.000	-7.000	0.000	0.000
YGR160W	0.000	1.000	0.000	0.000	0.000
YGR165W	0.000	0.000	-7.000	0.000	0.000
YGR219W	0.000	0.000	-6.000	0.000	0.000
YGR257C	-1.000	0.000	-1.000	0.000	0.000
YHL023C	-5.000	NaN	NaN	-5.000	-6.000
YDL198C	-1.000	1.000	-6.000	0.000	-1.000
YHR034C	0.000	-3.000	0.000	-1.000	0.000
YHR155W	0.000	0.000	0.000	-6.000	0.000
YHR189W	0.000	0.000	-1.000	0.000	0.000
YIL029C	-7.000	-4.000	0.000	0.000	0.000
YIL041W	-7.000	-4.000	0.000	0.000	0.000
YIL077C	-1.000	-1.000	0.000	-7.000	0.000
YIL086C	0.000	0.000	0.000	0.000	-1.000
YIL088C	0.000	0.000	0.000	0.000	-1.000
YIL090W	0.000	0.000	0.000	-7.000	0.000
YIL110W	-1.000	-3.000	-1.000	-1.000	0.000
YJL046W	-1.000	-1.000	-1.000	-1.000	-1.000
YJL120W	0.000	-4.000	-2.000	-3.000	-2.000
YJL175W	-7.000	-1.000	-1.000	-6.000	0.000
YJL178C	0.000	0.000	0.000	0.000	-1.000
YJL215C	0.000	0.000	0.000	0.000	-1.000
YJL216C	0.000	0.000	0.000	0.000	-1.000
YJR083C	0.000	-4.000	0.000	0.000	0.000
YJR111C	-1.000	0.000	0.000	0.000	0.000
YJR129C	-1.000	-4.000	0.000	-7.000	0.000
YKL027W	0.000	-4.000	0.000	0.000	0.000
YKL051W	0.000	-4.000	0.000	0.000	0.000
YKL056C	0.000	-3.000	0.000	0.000	0.000
YKL075C	0.000	-3.000	0.000	0.000	0.000
YKL076C	0.000	-3.000	0.000	0.000	0.000
YKL077W	0.000	-4.000	0.000	0.000	0.000
YKL206C	0.000	0.000	1.000	0.000	0.000
YKR088C	0.000	-3.000	-7.000	0.000	-7.000
YKR104W	0.000	0.000	0.000	-1.000	0.000
YLL033W	0.000	0.000	-1.000	0.000	0.000
YLR089C	0.000	0.000	0.000	-1.000	0.000
YLR091W	0.000	0.000	-1.000	0.000	0.000
YLR149C	0.000	1.000	-6.000	0.000	0.000
YLR193C	0.000	-4.000	-1.000	0.000	0.000
YLR201C	0.000	1.000	-7.000	0.000	0.000
YLR202C	0.000	0.000	-6.000	0.000	0.000
YLR279W	0.000	-1.000	0.000	0.000	0.000
YLR290C	0.000	-1.000	0.000	0.000	0.000
YLR315W	0.000	-4.000	0.000	0.000	0.000
YLR358C	0.000	-3.000	-1.000	0.000	0.000
YLR427W	0.000	0.000	0.000	-1.000	0.000
YLR456W	0.000	-3.000	0.000	-5.000	-7.000
YPR058W	0.000	-3.000	0.000	0.000	0.000
YPR024W	0.000	-1.000	0.000	0.000	0.000
YML013W	0.000	0.000	-1.000	0.000	0.000
YML036W	-7.000	-4.000	-7.000	-1.000	0.000
YML047W-A	0.000	-4.000	0.000	0.000	0.000
YML090W	0.000	-4.000	0.000	0.000	0.000
YMR099C	0.000	-4.000	-1.000	0.000	-1.000
YMR147W	0.000	0.000	0.000	-1.000	0.000
YMR158C-A	0.000	-4.000	0.000	-5.000	0.000
YMR158W	0.000	0.000	-7.000	0.000	0.000
YMR158W-B	0.000	0.000	0.000	-6.000	0.000
YMR173W-A	-1.000	-4.000	0.000	-1.000	0.000
YMR326C	0.000	0.000	-1.000	0.000	0.000
YNL056W	0.000	-3.000	0.000	0.000	0.000
YNL080C	-5.000	-3.000	-4.000	-6.000	-5.000
YNL170W	0.000	-3.000	0.000	0.000	0.000
YNL177C	0.000	1.000	-6.000	0.000	0.000
YNL226W	-1.000	-3.000	-1.000	0.000	0.000
YNL296W	0.000	-1.000	-1.000	0.000	0.000
YNR036C	0.000	0.000	-7.000	0.000	0.000
YNR040W	0.000	-4.000	-1.000	-1.000	0.000
YNR042W	0.000	-4.000	-1.000	0.000	0.000
YOL003C	0.000	-3.000	0.000	-7.000	0.000
YOL024W	-1.000	-3.000	0.000	0.000	-1.000
YOL031C	0.000	1.000	0.000	0.000	0.000
YOL037C	0.000	0.000	-1.000	0.000	-1.000
YOL050C	0.000	-4.000	0.000	0.000	0.000
YOL053W	0.000	-1.000	0.000	0.000	0.000
YOL063C	0.000	-1.000	0.000	0.000	0.000
YOL070C	0.000	0.000	0.000	0.000	-1.000
YOR086C	0.000	-4.000	0.000	0.000	0.000
YOR111W	0.000	-4.000	0.000	0.000	-1.000
YOR112W	0.000	-3.000	0.000	0.000	-1.000
YOR135C	0.000	0.000	0.000	-4.000	-7.000
YOR170W	0.000	-4.000	0.000	0.000	-1.000
YOR199W	0.000	0.000	0.000	-1.000	0.000
YOR302W	-1.000	0.000	0.000	0.000	0.000
YOR305W	0.000	0.000	-7.000	0.000	0.000
YOR309C	0.000	-4.000	0.000	0.000	0.000
YOR322C	0.000	-3.000	0.000	-1.000	0.000
YOR331C	-6.000	-3.000	0.000	-7.000	-7.000
YPL005W	0.000	0.000	-6.000	0.000	0.000
YPL013C	0.000	1.000	-6.000	0.000	0.000
YPL102C	0.000	-2.000	0.000	0.000	0.000
YPL105C	0.000	0.000	0.000	0.000	-1.000
YPL107W	0.000	0.000	-1.000	0.000	-1.000
YPL157W	0.000	0.000	0.000	-1.000	0.000
YPL162C	0.000	0.000	0.000	-1.000	0.000
YPL183W-A	0.000	0.000	-5.000	0.000	0.000
YPL205C	0.000	0.000	0.000	-1.000	0.000
YPR015C	-1.000	0.000	0.000	0.000	0.000
YPR027C	-1.000	0.000	0.000	0.000	0.000
YPR059C	0.000	-3.000	0.000	0.000	0.000
YPR078C	0.000	0.000	0.000	0.000	-1.000
YPR099C	0.000	0.000	-6.000	-1.000	0.000
YPR100W	0.000	0.000	-6.000	0.000	0.000
YPR116W	0.000	0.000	-7.000	0.000	0.000
YPR123C	0.000	0.000	-1.000	-4.000	-7.000
YPR126C	0.000	0.000	-7.000	0.000	0.000
YPR139C	-1.000	-4.000	0.000	0.000	-1.000
YPR146C	0.000	-4.000	0.000	-4.000	0.000
YOR162C	0.000	-3.000	0.000	0.000	-1.000
YBR148W	0.000	-4.000	0.000	0.000	0.000
YIR026C	0.000	-3.000	0.000	0.000	0.000
YGR285C	0.000	-4.000	0.000	0.000	0.000