ORF	hap a | tRNA processed form 1/2 (tRNA(Ile)(UAU)) | standard [standard] | Wu J~Hopper AK, 2015	hap a | tRNA processed form 1/2 + extra band below I (tRNA(Ile)(UAU)) | standard [standard] | Wu J~Hopper AK, 2015	hap a | tRNA processed form 2* (tRNA(Ile)(UAU)) | standard [standard] | Wu J~Hopper AK, 2015	hap a | tRNA processed form 4/5/6 (tRNA(Ile)(UAU)) | standard [standard] | Wu J~Hopper AK, 2015	hap a | tRNA processed form 7 (tRNA(Ile)(UAU)) | standard [standard] | Wu J~Hopper AK, 2015	hap a | tRNA processed form 9 (tRNA(Ile)(UAU)) | standard [standard] | Wu J~Hopper AK, 2015
YAL001C	0.000	0.000	0.000	0.000	0.000	0.000
YAL003W	0.000	0.000	0.000	0.000	0.000	0.000
YAL025C	0.000	0.000	0.000	0.000	0.000	0.000
YAL034W-A	0.000	0.000	0.000	0.000	0.000	0.000
YAL038W	0.000	0.000	0.000	0.000	0.000	0.000
YAL041W	0.000	0.000	0.000	0.000	0.000	0.000
YAL043C	0.000	0.000	0.000	0.000	0.000	0.000
YAR007C	0.000	0.000	0.000	0.000	0.000	0.000
YAR008W	0.000	0.000	0.000	0.000	0.000	0.000
YAR019C	0.000	0.000	0.000	0.000	0.000	0.000
YBL023C	0.000	0.000	0.000	0.000	0.000	0.000
YBL026W	0.000	0.000	0.000	0.000	0.000	0.000
YBL034C	0.000	0.000	0.000	0.000	0.000	0.000
YBL035C	0.000	0.000	0.000	0.000	0.000	0.000
YBL040C	0.000	0.000	0.000	0.000	0.000	0.000
YBL041W	0.000	0.000	0.000	0.000	0.000	0.000
YBL050W	0.000	0.000	0.000	0.000	0.000	0.000
YBL074C	0.000	0.000	0.000	0.000	0.000	0.000
YBL076C	0.000	0.000	0.000	1.000	0.000	0.000
YBL084C	0.000	0.000	0.000	0.000	0.000	0.000
YBL093C	0.000	0.000	0.000	0.000	0.000	0.000
YBL105C	0.000	0.000	0.000	0.000	0.000	0.000
YBR004C	0.000	0.000	0.000	0.000	0.000	0.000
YBR011C	0.000	0.000	0.000	0.000	0.000	0.000
YBR029C	0.000	0.000	0.000	0.000	0.000	0.000
YBR049C	0.000	0.000	0.000	0.000	0.000	0.000
YBR055C	0.000	0.000	0.000	0.000	0.000	0.000
YBR058C-A	0.000	0.000	0.000	0.000	0.000	0.000
YBR060C	0.000	0.000	0.000	0.000	0.000	0.000
YBR070C	1.000	0.000	0.000	0.000	0.000	0.000
YBR080C	0.000	0.000	0.000	1.000	0.000	0.000
YBR087W	0.000	0.000	0.000	0.000	0.000	0.000
YBR088C	0.000	0.000	0.000	0.000	0.000	0.000
YBR102C	0.000	0.000	0.000	0.000	0.000	0.000
YBR109C	0.000	0.000	0.000	0.000	0.000	0.000
YBR110W	0.000	0.000	0.000	0.000	0.000	0.000
YBR121C	0.000	0.000	0.000	0.000	0.000	0.000
YBR123C	0.000	0.000	0.000	0.000	0.000	0.000
YBR135W	1.000	0.000	0.000	0.000	0.000	0.000
YBR142W	0.000	0.000	0.000	0.000	0.000	0.000
YBR143C	0.000	0.000	0.000	1.000	0.000	0.000
YBR152W	0.000	0.000	0.000	0.000	0.000	0.000
YBR153W	0.000	0.000	0.000	0.000	0.000	0.000
YBR155W	0.000	0.000	0.000	0.000	0.000	0.000
YBR156C	0.000	0.000	0.000	0.000	0.000	0.000
YBR160W	1.000	0.000	0.000	0.000	0.000	0.000
YBR167C	1.000	0.000	0.000	0.000	0.000	0.000
YBR193C	0.000	0.000	0.000	0.000	0.000	0.000
YBR196C	0.000	0.000	0.000	0.000	0.000	0.000
YBR198C	0.000	0.000	0.000	0.000	0.000	0.000
YBR202W	0.000	0.000	0.000	0.000	0.000	0.000
YBR211C	0.000	0.000	0.000	0.000	0.000	0.000
YBR234C	0.000	0.000	0.000	0.000	0.000	0.000
YBR236C	0.000	0.000	0.000	0.000	0.000	0.000
YBR237W	0.000	0.000	0.000	0.000	0.000	0.000
YBR247C	0.000	0.000	0.000	0.000	0.000	0.000
YBR253W	0.000	0.000	0.000	0.000	0.000	0.000
YBR254C	0.000	0.000	0.000	0.000	0.000	0.000
YBR256C	0.000	0.000	0.000	0.000	0.000	0.000
YBR257W	0.000	0.000	0.000	0.000	0.000	0.000
YBR265W	0.000	0.000	0.000	0.000	0.000	0.000
YCL004W	0.000	0.000	0.000	0.000	0.000	0.000
YCL052C	0.000	0.000	0.000	0.000	0.000	0.000
YCL059C	0.000	0.000	0.000	0.000	0.000	0.000
YCR002C	0.000	0.000	0.000	0.000	0.000	0.000
YCR035C	0.000	0.000	0.000	0.000	0.000	0.000
YCR042C	0.000	0.000	0.000	0.000	0.000	0.000
YCR052W	1.000	0.000	0.000	0.000	0.000	0.000
YCR054C	0.000	0.000	0.000	0.000	0.000	0.000
YCR057C	0.000	0.000	0.000	0.000	0.000	0.000
YCR072C	0.000	0.000	0.000	0.000	0.000	0.000
YCR093W	0.000	0.000	0.000	0.000	0.000	0.000
YDL007W	0.000	0.000	0.000	0.000	0.000	0.000
YDL008W	0.000	0.000	0.000	0.000	0.000	0.000
YDL014W	0.000	0.000	0.000	0.000	0.000	0.000
YDL015C	0.000	0.000	0.000	0.000	0.000	0.000
YDL017W	0.000	0.000	0.000	0.000	0.000	0.000
YDL028C	0.000	0.000	0.000	0.000	0.000	0.000
YDL029W	0.000	0.000	0.000	0.000	0.000	0.000
YDL030W	0.000	0.000	0.000	0.000	0.000	0.000
YDL043C	0.000	0.000	0.000	0.000	0.000	0.000
YDL045C	0.000	0.000	0.000	0.000	0.000	0.000
YDL055C	0.000	0.000	0.000	0.000	0.000	0.000
YDL058W	0.000	0.000	0.000	0.000	0.000	0.000
YDL064W	0.000	0.000	0.000	0.000	0.000	0.000
YDL084W	0.000	0.000	0.000	0.000	0.000	0.000
YDL087C	0.000	0.000	0.000	0.000	0.000	0.000
YDL090C	0.000	0.000	0.000	0.000	0.000	0.000
YDL098C	0.000	0.000	0.000	0.000	0.000	0.000
YDL102W	0.000	0.000	0.000	0.000	0.000	0.000
YDL108W	0.000	0.000	0.000	0.000	0.000	0.000
YDL111C	0.000	0.000	0.000	0.000	0.000	0.000
YDL126C	0.000	0.000	0.000	0.000	0.000	0.000
YDL140C	0.000	0.000	0.000	0.000	0.000	0.000
YDL141W	0.000	0.000	0.000	0.000	0.000	0.000
YDL143W	0.000	0.000	0.000	0.000	0.000	0.000
YDL145C	0.000	0.000	0.000	0.000	0.000	0.000
YDL148C	0.000	0.000	0.000	0.000	0.000	0.000
YDL164C	0.000	0.000	0.000	0.000	0.000	0.000
YDL165W	0.000	0.000	0.000	0.000	0.000	0.000
YDL166C	0.000	0.000	0.000	0.000	0.000	0.000
YDL193W	0.000	0.000	0.000	0.000	0.000	0.000
YDL195W	0.000	0.000	0.000	0.000	0.000	0.000
YDL208W	0.000	0.000	0.000	0.000	0.000	0.000
YDL209C	0.000	0.000	0.000	0.000	0.000	0.000
YDL217C	0.000	0.000	0.000	0.000	0.000	0.000
YDL220C	0.000	0.000	0.000	0.000	0.000	0.000
YDR002W	0.000	0.000	0.000	1.000	0.000	0.000
YDR013W	0.000	0.000	0.000	0.000	0.000	0.000
YDR016C	0.000	0.000	0.000	0.000	0.000	0.000
YDR021W	0.000	0.000	0.000	0.000	0.000	0.000
YDR044W	0.000	0.000	0.000	0.000	0.000	0.000
YDR045C	1.000	0.000	0.000	0.000	0.000	0.000
YDR050C	0.000	0.000	0.000	0.000	0.000	0.000
YDR052C	0.000	0.000	0.000	1.000	0.000	0.000
YDR054C	0.000	0.000	0.000	1.000	0.000	0.000
YDR060W	0.000	0.000	0.000	0.000	0.000	0.000
YDR062W	0.000	0.000	0.000	1.000	0.000	0.000
YDR064W	0.000	0.000	0.000	0.000	0.000	0.000
YDR081C	0.000	0.000	0.000	0.000	0.000	0.000
YDR082W	0.000	0.000	0.000	0.000	0.000	0.000
YDR086C	0.000	0.000	0.000	0.000	0.000	0.000
YDR087C	0.000	0.000	0.000	0.000	0.000	0.000
YDR088C	0.000	0.000	0.000	0.000	0.000	0.000
YDR091C	0.000	0.000	0.000	0.000	0.000	0.000
YDR113C	0.000	0.000	0.000	0.000	0.000	0.000
YDR118W	0.000	0.000	0.000	0.000	0.000	0.000
YDR145W	0.000	0.000	0.000	0.000	0.000	0.000
YDR164C	0.000	0.000	0.000	0.000	0.000	0.000
YDR166C	0.000	0.000	0.000	1.000	0.000	0.000
YDR167W	0.000	0.000	0.000	0.000	0.000	0.000
YDR168W	0.000	0.000	0.000	0.000	0.000	0.000
YDR170C	0.000	0.000	0.000	0.000	0.000	0.000
YDR172W	0.000	0.000	0.000	1.000	0.000	0.000
YDR180W	0.000	0.000	0.000	0.000	0.000	0.000
YDR182W	0.000	0.000	0.000	0.000	0.000	0.000
YDR188W	0.000	0.000	0.000	0.000	0.000	0.000
YDR189W	0.000	0.000	0.000	0.000	0.000	0.000
YDR201W	0.000	0.000	0.000	0.000	0.000	0.000
YDR208W	0.000	0.000	0.000	0.000	0.000	0.000
YDR212W	0.000	0.000	0.000	0.000	0.000	0.000
YDR228C	0.000	0.000	0.000	0.000	0.000	0.000
YDR232W	0.000	0.000	0.000	0.000	0.000	0.000
YDR235W	0.000	0.000	0.000	0.000	0.000	0.000
YDR236C	0.000	0.000	0.000	0.000	0.000	0.000
YDR238C	0.000	0.000	0.000	0.000	0.000	0.000
YDR240C	0.000	0.000	0.000	0.000	0.000	0.000
YDR243C	0.000	0.000	0.000	0.000	0.000	0.000
YDR246W	0.000	0.000	0.000	0.000	0.000	0.000
YDR267C	0.000	0.000	0.000	0.000	0.000	0.000
YDR280W	0.000	0.000	0.000	0.000	0.000	0.000
YDR288W	0.000	0.000	0.000	0.000	0.000	0.000
YDR292C	0.000	0.000	0.000	0.000	0.000	0.000
YDR299W	0.000	0.000	0.000	0.000	0.000	0.000
YDR302W	0.000	0.000	0.000	0.000	0.000	0.000
YDR303C	0.000	0.000	0.000	0.000	0.000	0.000
YDR311W	0.000	0.000	0.000	0.000	0.000	0.000
YDR325W	0.000	0.000	0.000	0.000	0.000	0.000
YDR328C	0.000	0.000	0.000	0.000	0.000	0.000
YDR339C	0.000	0.000	0.000	0.000	0.000	0.000
YDR341C	0.000	0.000	0.000	0.000	0.000	0.000
YDR356W	0.000	0.000	0.000	0.000	0.000	0.000
YDR361C	0.000	0.000	0.000	0.000	0.000	0.000
YDR362C	0.000	0.000	0.000	0.000	0.000	0.000
YDR364C	0.000	0.000	0.000	0.000	0.000	0.000
YDR367W	0.000	0.000	0.000	0.000	0.000	0.000
YDR373W	0.000	0.000	0.000	0.000	0.000	0.000
YDR394W	0.000	0.000	0.000	0.000	0.000	0.000
YDR398W	0.000	0.000	0.000	0.000	0.000	0.000
YDR404C	0.000	0.000	0.000	0.000	0.000	0.000
YDR416W	0.000	0.000	0.000	0.000	0.000	0.000
YDR429C	0.000	0.000	0.000	0.000	0.000	0.000
YDR434W	0.000	0.000	0.000	0.000	0.000	0.000
YDR449C	0.000	0.000	0.000	0.000	0.000	0.000
YDR454C	1.000	0.000	0.000	0.000	0.000	0.000
YDR460W	0.000	0.000	0.000	0.000	0.000	0.000
YDR472W	0.000	0.000	0.000	0.000	0.000	0.000
YDR473C	0.000	0.000	0.000	0.000	0.000	0.000
YDR487C	0.000	0.000	0.000	0.000	0.000	0.000
YDR489W	0.000	0.000	0.000	0.000	0.000	0.000
YDR498C	0.000	0.000	0.000	1.000	0.000	0.000
YDR510W	0.000	0.000	0.000	0.000	0.000	0.000
YDR527W	0.000	0.000	0.000	0.000	0.000	0.000
YDR531W	0.000	0.000	0.000	0.000	0.000	0.000
YEL019C	0.000	0.000	0.000	0.000	0.000	0.000
YEL032W	0.000	0.000	0.000	0.000	0.000	0.000
YEL034W	0.000	0.000	0.000	1.000	0.000	0.000
YEL055C	0.000	0.000	0.000	0.000	0.000	0.000
YER003C	0.000	0.000	0.000	0.000	0.000	0.000
YER006W	0.000	0.000	0.000	0.000	0.000	0.000
YER008C	0.000	0.000	0.000	0.000	0.000	0.000
YER009W	0.000	0.000	0.000	0.000	0.000	0.000
YER013W	0.000	0.000	0.000	0.000	0.000	0.000
YER018C	0.000	0.000	0.000	0.000	0.000	0.000
YER022W	0.000	0.000	0.000	0.000	0.000	0.000
YER023W	0.000	0.000	0.000	0.000	0.000	0.000
YER093C	0.000	0.000	0.000	0.000	0.000	0.000
YER094C	0.000	0.000	0.000	0.000	0.000	0.000
YER125W	0.000	0.000	0.000	1.000	0.000	0.000
YER133W	0.000	0.000	0.000	0.000	0.000	0.000
YER136W	0.000	0.000	0.000	0.000	0.000	0.000
YER148W	0.000	0.000	0.000	0.000	0.000	0.000
YER157W	0.000	0.000	0.000	0.000	0.000	0.000
YER165W	0.000	0.000	0.000	0.000	0.000	0.000
YER171W	0.000	0.000	0.000	0.000	0.000	0.000
YFL002C	0.000	0.000	0.000	0.000	0.000	0.000
YFL005W	0.000	0.000	0.000	0.000	0.000	0.000
YFL008W	0.000	0.000	0.000	0.000	0.000	0.000
YFL022C	0.000	0.000	0.000	1.000	0.000	0.000
YFL029C	0.000	0.000	0.000	0.000	0.000	0.000
YFL037W	0.000	0.000	0.000	0.000	0.000	0.000
YFL038C	0.000	0.000	0.000	0.000	0.000	0.000
YFL039C	0.000	0.000	0.000	1.000	0.000	0.000
YFL045C	0.000	0.000	0.000	0.000	0.000	0.000
YFR004W	0.000	0.000	0.000	0.000	0.000	0.000
YFR005C	0.000	0.000	0.000	0.000	0.000	0.000
YFR027W	0.000	0.000	0.000	0.000	0.000	0.000
YFR028C	0.000	0.000	0.000	0.000	0.000	0.000
YFR031C	0.000	0.000	0.000	0.000	0.000	0.000
YFR036W	0.000	0.000	0.000	0.000	0.000	0.000
YFR037C	0.000	0.000	0.000	0.000	0.000	0.000
YFR042W	0.000	0.000	0.000	0.000	0.000	0.000
YFR050C	0.000	0.000	0.000	0.000	0.000	0.000
YFR051C	0.000	0.000	0.000	0.000	0.000	0.000
YFR052W	0.000	0.000	0.000	0.000	0.000	0.000
YGL001C	0.000	0.000	0.000	0.000	0.000	0.000
YGL008C	0.000	0.000	0.000	0.000	0.000	0.000
YGL011C	0.000	0.000	0.000	0.000	0.000	0.000
YGL022W	0.000	0.000	0.000	0.000	0.000	0.000
YGL030W	0.000	0.000	0.000	0.000	0.000	0.000
YGL040C	0.000	0.000	0.000	0.000	0.000	0.000
YGL044C	0.000	0.000	0.000	0.000	0.000	0.000
YGL047W	0.000	0.000	0.000	0.000	0.000	0.000
YGL048C	0.000	0.000	0.000	0.000	0.000	0.000
YGL055W	0.000	0.000	0.000	0.000	0.000	0.000
YGL061C	0.000	0.000	0.000	0.000	0.000	0.000
YGL065C	0.000	0.000	0.000	0.000	0.000	0.000
YGL073W	0.000	0.000	0.000	0.000	0.000	0.000
YGL075C	0.000	0.000	0.000	0.000	0.000	0.000
YGL091C	0.000	0.000	0.000	0.000	0.000	0.000
YGL093W	0.000	0.000	0.000	0.000	0.000	0.000
YGL097W	0.000	0.000	0.000	1.000	0.000	0.000
YGL098W	0.000	0.000	0.000	0.000	0.000	0.000
YGL111W	0.000	0.000	0.000	0.000	0.000	0.000
YGL112C	0.000	0.000	0.000	0.000	0.000	0.000
YGL113W	0.000	0.000	0.000	0.000	0.000	0.000
YGL116W	0.000	0.000	0.000	0.000	0.000	0.000
YGL120C	1.000	0.000	0.000	0.000	0.000	0.000
YGL130W	0.000	0.000	0.000	0.000	0.000	0.000
YGL137W	0.000	0.000	0.000	0.000	0.000	0.000
YGL142C	0.000	0.000	0.000	0.000	0.000	0.000
YGL145W	0.000	0.000	0.000	0.000	0.000	0.000
YGL155W	0.000	0.000	0.000	0.000	0.000	0.000
YGL201C	0.000	0.000	0.000	0.000	0.000	0.000
YGL207W	0.000	0.000	0.000	0.000	0.000	0.000
YGL233W	0.000	0.000	0.000	0.000	0.000	0.000
YGL238W	1.000	0.000	0.000	0.000	0.000	0.000
YGL245W	0.000	0.000	0.000	0.000	0.000	0.000
YGL247W	0.000	0.000	0.000	0.000	0.000	0.000
YGR002C	0.000	0.000	0.000	0.000	0.000	0.000
YGR005C	0.000	0.000	0.000	0.000	0.000	0.000
YGR006W	0.000	0.000	0.000	0.000	0.000	0.000
YGR009C	0.000	0.000	0.000	0.000	0.000	0.000
YGR013W	0.000	0.000	0.000	0.000	0.000	0.000
YGR024C	0.000	0.000	0.000	0.000	0.000	0.000
YGR029W	0.000	0.000	0.000	0.000	0.000	0.000
YGR046W	0.000	0.000	0.000	0.000	0.000	0.000
YGR047C	0.000	0.000	0.000	0.000	0.000	0.000
YGR048W	0.000	0.000	0.000	0.000	0.000	0.000
YGR074W	0.000	0.000	0.000	0.000	0.000	0.000
YGR075C	0.000	0.000	0.000	0.000	0.000	0.000
YGR091W	0.000	0.000	0.000	0.000	0.000	0.000
YGR092W	0.000	0.000	0.000	0.000	0.000	0.000
YGR094W	0.000	0.000	0.000	0.000	0.000	0.000
YGR098C	0.000	0.000	0.000	0.000	0.000	0.000
YGR099W	0.000	0.000	0.000	0.000	0.000	0.000
YGR103W	0.000	0.000	0.000	0.000	0.000	0.000
YGR113W	0.000	0.000	0.000	0.000	0.000	0.000
YGR116W	0.000	0.000	0.000	0.000	0.000	0.000
YGR119C	0.000	0.000	0.000	1.000	0.000	0.000
YGR120C	0.000	0.000	0.000	0.000	0.000	0.000
YGR128C	0.000	0.000	0.000	0.000	0.000	0.000
YGR140W	0.000	0.000	0.000	0.000	0.000	0.000
YGR145W	0.000	0.000	0.000	0.000	0.000	0.000
YGR156W	0.000	0.000	0.000	0.000	0.000	0.000
YGR158C	0.000	0.000	0.000	0.000	0.000	0.000
YGR179C	0.000	0.000	0.000	0.000	0.000	0.000
YGR185C	0.000	0.000	0.000	0.000	0.000	0.000
YGR195W	0.000	0.000	0.000	0.000	0.000	0.000
YGR211W	0.000	0.000	0.000	0.000	0.000	0.000
YGR216C	0.000	0.000	0.000	0.000	0.000	0.000
YGR218W	0.000	0.000	0.000	1.000	0.000	0.000
YGR245C	0.000	0.000	0.000	0.000	0.000	0.000
YGR246C	0.000	0.000	0.000	0.000	0.000	0.000
YGR253C	0.000	0.000	0.000	0.000	0.000	0.000
YGR264C	0.000	0.000	0.000	0.000	0.000	0.000
YGR274C	0.000	0.000	0.000	0.000	0.000	0.000
YGR277C	0.000	0.000	0.000	0.000	0.000	0.000
YGR278W	0.000	0.000	0.000	0.000	0.000	0.000
YHR005C	0.000	0.000	0.000	0.000	0.000	0.000
YHR007C	0.000	0.000	0.000	0.000	0.000	0.000
YHR019C	0.000	0.000	0.000	0.000	0.000	0.000
YHR020W	0.000	0.000	0.000	0.000	0.000	0.000
YHR024C	0.000	0.000	0.000	0.000	0.000	0.000
YHR027C	0.000	0.000	0.000	1.000	0.000	0.000
YHR040W	0.000	0.000	0.000	0.000	0.000	0.000
YHR052W	0.000	0.000	0.000	0.000	0.000	0.000
YHR065C	0.000	0.000	0.000	0.000	0.000	0.000
YHR069C	0.000	0.000	0.000	0.000	0.000	0.000
YHR070W	0.000	0.000	0.000	0.000	0.000	0.000
YHR085W	0.000	0.000	0.000	0.000	0.000	0.000
YHR101C	0.000	0.000	0.000	0.000	0.000	0.000
YHR107C	0.000	0.000	0.000	0.000	0.000	0.000
YHR118C	0.000	0.000	0.000	0.000	0.000	0.000
YHR122W	0.000	0.000	0.000	0.000	0.000	0.000
YHR164C	1.000	0.000	0.000	0.000	0.000	0.000
YHR166C	0.000	0.000	0.000	0.000	0.000	0.000
YHR170W	0.000	0.000	0.000	0.000	0.000	0.000
YHR172W	0.000	0.000	0.000	0.000	0.000	0.000
YHR186C	0.000	0.000	0.000	0.000	0.000	0.000
YHR188C	0.000	0.000	0.000	0.000	0.000	0.000
YHR190W	0.000	0.000	0.000	0.000	0.000	0.000
YHR191C	0.000	0.000	0.000	0.000	0.000	0.000
YHR196W	0.000	0.000	0.000	0.000	0.000	0.000
YHR197W	0.000	0.000	0.000	0.000	0.000	0.000
YIL004C	0.000	0.000	0.000	0.000	0.000	0.000
YIL021W	0.000	0.000	0.000	0.000	0.000	0.000
YIL022W	0.000	0.000	0.000	0.000	0.000	0.000
YIL026C	0.000	0.000	0.000	0.000	0.000	0.000
YIL046W	0.000	0.000	0.000	0.000	0.000	0.000
YIL048W	0.000	0.000	0.000	0.000	0.000	0.000
YIL061C	1.000	0.000	0.000	0.000	0.000	0.000
YIL062C	0.000	0.000	0.000	0.000	0.000	0.000
YIL068C	0.000	0.000	0.000	0.000	0.000	0.000
YIL078W	0.000	0.000	0.000	1.000	0.000	0.000
YIL083C	0.000	0.000	0.000	0.000	0.000	0.000
YIL104C	0.000	0.000	0.000	0.000	0.000	0.000
YIL106W	0.000	0.000	0.000	0.000	0.000	0.000
YIL109C	0.000	0.000	0.000	0.000	0.000	0.000
YIL115C	0.000	0.000	0.000	1.000	0.000	0.000
YIL118W	0.000	0.000	0.000	0.000	0.000	0.000
YIL126W	1.000	0.000	0.000	0.000	0.000	0.000
YIL143C	0.000	0.000	0.000	0.000	0.000	0.000
YIL144W	0.000	0.000	0.000	0.000	0.000	0.000
YIL147C	0.000	0.000	0.000	0.000	0.000	0.000
YIL150C	0.000	0.000	0.000	0.000	0.000	0.000
YIR006C	0.000	0.000	0.000	0.000	0.000	0.000
YIR008C	0.000	0.000	0.000	0.000	0.000	0.000
YIR010W	0.000	0.000	0.000	0.000	0.000	0.000
YIR011C	0.000	0.000	0.000	0.000	0.000	0.000
YIR012W	0.000	0.000	0.000	0.000	0.000	0.000
YIR022W	0.000	0.000	0.000	0.000	0.000	0.000
YJL001W	0.000	0.000	0.000	0.000	0.000	0.000
YJL002C	0.000	0.000	0.000	0.000	0.000	0.000
YJL005W	0.000	0.000	0.000	0.000	0.000	0.000
YJL010C	0.000	0.000	0.000	0.000	0.000	0.000
YJL011C	0.000	0.000	0.000	0.000	0.000	0.000
YJL019W	0.000	0.000	0.000	0.000	0.000	0.000
YJL025W	0.000	0.000	0.000	0.000	0.000	0.000
YJL031C	0.000	0.000	0.000	0.000	0.000	0.000
YJL034W	0.000	0.000	0.000	0.000	0.000	0.000
YJL035C	0.000	0.000	0.000	0.000	0.000	0.000
YJL039C	0.000	0.000	0.000	1.000	0.000	0.000
YJL050W	0.000	0.000	0.000	0.000	0.000	0.000
YJL069C	0.000	0.000	0.000	0.000	0.000	0.000
YJL072C	0.000	0.000	0.000	0.000	0.000	0.000
YJL074C	0.000	0.000	0.000	0.000	0.000	0.000
YJL081C	1.000	0.000	0.000	0.000	0.000	0.000
YJL085W	0.000	0.000	0.000	0.000	0.000	0.000
YJL087C	0.000	0.000	0.000	0.000	0.000	0.000
YJL090C	0.000	0.000	0.000	0.000	0.000	0.000
YJL125C	0.000	0.000	0.000	0.000	0.000	0.000
YJL167W	0.000	0.000	0.000	0.000	0.000	0.000
YJL173C	0.000	0.000	0.000	0.000	0.000	0.000
YJL174W	0.000	0.000	0.000	0.000	0.000	0.000
YJL194W	0.000	0.000	0.000	0.000	0.000	0.000
YJL203W	0.000	0.000	0.000	0.000	0.000	0.000
YJR002W	0.000	0.000	0.000	0.000	0.000	0.000
YJR007W	0.000	0.000	0.000	0.000	0.000	0.000
YJR017C	0.000	0.000	0.000	0.000	0.000	0.000
YJR042W	0.000	0.000	0.000	0.000	0.000	0.000
YJR045C	0.000	0.000	0.000	0.000	0.000	0.000
YJR046W	0.000	0.000	0.000	0.000	0.000	0.000
YJR057W	0.000	0.000	0.000	0.000	0.000	0.000
YJR064W	0.000	0.000	0.000	0.000	0.000	0.000
YJR065C	0.000	0.000	0.000	0.000	0.000	0.000
YJR068W	0.000	0.000	0.000	0.000	0.000	0.000
YJR072C	0.000	0.000	0.000	0.000	0.000	0.000
YJR076C	0.000	0.000	0.000	0.000	0.000	0.000
YJR112W	0.000	0.000	0.000	0.000	0.000	0.000
YJR141W	0.000	0.000	0.000	0.000	0.000	0.000
YKL004W	0.000	0.000	0.000	0.000	0.000	0.000
YKL006C-A	0.000	0.000	0.000	0.000	0.000	0.000
YKL012W	0.000	0.000	0.000	0.000	0.000	0.000
YKL013C	0.000	0.000	0.000	0.000	0.000	0.000
YKL018W	0.000	0.000	0.000	0.000	0.000	0.000
YKL019W	0.000	0.000	0.000	0.000	0.000	0.000
YKL022C	0.000	0.000	0.000	0.000	0.000	0.000
YKL024C	1.000	0.000	0.000	0.000	0.000	0.000
YKL028W	0.000	0.000	0.000	0.000	0.000	0.000
YKL033W	0.000	0.000	0.000	0.000	0.000	0.000
YKL035W	0.000	0.000	0.000	0.000	0.000	0.000
YKL042W	0.000	0.000	0.000	0.000	0.000	0.000
YKL045W	0.000	0.000	0.000	0.000	0.000	0.000
YKL049C	0.000	0.000	0.000	0.000	0.000	0.000
YKL052C	0.000	0.000	0.000	0.000	0.000	0.000
YKL059C	0.000	0.000	0.000	0.000	0.000	0.000
YKL060C	0.000	0.000	0.000	0.000	0.000	0.000
YKL078W	0.000	0.000	0.000	0.000	0.000	0.000
YKL088W	0.000	0.000	0.000	0.000	0.000	0.000
YKL089W	0.000	0.000	0.000	0.000	0.000	0.000
YKL095W	0.000	0.000	0.000	0.000	0.000	0.000
YKL104C	0.000	0.000	0.000	0.000	0.000	0.000
YKL112W	1.000	0.000	0.000	0.000	0.000	0.000
YKL125W	0.000	0.000	0.000	0.000	0.000	0.000
YKL144C	1.000	0.000	0.000	0.000	0.000	0.000
YKL145W	0.000	0.000	0.000	0.000	0.000	0.000
YKL154W	0.000	0.000	0.000	0.000	0.000	0.000
YKL165C	0.000	0.000	0.000	0.000	0.000	0.000
YKL172W	0.000	0.000	0.000	0.000	0.000	0.000
YKL173W	1.000	0.000	0.000	0.000	0.000	0.000
YKL186C	0.000	0.000	0.000	1.000	0.000	0.000
YKL189W	0.000	0.000	0.000	0.000	0.000	0.000
YKL193C	0.000	0.000	0.000	0.000	0.000	0.000
YKL195W	0.000	0.000	0.000	0.000	0.000	0.000
YKL196C	0.000	0.000	0.000	0.000	0.000	0.000
YKL203C	0.000	0.000	0.000	0.000	0.000	0.000
YKL210W	0.000	0.000	0.000	0.000	0.000	0.000
YKR002W	0.000	0.000	0.000	0.000	0.000	0.000
YKR008W	0.000	0.000	0.000	0.000	0.000	0.000
YKR022C	0.000	0.000	0.000	0.000	0.000	0.000
YKR025W	0.000	0.000	0.000	0.000	0.000	0.000
YKR037C	0.000	0.000	0.000	0.000	0.000	0.000
YKR062W	0.000	0.000	0.000	0.000	0.000	0.000
YKR063C	0.000	0.000	0.000	0.000	0.000	0.000
YKR068C	0.000	0.000	0.000	0.000	0.000	0.000
YKR071C	0.000	0.000	0.000	0.000	0.000	0.000
YKR081C	0.000	0.000	0.000	0.000	0.000	0.000
YKR083C	0.000	0.000	0.000	0.000	0.000	0.000
YKR086W	0.000	0.000	0.000	0.000	0.000	0.000
YLL003W	0.000	0.000	0.000	0.000	0.000	0.000
YLL004W	0.000	0.000	0.000	0.000	0.000	0.000
YLL008W	0.000	0.000	0.000	0.000	0.000	0.000
YLL011W	0.000	0.000	0.000	0.000	0.000	0.000
YLL031C	0.000	0.000	0.000	0.000	0.000	0.000
YLL035W	0.000	0.000	0.000	0.000	0.000	0.000
YLL036C	0.000	0.000	0.000	0.000	0.000	0.000
YLL050C	0.000	0.000	0.000	0.000	0.000	0.000
YLR002C	0.000	0.000	0.000	0.000	0.000	0.000
YLR009W	0.000	0.000	0.000	0.000	0.000	0.000
YLR026C	0.000	0.000	0.000	0.000	0.000	0.000
YLR029C	0.000	0.000	0.000	0.000	0.000	0.000
YLR033W	0.000	0.000	0.000	0.000	0.000	0.000
YLR045C	0.000	0.000	0.000	0.000	0.000	0.000
YLR060W	0.000	0.000	0.000	0.000	0.000	0.000
YLR066W	0.000	0.000	0.000	0.000	0.000	0.000
YLR071C	0.000	0.000	0.000	0.000	0.000	0.000
YLR078C	0.000	0.000	0.000	1.000	0.000	0.000
YLR086W	0.000	0.000	0.000	0.000	0.000	0.000
YLR088W	0.000	0.000	0.000	0.000	0.000	0.000
YLR100W	0.000	0.000	0.000	1.000	0.000	0.000
YLR103C	0.000	0.000	0.000	0.000	0.000	0.000
YLR105C	0.000	0.000	0.000	1.000	0.000	0.000
YLR117C	0.000	0.000	0.000	0.000	0.000	0.000
YLR127C	0.000	0.000	0.000	0.000	0.000	0.000
YLR129W	0.000	0.000	0.000	0.000	0.000	0.000
YLR132C	0.000	0.000	0.000	0.000	0.000	0.000
YLR141W	1.000	0.000	0.000	0.000	0.000	0.000
YLR147C	0.000	0.000	0.000	0.000	0.000	0.000
YLR153C	0.000	0.000	0.000	0.000	0.000	0.000
YLR163C	0.000	0.000	0.000	0.000	0.000	0.000
YLR166C	0.000	0.000	0.000	0.000	0.000	0.000
YLR175W	0.000	0.000	0.000	0.000	0.000	0.000
YLR195C	0.000	0.000	0.000	0.000	0.000	0.000
YLR196W	0.000	0.000	0.000	0.000	0.000	0.000
YLR197W	0.000	0.000	0.000	0.000	0.000	0.000
YLR208W	0.000	0.000	0.000	1.000	0.000	0.000
YLR212C	0.000	0.000	0.000	0.000	0.000	0.000
YLR215C	0.000	0.000	0.000	0.000	0.000	0.000
YLR222C	0.000	0.000	0.000	0.000	0.000	0.000
YLR229C	0.000	0.000	0.000	0.000	0.000	0.000
YLR249W	0.000	0.000	0.000	1.000	0.000	0.000
YLR268W	0.000	0.000	0.000	1.000	0.000	0.000
YLR272C	0.000	0.000	0.000	0.000	0.000	0.000
YLR274W	0.000	0.000	0.000	0.000	0.000	0.000
YLR275W	0.000	0.000	0.000	0.000	0.000	0.000
YLR276C	0.000	0.000	0.000	0.000	0.000	0.000
YLR277C	0.000	0.000	0.000	0.000	0.000	0.000
YLR291C	0.000	0.000	0.000	0.000	0.000	0.000
YLR298C	0.000	0.000	0.000	0.000	0.000	0.000
YLR305C	0.000	0.000	0.000	0.000	0.000	0.000
YLR310C	0.000	0.000	0.000	0.000	0.000	0.000
YLR314C	0.000	0.000	0.000	0.000	0.000	0.000
YLR316C	0.000	0.000	0.000	0.000	0.000	0.000
YLR317W	0.000	0.000	0.000	0.000	0.000	0.000
YLR321C	0.000	0.000	0.000	0.000	0.000	0.000
YLR340W	0.000	0.000	0.000	0.000	0.000	0.000
YLR378C	0.000	0.000	0.000	0.000	0.000	0.000
YLR383W	0.000	0.000	0.000	0.000	0.000	0.000
YLR397C	0.000	0.000	0.000	0.000	0.000	0.000
YLR424W	0.000	0.000	0.000	0.000	0.000	0.000
YLR430W	0.000	0.000	0.000	0.000	0.000	0.000
YLR457C	0.000	0.000	0.000	0.000	0.000	0.000
YLR459W	0.000	0.000	0.000	0.000	0.000	0.000
YML010W	0.000	0.000	0.000	0.000	0.000	0.000
YML015C	0.000	0.000	0.000	0.000	0.000	0.000
YML023C	0.000	0.000	0.000	0.000	0.000	0.000
YML031W	0.000	0.000	0.000	1.000	0.000	0.000
YML046W	0.000	0.000	0.000	0.000	0.000	0.000
YML049C	0.000	0.000	0.000	0.000	0.000	0.000
YML064C	0.000	0.000	0.000	0.000	0.000	0.000
YML065W	0.000	0.000	0.000	0.000	0.000	0.000
YML069W	0.000	0.000	0.000	0.000	0.000	0.000
YML077W	0.000	0.000	0.000	0.000	0.000	0.000
YML092C	0.000	0.000	0.000	0.000	0.000	0.000
YML098W	0.000	0.000	0.000	0.000	0.000	0.000
YML105C	0.000	0.000	0.000	0.000	0.000	0.000
YML114C	0.000	0.000	0.000	0.000	0.000	0.000
YML125C	0.000	0.000	0.000	0.000	0.000	0.000
YML126C	0.000	0.000	0.000	0.000	0.000	0.000
YML127W	0.000	0.000	0.000	0.000	0.000	0.000
YML130C	0.000	0.000	0.000	0.000	0.000	0.000
YMR001C	0.000	0.000	0.000	0.000	0.000	0.000
YMR005W	0.000	0.000	0.000	0.000	0.000	0.000
YMR013C	0.000	0.000	0.000	0.000	0.000	0.000
YMR028W	0.000	0.000	0.000	0.000	0.000	0.000
YMR033W	0.000	0.000	0.000	0.000	0.000	0.000
YMR043W	0.000	0.000	0.000	0.000	0.000	0.000
YMR049C	0.000	0.000	0.000	0.000	0.000	0.000
YMR061W	0.000	0.000	0.000	0.000	0.000	0.000
YMR079W	0.000	0.000	0.000	0.000	0.000	0.000
YMR093W	0.000	0.000	0.000	0.000	0.000	0.000
YMR094W	0.000	0.000	0.000	0.000	0.000	0.000
YMR112C	0.000	0.000	0.000	0.000	0.000	0.000
YMR117C	0.000	0.000	0.000	0.000	0.000	0.000
YMR134W	0.000	0.000	0.000	0.000	0.000	0.000
YMR146C	0.000	0.000	0.000	0.000	0.000	0.000
YMR149W	0.000	0.000	0.000	0.000	0.000	0.000
YMR168C	0.000	0.000	0.000	0.000	0.000	0.000
YMR197C	0.000	0.000	0.000	0.000	0.000	0.000
YMR200W	0.000	0.000	0.000	0.000	0.000	0.000
YMR208W	0.000	0.000	0.000	0.000	0.000	0.000
YMR211W	0.000	0.000	0.000	0.000	0.000	0.000
YMR213W	0.000	0.000	0.000	0.000	0.000	0.000
YMR218C	0.000	0.000	0.000	0.000	0.000	0.000
YMR220W	0.000	0.000	0.000	0.000	0.000	0.000
YMR227C	0.000	0.000	0.000	0.000	0.000	0.000
YMR229C	0.000	0.000	0.000	0.000	0.000	0.000
YMR235C	0.000	0.000	0.000	1.000	0.000	0.000
YMR236W	0.000	0.000	0.000	0.000	0.000	0.000
YMR239C	0.000	0.000	0.000	0.000	0.000	0.000
YMR240C	0.000	0.000	0.000	0.000	0.000	0.000
YMR260C	0.000	0.000	0.000	0.000	0.000	0.000
YMR268C	0.000	0.000	0.000	0.000	0.000	0.000
YMR277W	0.000	0.000	0.000	0.000	0.000	0.000
YMR281W	0.000	0.000	0.000	0.000	0.000	0.000
YMR288W	0.000	0.000	0.000	0.000	0.000	0.000
YMR290C	0.000	0.000	0.000	0.000	0.000	0.000
YMR296C	0.000	0.000	0.000	0.000	0.000	0.000
YMR298W	0.000	0.000	0.000	0.000	0.000	0.000
YMR308C	0.000	0.000	0.000	0.000	0.000	0.000
YMR314W	0.000	0.000	0.000	0.000	0.000	0.000
YNL002C	0.000	0.000	0.000	0.000	0.000	0.000
YNL006W	0.000	0.000	0.000	0.000	0.000	0.000
YNL007C	0.000	0.000	0.000	0.000	0.000	0.000
YNL038W	0.000	0.000	0.000	0.000	0.000	0.000
YNL061W	0.000	0.000	0.000	0.000	0.000	0.000
YNL062C	0.000	0.000	0.000	0.000	0.000	0.000
YNL075W	0.000	0.000	0.000	0.000	0.000	0.000
YNL102W	0.000	0.000	0.000	0.000	0.000	0.000
YNL110C	0.000	0.000	0.000	0.000	0.000	0.000
YNL118C	0.000	0.000	0.000	1.000	0.000	0.000
YNL126W	0.000	0.000	0.000	0.000	0.000	0.000
YNL131W	0.000	0.000	0.000	0.000	0.000	0.000
YNL132W	0.000	0.000	0.000	0.000	0.000	0.000
YNL138W	0.000	0.000	0.000	0.000	0.000	0.000
YNL152W	0.000	0.000	0.000	0.000	0.000	0.000
YNL158W	0.000	0.000	0.000	0.000	0.000	0.000
YNL181W	0.000	0.000	0.000	0.000	0.000	0.000
YNL182C	0.000	0.000	0.000	0.000	0.000	0.000
YNL189W	0.000	0.000	0.000	0.000	0.000	0.000
YNL207W	0.000	0.000	0.000	0.000	0.000	0.000
YNL216W	0.000	0.000	0.000	1.000	0.000	0.000
YNL222W	0.000	0.000	0.000	0.000	0.000	0.000
YNL232W	0.000	0.000	0.000	0.000	0.000	0.000
YNL244C	0.000	0.000	0.000	0.000	0.000	0.000
YNL247W	0.000	0.000	0.000	0.000	0.000	0.000
YNL256W	0.000	0.000	0.000	0.000	0.000	0.000
YNL258C	0.000	0.000	0.000	0.000	0.000	0.000
YNL260C	0.000	0.000	0.000	0.000	0.000	0.000
YNL261W	0.000	0.000	0.000	0.000	0.000	0.000
YNL262W	0.000	0.000	0.000	0.000	0.000	0.000
YNL263C	0.000	0.000	0.000	0.000	0.000	0.000
YNL267W	0.000	0.000	0.000	0.000	0.000	0.000
YNL272C	0.000	0.000	0.000	0.000	0.000	0.000
YNL282W	1.000	0.000	0.000	0.000	0.000	0.000
YNL287W	0.000	0.000	0.000	0.000	0.000	0.000
YNL310C	0.000	0.000	0.000	0.000	0.000	0.000
YNL312W	0.000	0.000	0.000	0.000	0.000	0.000
YNL313C	0.000	0.000	0.000	0.000	0.000	0.000
YNR003C	1.000	0.000	0.000	0.000	0.000	0.000
YNR011C	0.000	0.000	0.000	0.000	0.000	0.000
YNR017W	0.000	0.000	0.000	0.000	0.000	0.000
YNR026C	0.000	0.000	0.000	0.000	0.000	0.000
YNR035C	0.000	0.000	0.000	0.000	0.000	0.000
YNR038W	0.000	0.000	0.000	0.000	0.000	0.000
YNR053C	0.000	0.000	0.000	1.000	0.000	0.000
YOL022C	0.000	0.000	0.000	0.000	0.000	0.000
YOL034W	0.000	0.000	0.000	0.000	0.000	0.000
YOL038W	0.000	0.000	0.000	0.000	0.000	0.000
YOL066C	0.000	0.000	0.000	0.000	0.000	0.000
YOL077C	0.000	0.000	0.000	0.000	0.000	0.000
YOL094C	0.000	0.000	0.000	0.000	0.000	0.000
YOL102C	0.000	0.000	0.000	0.000	0.000	0.000
YOL123W	1.000	0.000	0.000	0.000	0.000	0.000
YOL130W	0.000	0.000	0.000	0.000	0.000	0.000
YOL135C	0.000	0.000	0.000	0.000	0.000	0.000
YOL139C	0.000	0.000	0.000	0.000	0.000	0.000
YOL146W	0.000	0.000	0.000	0.000	0.000	0.000
YOL149W	0.000	0.000	0.000	0.000	0.000	0.000
YOR004W	0.000	0.000	0.000	0.000	0.000	0.000
YOR020C	0.000	0.000	0.000	0.000	0.000	0.000
YOR046C	0.000	0.000	0.000	0.000	0.000	0.000
YOR048C	0.000	0.000	0.000	0.000	0.000	0.000
YOR056C	0.000	0.000	0.000	0.000	0.000	0.000
YOR057W	0.000	0.000	0.000	0.000	0.000	0.000
YOR060C	0.000	0.000	0.000	0.000	0.000	0.000
YOR063W	0.000	0.000	0.000	0.000	0.000	0.000
YOR074C	0.000	0.000	0.000	0.000	0.000	0.000
YOR075W	0.000	0.000	0.000	0.000	0.000	0.000
YOR103C	0.000	0.000	0.000	0.000	0.000	0.000
YOR116C	1.000	0.000	0.000	0.000	0.000	0.000
YOR122C	0.000	0.000	0.000	1.000	0.000	0.000
YOR143C	0.000	0.000	0.000	0.000	0.000	0.000
YOR148C	0.000	0.000	0.000	0.000	0.000	0.000
YOR149C	0.000	0.000	0.000	0.000	0.000	0.000
YOR151C	0.000	0.000	0.000	0.000	0.000	0.000
YOR157C	0.000	0.000	0.000	0.000	0.000	0.000
YOR160W	0.000	0.000	0.000	0.000	0.000	0.000
YOR168W	0.000	0.000	0.000	1.000	0.000	0.000
YOR174W	0.000	0.000	0.000	0.000	0.000	0.000
YOR176W	0.000	0.000	0.000	0.000	0.000	0.000
YOR181W	0.000	0.000	0.000	0.000	0.000	0.000
YOR194C	0.000	0.000	0.000	0.000	0.000	0.000
YOR204W	0.000	0.000	0.000	0.000	0.000	0.000
YOR206W	0.000	0.000	0.000	0.000	0.000	0.000
YOR224C	0.000	0.000	0.000	0.000	0.000	0.000
YOR232W	0.000	0.000	0.000	0.000	0.000	0.000
YOR236W	0.000	0.000	0.000	0.000	0.000	0.000
YOR244W	0.000	0.000	0.000	0.000	0.000	0.000
YOR249C	0.000	0.000	0.000	0.000	0.000	0.000
YOR250C	0.000	0.000	0.000	0.000	0.000	0.000
YOR257W	0.000	0.000	0.000	0.000	0.000	0.000
YOR259C	0.000	0.000	0.000	0.000	0.000	0.000
YOR261C	0.000	0.000	0.000	0.000	0.000	0.000
YOR262W	1.000	0.000	0.000	0.000	0.000	0.000
YOR272W	0.000	0.000	0.000	0.000	0.000	0.000
YOR294W	0.000	0.000	0.000	0.000	0.000	0.000
YOR310C	0.000	0.000	0.000	0.000	0.000	0.000
YOR326W	0.000	0.000	0.000	1.000	0.000	0.000
YOR329C	0.000	0.000	0.000	0.000	0.000	0.000
YOR335C	0.000	0.000	0.000	0.000	0.000	0.000
YOR336W	0.000	0.000	0.000	0.000	0.000	0.000
YOR341W	0.000	0.000	0.000	0.000	0.000	0.000
YOR353C	0.000	0.000	0.000	0.000	0.000	0.000
YOR361C	0.000	0.000	0.000	1.000	0.000	0.000
YOR362C	0.000	0.000	0.000	0.000	0.000	0.000
YPL007C	1.000	0.000	0.000	0.000	0.000	0.000
YPL010W	0.000	0.000	0.000	0.000	0.000	0.000
YPL020C	0.000	0.000	0.000	0.000	0.000	0.000
YPL028W	0.000	0.000	0.000	0.000	0.000	0.000
YPL043W	0.000	0.000	0.000	1.000	0.000	0.000
YPL063W	0.000	0.000	0.000	0.000	0.000	0.000
YPL076W	0.000	0.000	0.000	0.000	0.000	0.000
YPL082C	0.000	0.000	0.000	0.000	0.000	0.000
YPL085W	0.000	0.000	0.000	0.000	0.000	0.000
YPL093W	0.000	0.000	0.000	0.000	0.000	0.000
YPL124W	0.000	0.000	0.000	0.000	0.000	0.000
YPL128C	0.000	0.000	0.000	0.000	0.000	0.000
YPL131W	0.000	0.000	0.000	0.000	0.000	0.000
YPL151C	1.000	0.000	0.000	0.000	0.000	0.000
YPL160W	0.000	0.000	0.000	1.000	0.000	0.000
YPL169C	0.000	0.000	0.000	1.000	0.000	0.000
YPL175W	0.000	0.000	0.000	0.000	0.000	0.000
YPL190C	0.000	0.000	0.000	0.000	0.000	0.000
YPL204W	0.000	0.000	0.000	0.000	0.000	0.000
YPL209C	0.000	0.000	0.000	0.000	0.000	0.000
YPL211W	0.000	0.000	0.000	0.000	0.000	0.000
YPL217C	0.000	0.000	0.000	0.000	0.000	0.000
YPL228W	0.000	0.000	0.000	0.000	0.000	0.000
YPL233W	0.000	0.000	0.000	0.000	0.000	0.000
YPL235W	0.000	0.000	0.000	0.000	0.000	0.000
YPL252C	0.000	0.000	0.000	0.000	0.000	0.000
YPL255W	0.000	0.000	0.000	0.000	0.000	0.000
YPL266W	0.000	0.000	0.000	0.000	0.000	0.000
YPR016C	0.000	0.000	0.000	0.000	0.000	0.000
YPR019W	0.000	0.000	0.000	0.000	0.000	0.000
YPR025C	0.000	0.000	0.000	0.000	0.000	0.000
YPR033C	0.000	0.000	0.000	0.000	0.000	0.000
YPR034W	0.000	0.000	0.000	0.000	0.000	0.000
YPR035W	0.000	0.000	0.000	0.000	0.000	0.000
YPR055W	0.000	0.000	0.000	0.000	0.000	0.000
YPR082C	0.000	0.000	0.000	0.000	0.000	0.000
YPR085C	0.000	0.000	0.000	0.000	0.000	0.000
YPR088C	0.000	0.000	0.000	0.000	0.000	0.000
YPR103W	0.000	0.000	0.000	0.000	0.000	0.000
YPR107C	0.000	0.000	0.000	0.000	0.000	0.000
YPR108W	0.000	0.000	0.000	0.000	0.000	0.000
YPR110C	0.000	0.000	0.000	0.000	0.000	0.000
YPR137W	0.000	0.000	0.000	0.000	0.000	0.000
YPR144C	0.000	0.000	0.000	0.000	0.000	0.000
YPR162C	0.000	0.000	0.000	0.000	0.000	0.000
YPR165W	0.000	0.000	0.000	0.000	0.000	0.000
YPR168W	0.000	0.000	0.000	0.000	0.000	0.000
YPR175W	0.000	0.000	0.000	0.000	0.000	0.000
YPR176C	0.000	0.000	0.000	0.000	0.000	0.000
YPR178W	0.000	0.000	0.000	0.000	0.000	0.000
YPR180W	0.000	0.000	0.000	0.000	0.000	0.000
YPR181C	0.000	0.000	0.000	0.000	0.000	0.000
YPR183W	0.000	0.000	0.000	0.000	0.000	0.000
YPR190C	0.000	0.000	0.000	0.000	0.000	0.000
YAL035W	1.000	0.000	0.000	0.000	0.000	0.000
YBL039C	1.000	0.000	0.000	0.000	0.000	0.000
YBL072C	0.000	0.000	0.000	1.000	0.000	0.000
YBL079W	0.000	0.000	0.000	1.000	0.000	0.000
YBR015C	1.000	0.000	0.000	0.000	0.000	0.000
YBR078W	1.000	0.000	0.000	0.000	0.000	0.000
YBR079C	0.000	0.000	0.000	1.000	0.000	0.000
YBR149W	1.000	0.000	0.000	0.000	0.000	0.000
YBR164C	1.000	0.000	0.000	0.000	0.000	0.000
YBR166C	1.000	0.000	0.000	0.000	0.000	0.000
YBR168W	1.000	0.000	0.000	0.000	0.000	0.000
YBR258C	1.000	0.000	0.000	0.000	0.000	0.000
YBR269C	1.000	0.000	0.000	0.000	0.000	0.000
YBR281C	1.000	0.000	0.000	0.000	0.000	0.000
YBR291C	1.000	0.000	0.000	0.000	0.000	0.000
YBR295W	1.000	0.000	0.000	0.000	0.000	0.000
YBR297W	1.000	0.000	0.000	0.000	0.000	0.000
YCR025C	1.000	0.000	0.000	0.000	0.000	0.000
YCR026C	1.000	0.000	0.000	0.000	0.000	0.000
YCR036W	1.000	0.000	0.000	0.000	0.000	0.000
YCR045C	1.000	0.000	0.000	0.000	0.000	0.000
YCR050C	1.000	0.000	0.000	0.000	0.000	0.000
YCR061W	1.000	0.000	0.000	0.000	0.000	0.000
YCR063W	0.000	0.000	0.000	1.000	0.000	0.000
YCR068W	1.000	0.000	0.000	0.000	0.000	0.000
YCR087C-A	1.000	0.000	0.000	0.000	0.000	0.000
YCR087W	1.000	0.000	0.000	0.000	0.000	0.000
YCR095C	1.000	0.000	0.000	0.000	0.000	0.000
YDL074C	1.000	0.000	0.000	0.000	0.000	0.000
YDL091C	1.000	0.000	0.000	0.000	0.000	0.000
YDR176W	1.000	0.000	0.000	0.000	0.000	0.000
YDR207C	1.000	0.000	0.000	0.000	0.000	0.000
YDR241W	1.000	0.000	0.000	0.000	0.000	0.000
YDR242W	1.000	0.000	0.000	0.000	0.000	0.000
YDR322W	1.000	0.000	0.000	0.000	0.000	0.000
YDR417C	0.000	0.000	0.000	1.000	0.000	0.000
YDR435C	1.000	0.000	0.000	0.000	0.000	0.000
YDR444W	1.000	0.000	0.000	0.000	0.000	0.000
YDR505C	1.000	0.000	0.000	0.000	0.000	0.000
YDR528W	1.000	0.000	0.000	0.000	0.000	0.000
YER040W	1.000	1.000	0.000	0.000	0.000	0.000
YER111C	1.000	0.000	0.000	0.000	0.000	0.000
YER122C	1.000	0.000	0.000	0.000	0.000	0.000
YER152C	1.000	0.000	0.000	0.000	0.000	0.000
YER168C	0.000	0.000	0.000	0.000	0.000	0.000
YER177W	1.000	0.000	0.000	0.000	0.000	0.000
YER180C	1.000	0.000	0.000	0.000	0.000	0.000
YER181C	1.000	0.000	0.000	0.000	0.000	0.000
YFR030W	1.000	0.000	0.000	0.000	0.000	0.000
YFR040W	1.000	0.000	0.000	0.000	0.000	0.000
YGL114W	1.000	0.000	0.000	0.000	0.000	0.000
YGL173C	0.000	0.000	0.000	0.000	1.000	0.000
YGL194C	1.000	0.000	0.000	0.000	0.000	0.000
YGR252W	1.000	0.000	0.000	0.000	0.000	0.000
YGR276C	0.000	0.000	1.000	0.000	0.000	0.000
YHR036W	0.000	0.000	0.000	1.000	0.000	0.000
YIL052C	0.000	0.000	0.000	1.000	0.000	0.000
YIL148W	1.000	0.000	0.000	0.000	0.000	0.000
YIL157C	1.000	0.000	0.000	0.000	0.000	0.000
YIL170W	1.000	0.000	0.000	0.000	0.000	0.000
YIR043C	1.000	0.000	0.000	0.000	0.000	0.000
YJL124C	0.000	0.000	0.000	1.000	0.000	0.000
YJL129C	1.000	0.000	0.000	0.000	0.000	0.000
YJL136C	1.000	0.000	0.000	0.000	0.000	0.000
YJL140W	0.000	0.000	0.000	1.000	0.000	0.000
YJR044C	1.000	0.000	0.000	0.000	0.000	0.000
YKL205W	0.000	0.000	0.000	1.000	0.000	0.000
YKR028W	1.000	0.000	0.000	0.000	0.000	0.000
YKR029C	1.000	0.000	0.000	0.000	0.000	0.000
YKR082W	0.000	0.000	0.000	1.000	0.000	0.000
YLL024C	1.000	0.000	0.000	0.000	0.000	0.000
YLL046C	1.000	0.000	0.000	0.000	0.000	0.000
YLR012C	1.000	0.000	0.000	0.000	0.000	0.000
YLR015W	1.000	0.000	0.000	0.000	0.000	0.000
YLR055C	1.000	0.000	0.000	0.000	0.000	0.000
YLR111W	1.000	0.000	0.000	0.000	0.000	0.000
YLR145W	0.000	0.000	0.000	1.000	0.000	0.000
YLR303W	1.000	0.000	0.000	0.000	0.000	0.000
YLR335W	1.000	0.000	0.000	0.000	0.000	0.000
YLR399C	1.000	0.000	0.000	0.000	0.000	0.000
YLR401C	0.000	0.000	0.000	0.000	0.000	0.000
YML002W	1.000	0.000	0.000	0.000	0.000	0.000
YML007W	1.000	0.000	0.000	0.000	0.000	0.000
YML035C	1.000	0.000	0.000	0.000	0.000	0.000
YML083C	1.000	0.000	0.000	0.000	0.000	0.000
YML111W	1.000	0.000	0.000	0.000	0.000	0.000
YMR060C	0.000	0.000	0.000	1.000	0.000	0.000
YMR088C	1.000	0.000	0.000	0.000	0.000	0.000
YMR254C	1.000	0.000	0.000	0.000	0.000	0.000
YNL052W	1.000	0.000	0.000	0.000	0.000	0.000
YNL056W	1.000	0.000	0.000	0.000	0.000	0.000
YNL099C	1.000	0.000	0.000	0.000	0.000	0.000
YNL107W	1.000	0.000	0.000	0.000	0.000	0.000
YNL119W	1.000	0.000	0.000	0.000	0.000	0.000
YNL121C	0.000	0.000	0.000	1.000	0.000	0.000
YNL130C	1.000	0.000	0.000	0.000	0.000	0.000
YNL136W	1.000	0.000	0.000	0.000	0.000	0.000
YNL265C	1.000	0.000	0.000	0.000	0.000	0.000
YNL323W	1.000	0.000	0.000	0.000	0.000	0.000
YNR014W	1.000	0.000	0.000	0.000	0.000	0.000
YNR015W	1.000	0.000	0.000	0.000	0.000	0.000
YOR061W	1.000	0.000	0.000	0.000	0.000	0.000
YOR072W	1.000	0.000	0.000	0.000	0.000	0.000
YOR186W	1.000	0.000	0.000	0.000	0.000	0.000
YOR355W	1.000	0.000	0.000	0.000	0.000	0.000
YOR371C	1.000	0.000	0.000	0.000	0.000	0.000
YPL090C	1.000	0.000	0.000	0.000	0.000	0.000
YPL195W	1.000	0.000	0.000	0.000	0.000	0.000
YPR106W	1.000	0.000	0.000	0.000	0.000	0.000